Backup ID, Logical chunk num, Unique chunk num, Base chunk num, Delta chunk num, Logical chunk size, Unique chunk size, Base chunk size, Delta chunk size, LZ4_save size, Delta_save size, 
0,349658,181563,75736,105827,2869463040,1586581660,333476492,89547347,310180881,853376940
1,700527,225166,84408,140758,5748879360,2005085802,370402791,123366437,342457479,1168859095
2,1048641,266111,89479,176632,8606402560,2401076896,390885200,163352052,361933236,1484906408
3,1400928,309641,99866,209775,11506227200,2823542516,437083916,194069159,396449284,1795940157
4,1749773,350273,104221,246052,14379182080,3221877633,453833052,226258279,412478923,2129307379
5,2102412,391624,108629,282995,17284945920,3626123370,470919008,258396506,429040304,2467767552
6,2454706,434179,112841,321338,20191088640,4041790630,486927603,300162850,444667498,2810032679
7,2812109,475940,122018,353922,23129180160,4435403046,523136287,340941734,476461622,3094863403
8,3167314,516183,126294,389889,26049710080,4815972298,540537656,376775073,492600230,3406059339
9,3522400,556670,130486,426184,28969748480,5198324110,557448404,406139205,508422362,3726314139
10,3874982,595347,133622,461725,31867842560,5565605388,570538139,433863634,520452547,4040751068
11,4227381,634533,137189,497344,34764001280,5937267741,585706541,461862648,534274359,4355424193
12,4585507,676861,141470,535391,37705349120,6332317969,602748786,492712902,549309920,4687546361
13,4940662,717180,144796,572384,40626268160,6713959396,616134482,527681241,561830218,5008313455
14,5298219,756126,147549,608577,43568435200,7082753289,627324113,555647686,572119671,5327661819
15,5655036,794396,149920,644476,46505267200,7445443641,636953051,587901564,581032543,5639556483
16,6017260,834554,154109,680445,49483950080,7823476615,652515239,629579541,596047185,5945334650
17,6381829,874758,157688,717070,52483553280,8201432140,665938340,641495821,608856263,6285141716
18,6746630,914145,160646,753499,55485675520,8572341154,678594217,693697416,620397335,6579652186
19,7108426,954067,163849,790218,58467983360,8948973987,690950955,728871493,632341576,6896809963
20,7464498,993174,166666,826508,61400565760,9319044274,701888646,744971955,642653575,7229530098
21,7815621,1032218,169825,862393,64291246080,9690481972,713356909,788154129,653784442,7535186492
22,8163270,1070694,172504,898190,67153766400,10057353438,724724302,803504972,664462673,7864661491
23,8509462,1109121,175025,934096,70005688320,10423757412,734893787,836241925,674231026,8178390674
24,8857126,1147034,177229,969805,72872611840,10785938053,744098831,865422729,682530668,8493885825
25,9205823,1184724,179082,1005642,75747768320,11145427019,751680876,884108869,689712725,8819924549
26,9553238,1223126,181634,1041492,78613667840,11511966758,762692738,919561343,700005104,9129707573
27,9900471,1260887,183834,1077053,81478348800,11872768927,771757856,967265724,708674169,9425071178
28,10248239,1299161,186245,1112916,84350238720,12237946237,781699453,964927198,717951394,9773368192
29,10596588,1337206,188266,1148940,87226378240,12600596594,789557434,1000610084,725623978,10084805098
30,10946481,1375853,190715,1185138,90117150720,12968055455,799688440,1030313301,735196139,10402857575
31,11291923,1413211,192562,1220649,92970352640,13325556050,807660201,1060734591,742618325,10714542933
32,11633491,1450134,194368,1255766,95788369920,13679895037,815312077,1107481839,749978614,11007122507
33,11980449,1491772,196983,1294789,98655385600,14076093037,825569473,1142027440,759563963,11348932161
34,12328874,1532659,199634,1333025,101536942080,14465034928,835832997,1153228256,769302287,11706671388
35,12678852,1573224,202916,1370308,104431165440,14850849290,847541903,1228578187,780619648,11994109552
36,13027926,1613137,205948,1407189,107317770240,15231135114,859641102,1251632504,791779816,12328081692
37,13379379,1652971,209069,1443902,110227466240,15609136396,872718077,1287171959,803848136,12645398224
38,13728163,1691563,211406,1480157,113113917440,15977195134,882027600,1294659791,812597790,12987909953
39,14076885,1730035,213888,1516147,116000757760,16345283035,891857483,1345189750,821938057,13286297745
40,14428208,1769259,216465,1552794,118909593600,16718145370,901946854,1349282333,831859344,13635056839
41,14776888,1807925,218955,1588970,121795717120,17086806716,911995737,1412804309,841400969,13920605701
42,15125521,1846954,221382,1625572,124680949760,17458129194,921693668,1436850010,850634980,14248950536
43,15474430,1885464,223976,1661488,127569377280,17824633621,931968133,1494141760,860324706,14538199022
44,15821608,1923538,226147,1697391,130441646080,18187892099,941039726,1484655539,868615178,14893581656
45,16170670,1961503,228216,1733287,133332664320,18550291606,949694839,1554268545,876628301,15169699921
46,16521828,1999608,230248,1769360,136244039680,18912830265,957698532,1555342167,884258210,15515531356
47,16873063,2038050,232878,1805172,139155404800,19278065298,968044495,1578858072,894344751,15836817980
48,17225102,2076957,235258,1841699,142071173120,19646653058,977213149,1641894167,903357999,16124187743
49,17574419,2115318,237392,1877926,144962355200,20012221789,985828300,1684959063,911629596,16429804830
50,17926301,2154337,239755,1914582,147876433920,20382505558,995138382,1718318304,920609114,16748439758
51,18271894,2192243,242004,1950239,150738626560,20744929295,1004373523,1700406333,929181144,17110968295
52,18617702,2229865,243969,1985896,153603604480,21104158522,1012539257,1732404978,936768617,17422445670
53,18965640,2267172,246291,2020881,156488765440,21459879139,1022986276,1756528073,946132836,17734231954
54,19314713,2305354,248492,2056862,159383644160,21823151729,1032217621,1785409205,954897807,18050627096
55,19663418,2344057,250952,2093105,162274867200,22191381180,1042406114,1880147421,964516898,18304310747
56,20013675,2383448,253466,2129982,165181665280,22565614286,1052747199,1881654197,974491516,18656721374
57,20362245,2421236,255396,2165840,168073625600,22926259665,1060501320,1943540489,981933859,18940283997
58,20711122,2460140,257632,2202508,170970521600,23297321455,1069618700,1892746020,990702765,19344253970
59,21060301,2497568,259834,2237734,173870110720,23653978445,1078711895,1963795029,999225177,19612246344
60,21409582,2535174,261595,2273579,176770754560,24012391341,1085770950,2041063367,1006090226,19879466798
61,21758839,2573456,263914,2309542,179671726080,24376710915,1094948411,1978062702,1015016413,20288683389
62,22110179,2612534,266579,2345955,182588170240,24746247844,1105770602,2085757964,1025487148,20529232130
63,22458283,2651107,268732,2382375,185476454400,25113522953,1114433542,2057323433,1033998195,20907767783
64,22807536,2689545,270844,2418701,188373995520,25479224907,1123222970,2152805708,1042355377,21160840852
65,23153242,2727239,272587,2454652,191239946240,25840016130,1130678694,2201142245,1049361116,21458834075
66,23501375,2764639,274188,2490451,194128947200,26197711913,1137472826,2140236430,1055700666,21864301991
67,23849800,2802055,277326,2524729,197020743680,26555483219,1147701724,2202264109,1065153788,22140363598
68,24197521,2840113,279566,2560547,199907051520,26919495546,1157554379,2250449231,1074117301,22437374635
69,24546857,2878491,281577,2596914,202809763840,27285992635,1165880037,2298474792,1082421304,22739216502
70,24897909,2916854,283509,2633345,205728215040,27651087447,1173916502,2261717414,1090206210,23125247321
71,25251386,2955664,285638,2670026,208668569600,28019890005,1182350196,2344462653,1098443267,23394633889
72,25602695,2993999,287519,2706480,211589539840,28385267946,1189982261,2340562280,1105733997,23748989408
73,25952879,3031642,289361,2742281,214500464640,28744357655,1197496154,2391474238,1112744391,24042642872
74,26306780,3069665,291401,2778264,217447301120,29106010902,1205917366,2438063763,1120636970,24341392803
75,26661969,3108343,293960,2814383,220407265280,29473586437,1215803477,2525248486,1130275440,24602259034
76,27016854,3147052,297533,2849519,223364904960,29841213287,1227740931,2424445214,1141513045,25047514097
77,27372834,3185939,299554,2886385,226333276160,30210618529,1236179694,2577016369,1149722875,25247699591
78,27727488,3224888,301610,2923278,229288622080,30580456393,1244254319,2499258516,1157691326,25679252232
79,28083712,3263563,303792,2959771,232259921920,30947402258,1252649834,2549616586,1166053719,25979082119
80,28435875,3301590,305748,2995842,235194050560,31309801095,1260396282,2674889304,1173521677,26200993832
81,28788926,3339470,307390,3032080,238136698880,31670932755,1267295055,2610321213,1180068063,26613248424
82,29143842,3378802,310589,3068213,241094256640,32043527381,1280933846,2717098077,1191756958,26853738500
83,29499437,3417432,312671,3104761,244057620480,32411265351,1289532629,2704047983,1200183161,27217501578
84,29855034,3456001,314771,3141230,247020236800,32778427332,1298283425,2720140832,1208545846,27551457229
