Backup ID, FPindex, SFindex, Deltaindex
0,14525040,13370624,3683936
1,18013280,14899584,4972928
2,21288880,15751936,6236768
3,24771280,17616896,7337120
4,28021840,18377280,8674112
5,31329920,19143744,9916864
6,34734320,19870208,11192096
7,38075200,21288192,12282496
8,41294640,22032832,13552000
9,44533600,22727552,14778592
10,47627760,23239104,15974720
11,50762640,23791360,17164992
12,54148880,24507008,18431456
13,57374400,25067392,19662304
14,60490080,25520128,20866784
15,63551680,25887040,22059936
16,66764320,26456640,23263712
17,69980640,26975296,24485952
18,73131600,27431488,25702048
19,76325360,27902528,26921696
20,79453920,28364672,28128224
21,82577440,28786048,29318944
22,85655520,29227648,30503360
23,88729680,29647552,31692288
24,91762720,30000704,32873472
25,94777920,30288128,34052384
26,97850080,30659520,35236544
27,100870960,31014208,36407008
28,103932880,31390528,37589184
29,106976480,31706304,38773856
30,110068240,32076544,39969408
31,113056880,32362688,41138560
32,116010720,32631424,42288288
33,119341760,33038080,43585984
34,122612720,33449664,44853120
35,125857920,33863744,46097088
36,129050960,34317248,47330048
37,132237680,34820544,48554208
38,135325040,35197312,49758048
39,138402800,35589312,50951456
40,141540720,36001984,52165312
41,144634000,36404032,53366208
42,147756320,36784704,54579712
43,150837120,37189952,55769760
44,153883040,37522304,56958880
45,156920240,37842880,58144960
46,159968640,38146176,59334336
47,163044000,38559424,60518400
48,166156560,38932928,61722592
49,169225440,39277248,62921632
50,172346960,39659456,64136192
51,175379440,40006912,65312544
52,178389200,40305984,66490304
53,181373760,40631488,67646880
54,184428320,40968512,68829920
55,187524560,41368384,70021376
56,190675840,41752320,71234272
57,193698880,42039872,72415936
58,196811200,42404800,73621248
59,199805440,42697344,74785856
60,202813920,42956672,75962240
61,205876480,43301120,77141952
62,209002720,43709888,78345184
63,212088560,44048000,79542016
64,215163600,44376256,80735104
65,218179120,44628032,81913664
66,221171120,44873600,83087200
67,224164400,45121216,84210208
68,227209040,45453952,85383296
69,230279280,45755712,86575104
70,233348320,46061696,87770592
71,236453120,46389312,88975456
72,239519920,46679552,90170304
73,242531360,46972288,91344896
74,245573200,47266688,92525184
75,248667440,47601664,93714880
76,251764160,47911168,94870400
77,254875120,48234944,96077888
78,257991040,48566848,97287200
79,261085040,48919744,98484320
80,264127200,49181888,99667488
81,267157600,49440768,100855648
82,270304160,49816320,102045760
83,273394560,50117696,103245376
84,276480080,50443200,104442016
