Backup ID, Online Delta_save, Offline Delta_save, Offline delta time, Offline dedelta time, Offline delete time, Offline Delta chunk num
0,88882348,764494592,105507,10839,201,94668
1,252187839,916671256,176249,64280,397,111969
2,530834252,954072156,250397,133142,584,117255
3,770685394,1025254763,359833,235035,829,124798
4,1018513049,1110794330,485812,351519,1093,134293
5,1326180902,1141586650,610795,472867,1344,137928
6,1589368462,1220664217,771358,623406,1651,147952
7,1817113181,1277750222,921010,765570,1981,155440
8,2046084878,1359974461,1093153,927883,2336,165270
9,2281019353,1445294786,1270549,1095688,2726,174861
10,2537069590,1503681478,1447696,1266389,3097,181307
11,2772270377,1583153816,1652597,1462406,3510,190191
12,3020619019,1666927342,1874822,1675005,3965,199817
13,3258090248,1750223207,2107093,1897368,4426,209725
14,3523649548,1804012271,2320962,2105164,4867,215798
15,3762674423,1876882060,2566592,2342183,5350,224409
16,3986445217,1958889433,2816271,2581429,5911,234842
17,4210690197,2074451519,3075710,2830067,6481,245643
18,4430012847,2149639339,3362607,3105855,7045,256752
19,4640463847,2256346116,3648524,3379412,7658,269112
20,4853790463,2375739635,3950772,3669713,8291,281059
21,5033875147,2501311345,4258262,3962010,8955,296252
22,5247176117,2617485374,4578441,4270900,9630,307541
23,5480830095,2697560579,4912275,4595180,10267,317095
24,5746754126,2747131699,5194874,4871955,10909,322919
25,5992415483,2827509066,5516555,5185646,11563,330909
26,6229749962,2899957611,5882076,5542232,12302,339844
27,6453682374,2971388804,6285114,5935168,13031,349946
28,6715662474,3057705718,6615920,6259633,13779,356287
29,6956250391,3128554707,6992271,6627123,14579,365148
30,7195502140,3207355435,7376788,7002526,15391,374262
31,7445952129,3268590804,7756690,7375082,16222,381608
32,7694958449,3312164058,8146683,7758104,16986,388579
33,7910348446,3438583715,8630036,8226986,18050,403050
34,8116884007,3589787381,9121973,8704295,19084,417678
35,8289643428,3704466124,9637871,9202570,20191,435301
36,8492938102,3835143590,10063060,9614320,21188,448740
37,8671202741,3974195483,10573238,10108390,22307,464848
38,8872361893,4115548060,11113332,10635335,23383,477997
39,9094495687,4191802058,11593280,11104369,24412,488911
40,9326121447,4308935392,12065161,11565937,25472,499224
41,9561793178,4358812523,12518296,12009615,26487,508681
42,9781376268,4467574268,13026308,12506043,27595,520265
43,10001965052,4536233970,13522053,12991023,28641,531030
44,10207427979,4686153677,14043192,13499838,29779,543354
45,10443132540,4726567381,14528894,13976367,30824,552527
46,10651664554,4863866802,15066268,14501696,31968,564572
47,10881768829,4955049151,15571468,14997328,33075,574140
48,11099681015,5024506728,16124149,15538341,34194,585808
49,11337975666,5091829164,16651955,16056913,35342,595042
50,11561646960,5186792798,17204875,16598953,36550,605922
51,11788738303,5322229992,17806680,17190895,37689,615785
52,12018986768,5403458902,18420351,17795073,38846,625278
53,12264762801,5469469153,19013437,18380918,39948,632519
54,12502608798,5548018298,19618208,18976728,41016,641480
55,12755393939,5548916808,20230271,19581035,42164,649236
56,12993700600,5663020774,20798189,20139251,43360,658938
57,13235706837,5704577160,21430337,20763054,44469,667283
58,13489659100,5854594870,22071157,21396009,45675,675148
59,13704176730,5908069614,22764618,22078581,46927,686037
60,13943623497,5935843301,23434015,22739279,48045,694736
61,14186767636,6101915753,24080743,23377774,49111,702969
62,14430724603,6098507527,24779415,24067539,50296,711876
63,14672401801,6235365982,25481356,24760436,51545,720920
64,14917246905,6243593947,26099535,25369964,52726,729571
65,15161782686,6297051389,26806759,26068914,53896,737845
66,15410393079,6453908912,27511787,26766326,55093,745461
67,15645352379,6495011219,28240322,27486308,56263,754014
68,15906033144,6531341491,28936640,28176182,57435,760458
69,16146684530,6592531972,29606117,28836553,58712,769564
70,16400702072,6724545249,30342870,29565697,60034,777173
71,16637014114,6757619775,31128616,30341446,61346,787170
72,16871578697,6877410711,31949862,31152941,62651,796921
73,17129910205,6912732667,32672705,31869247,63869,803458
74,17358897308,6982495495,33507672,32694297,65270,813375
75,17560654682,7041604352,34351249,33524976,66776,826273
76,17758817266,7288696831,35209598,34370420,68144,839178
77,18026595534,7221104057,35959941,35114026,69426,845915
78,18270560673,7408691559,36798524,35943397,70855,855127
79,18517425764,7461656355,37524243,36660582,72148,863661
80,18738637764,7462356068,38300388,37425850,73489,874538
81,18979250833,7633997591,39087428,38204078,74888,883350
82,19172814600,7680923900,39902364,39005144,76522,897220
83,19349606867,7867894711,40929430,40016214,78132,913216
84,19603779401,7947677828,41635975,40715068,79419,920907
