BackupID, OnlineSpeed(MB/s), Encalve ProcessTime(s), BackupSize, OnlineSize, OfflineSize, OfflineTime(s)
0, 149.494, 18.3053, 2869463040, 793997437, 423023839, 178.224
1, 212.818, 12.9032, 2879416320, 574400394, 493769228, 72.6033
2, 241.913, 11.265, 2857523200, 570097584, 554237252, 60.0439
3, 197.05, 14.0345, 2899824640, 669917389, 631153075, 83.3893
4, 218.011, 12.5676, 2872954880, 726025068, 680091331, 96.7465
5, 225.776, 12.2739, 2905763840, 744797577, 729315514, 91.3876
6, 220.607, 12.5631, 2906142720, 824500580, 787090453, 118.682
7, 199.507, 14.0446, 2938091520, 889582443, 864078021, 110.264
8, 214.237, 13.0007, 2920529920, 958957648, 917312729, 126.718
9, 213.248, 13.0588, 2920038400, 1009198455, 963587609, 130.37
10, 216.172, 12.7854, 2898094080, 1036192642, 1004401773, 127.688
11, 209.953, 13.1553, 2896158720, 1090929245, 1047569189, 146.599
12, 196.298, 14.2899, 2941347840, 1139433663, 1095461688, 157.977
13, 203.084, 13.7165, 2920919040, 1185958232, 1143815723, 164.439
14, 198.589, 14.1291, 2942167040, 1212303620, 1182971799, 150.043
15, 200.086, 13.9979, 2936832000, 1262442713, 1224854615, 171.278
16, 195.857, 14.5039, 2978682880, 1320523243, 1282094780, 175.729
17, 192.156, 14.8871, 2999603200, 1377911763, 1307434161, 183.036
18, 193.375, 14.8056, 3002122240, 1401024991, 1372291633, 198.114
19, 191.845, 14.8253, 2982307840, 1475646187, 1419822448, 202.475
20, 190.97, 14.6449, 2932582400, 1517128299, 1446860601, 209.487
21, 190.829, 14.4462, 2890680320, 1563114856, 1501511038, 217.407
22, 184.63, 14.7859, 2862520320, 1597158756, 1528229274, 222.661
23, 188.115, 14.4582, 2851921920, 1612362023, 1571135712, 226.853
24, 193.37, 14.1393, 2866923520, 1634864051, 1609521560, 193.886
25, 187.657, 14.6116, 2875156480, 1683557276, 1635789745, 219.749
26, 193.989, 14.0892, 2865899520, 1717240640, 1682254081, 247.764
27, 189.565, 14.4118, 2864680960, 1768868394, 1739023580, 273.817
28, 186.971, 14.6485, 2871889920, 1807042065, 1746626651, 226.092
29, 186.597, 14.6996, 2876139520, 1824117377, 1790167518, 254.826
30, 189.566, 14.543, 2890772480, 1871501970, 1830001741, 260.914
31, 184.881, 14.7177, 2853201920, 1899008614, 1868394792, 255.811
32, 183.733, 14.627, 2818017280, 1937291903, 1922793916, 263.043
33, 182.349, 14.9943, 2867015680, 2034700718, 1967596913, 326.731
34, 188.444, 14.5829, 2881556480, 2079609338, 1989061253, 335.719
35, 190.28, 14.5057, 2894223360, 2118746723, 2076120090, 350.659
36, 192.747, 14.2824, 2886604800, 2186016278, 2111273606, 295.79
37, 191.603, 14.4826, 2909696000, 2232070802, 2159890036, 345.794
38, 191.419, 14.3807, 2886451200, 2264033330, 2176687391, 366.125
39, 194.087, 14.1849, 2886840320, 2268622851, 2237047233, 327.514
40, 187.569, 14.7897, 2908835840, 2326046027, 2251229187, 319.689
41, 186.313, 14.7731, 2886123520, 2335444866, 2324800046, 311.03
42, 188.101, 14.6282, 2885232640, 2419921717, 2358543678, 341.92
43, 187.375, 14.7011, 2888427520, 2451028681, 2426109893, 335.044
44, 186.685, 14.6729, 2872268800, 2524462670, 2425695265, 351.942
45, 185.917, 14.8297, 2891018240, 2506998672, 2503963384, 330.024
46, 186.912, 14.8546, 2911375360, 2600548377, 2513040699, 360.353
47, 187.519, 14.8064, 2911365120, 2598360201, 2546902567, 340.45
48, 184.984, 15.032, 2915768320, 2640602138, 2619107316, 373.586
49, 183.856, 14.9967, 2891182080, 2700807705, 2670787363, 354.678
50, 180.888, 15.3635, 2914078720, 2763380943, 2713456686, 374.125
51, 187.085, 14.5902, 2862192640, 2799697980, 2704779856, 401.348
52, 185.256, 14.7485, 2864977920, 2786791808, 2744944235, 412.725
53, 186.79, 14.7304, 2885160960, 2815984572, 2779514349, 398.389
54, 184.826, 14.9371, 2894878720, 2859597167, 2817626826, 407.337
55, 181.914, 15.1571, 2891223040, 2891675123, 2922553535, 408.641
56, 186.366, 14.8747, 2906798080, 3008432293, 2934401396, 380.351
57, 181.6, 15.1871, 2891960320, 3010661970, 3004041809, 422.528
58, 186.942, 14.7784, 2896896000, 3079378641, 2962364720, 428.593
59, 186.153, 14.8548, 2899589120, 3051859055, 3042506924, 459.992
60, 182.603, 15.1491, 2900643840, 3118507784, 3126834317, 447.218
61, 186.216, 14.8569, 2900971520, 3204756203, 3073011113, 434.716
62, 181.275, 15.3432, 2916444160, 3151780242, 3191528566, 464.558
63, 185.628, 14.8387, 2888284160, 3271579640, 3171756975, 467.095
64, 182.449, 15.1457, 2897541120, 3248734528, 3276028678, 411.155
65, 182.212, 15, 2865950720, 3351074678, 3331820939, 469.103
66, 183.743, 14.9946, 2889000960, 3403267089, 3277709256, 468.205
67, 183.344, 15.0418, 2891796480, 3355758563, 3349965833, 485.314
68, 182.859, 15.0531, 2886307840, 3417473048, 3408003610, 464.363
69, 180.495, 15.3369, 2902712320, 3487459842, 3464354829, 442.363
70, 183.626, 15.1572, 2918451200, 3535932740, 3435633916, 487.147
71, 181.004, 15.4921, 2940354560, 3518606814, 3526812849, 519.729
72, 180.979, 15.3921, 2920970240, 3609850410, 3530544541, 543.365
73, 185.955, 14.9287, 2910924800, 3597159179, 3588970392, 484.102
74, 185.916, 15.1161, 2946836480, 3673445465, 3643981129, 547.429
75, 180.056, 15.6775, 2959964160, 3747274188, 3741051963, 552.991
76, 177.418, 15.8982, 2957639680, 3845378021, 3652186145, 568.431
77, 186.046, 15.2159, 2968371200, 3717716963, 3813196063, 502.305
78, 184.819, 15.2497, 2955345920, 3893089007, 3743512835, 552.299
79, 185.41, 15.2832, 2971299840, 3820142644, 3802266420, 481.28
80, 181.458, 15.4207, 2934128640, 3890952216, 3935285586, 513.305
81, 178.896, 15.6869, 2942648320, 4013458862, 3877616268, 520.185
82, 183.426, 15.377, 2957557760, 3987878343, 3998031923, 541.089
83, 184.979, 15.2779, 2963363840, 4114240667, 3993580612, 674.259
84, 184.49, 15.3145, 2962616320, 4066908780, 4018424257, 476.435
