Backup ID, Ecall, Inline_Ocall, Offline_Ocall, _Inline_FPOcall, _Inline_SFOcall, _Inline_LocalOcall, _Inline_LoadOcall, _Inline_DeltaOcall, _Inline_RecipeOcall, _Inline_Write_ContainerOcall, _inline_have_similar_chunk_num, _inline_need_load_container_num
0,2734,11694,613350,2732,2732,2282,3157,450,341,203,110091,34569,
1,5478,24430,1072193,5474,5474,3370,7325,2104,683,243,145685,53421,
2,8200,35873,1547988,8194,8194,3658,10269,4536,1022,265,182237,67717,
3,10955,49424,2182058,10947,10947,4161,15217,6786,1366,297,215968,83765,
4,13683,61654,2896664,13673,13673,4726,18929,8947,1706,324,252434,100009,
5,16440,73639,3614782,16428,16428,4936,22305,11492,2050,344,289824,114855,
6,19195,85785,4493162,19181,19181,5483,25848,13698,2394,371,328396,131143,
7,21990,100786,5362546,21974,21974,5972,32121,16002,2743,399,362752,147537,
8,24768,113492,6322174,24750,24750,6580,36153,18170,3089,425,398911,164438,
9,27545,126395,7327117,27525,27525,7187,40385,20338,3435,451,435571,181452,
10,30302,139079,8322049,30280,30280,7605,44460,22675,3779,472,471485,197493,
11,33058,152273,9449923,33034,33034,8156,49048,24878,4123,496,507644,214186,
12,35858,166117,10671999,35832,35832,8758,54149,27074,4472,521,545945,231598,
13,38635,179193,11936814,38607,38607,9341,58554,29266,4818,546,583082,248565,
14,41431,192965,13123723,41401,41401,9716,63595,31685,5167,566,619540,264577,
15,44221,206753,14442591,44189,44189,10267,68671,33922,5515,588,655683,281527,
16,47053,221370,15861766,47019,47019,10972,74445,36047,5868,614,692471,299484,
17,49904,235837,17329940,49868,49868,11695,80009,38173,6224,640,729657,317669,
18,52757,250460,18878256,52718,52718,12453,85725,40266,6580,666,766545,336005,
19,55586,264601,20490352,55545,55545,13252,91032,42294,6933,694,803634,354496,
20,58370,278673,22158479,58327,58327,14029,96411,44299,7280,721,840130,372729,
21,61116,292540,23871466,61071,61071,15014,101704,46058,7622,753,876289,391540,
22,63835,306611,25659974,63787,63787,15728,107287,48061,7961,780,912332,409205,
23,66542,320492,27469533,66492,66492,16325,112715,50169,8299,804,948428,426132,
24,69261,334217,29128966,69209,69209,16684,117950,52527,8638,823,984395,441545,
25,71988,348388,30899747,71934,71934,17188,123606,54748,8978,844,1020417,458124,
26,74705,362256,32923729,74649,74649,17715,128990,56936,9317,867,1056674,474499,
27,77420,376123,35047104,77362,77362,18329,134379,59035,9656,892,1092399,491373,
28,80139,390255,36968809,80079,80079,18693,140021,61388,9995,912,1128601,507066,
29,82863,404478,39078439,82801,82801,19230,145738,63573,10335,934,1164793,523633,
30,85599,418576,41226556,85535,85535,19783,151293,65754,10676,957,1201242,540375,
31,88300,432844,43388708,88234,88234,20267,157127,67969,11013,977,1236942,556696,
32,90971,446767,45548222,90903,90903,20692,162710,70213,11346,997,1272370,572412,
33,93684,460644,48191286,93614,93614,21513,168116,72103,11684,1027,1311517,590334,
34,96409,474286,50868020,96337,96337,22406,173249,73933,12024,1057,1349871,608863,
35,99146,487918,53683787,99072,99072,23533,178335,75541,12365,1092,1387400,628464,
36,101876,501510,56140605,101800,101800,24359,183403,77443,12705,1122,1424610,646606,
37,104624,515205,58923579,104546,104546,25398,188517,79150,13048,1154,1461604,665755,
38,107351,528901,61828950,107271,107271,26239,193698,81034,13388,1182,1498040,683761,
39,110078,542515,64519523,109996,109996,26917,198797,83081,13728,1208,1534258,700927,
40,112825,556657,67205611,112741,112741,27562,204361,85181,14071,1233,1571097,718398,
41,115552,570754,69809578,115466,115466,28125,209943,87343,14411,1257,1607501,734974,
42,118278,584667,72627022,118190,118190,28839,215344,89353,14751,1284,1644269,752594,
43,121006,598644,75395360,120916,120916,29516,220803,91402,15091,1310,1680358,769907,
44,123721,612606,78298262,123629,123629,30326,226287,93305,15430,1337,1716438,787975,
45,126451,626736,81043608,126357,126357,30891,231893,95468,15770,1360,1752533,804710,
46,129197,640942,84002918,129101,129101,31679,237525,97424,16112,1387,1788743,822621,
47,131944,655052,86867894,131846,131846,32305,243057,99543,16455,1411,1824815,839888,
48,134697,669251,89911772,134597,134597,33033,248660,101566,16798,1437,1861476,857448,
49,137429,683408,92895557,137327,137327,33601,254286,103728,17139,1460,1897835,874448,
50,140181,697891,96009690,140077,140077,34272,260176,105807,17482,1486,1934596,891835,
51,142883,711660,99277015,142777,142777,34851,265508,107928,17819,1510,1970483,908420,
52,145587,725828,102586270,145479,145479,35449,271233,110032,18156,1533,2006320,925251,
53,148308,740269,105826797,148198,148198,35918,277178,112282,18495,1553,2041755,941594,
54,151038,754608,109090526,150926,150926,36453,282993,114475,18835,1576,2077977,958339,
55,153765,769024,112442020,153651,153651,36919,288894,116734,19175,1597,2114397,974455,
56,156504,783379,115610902,156388,156388,37513,294696,118877,19517,1621,2151530,991717,
57,159230,797880,119017469,159112,159112,38043,300685,121071,19857,1642,2187601,1008366,
58,161958,811857,122527966,161838,161838,38479,306144,123361,20197,1664,2224419,1024615,
59,164688,826263,126240321,164566,164566,39192,312026,125376,20537,1689,2259970,1042101,
60,167419,840662,129791341,167295,167295,39759,317897,127538,20878,1711,2295993,1059262,
61,170150,854989,133253208,170024,170024,40231,323696,129795,21219,1734,2332283,1075471,
62,172897,869752,136975156,172769,172769,40792,329881,131979,21562,1757,2368972,1092449,
63,175619,883830,140766610,175489,175489,41332,335460,134159,21901,1780,2405552,1109107,
64,178350,898283,144201600,178218,178218,41836,341385,136384,22242,1802,2442094,1125432,
65,181053,912631,147948532,180919,180919,42343,347293,138578,22579,1823,2478245,1141817,
66,183775,926851,151709651,183639,183639,42806,353014,140835,22918,1843,2514213,1158175,
67,186500,941203,155545536,186362,186362,43327,358857,143037,23258,1866,2550197,1174752,
68,189219,955772,159273718,189079,189079,43685,364936,145396,23597,1886,2586440,1190351,
69,191951,970465,162909305,191809,191809,44240,371098,147571,23938,1909,2623013,1207243,
70,194696,985132,166879293,194552,194552,44713,377194,149841,24280,1930,2659600,1223746,
71,197460,999600,171030220,197314,197314,45312,383031,152004,24625,1954,2696423,1240754,
72,200207,1014190,175287859,200059,200059,45916,389043,154145,24968,1978,2732998,1257922,
73,202945,1028496,179206248,202795,202795,46301,394800,156496,25309,1997,2769018,1273988,
74,205712,1043153,183557528,205560,205560,46927,400817,158635,25654,2021,2805242,1291215,
75,208489,1058084,188000606,208335,208335,47761,407077,160576,26000,2050,2841660,1309710,
76,211264,1072938,192430284,211108,211108,48582,413266,162528,26346,2078,2878512,1328099,
77,214048,1087545,196474313,213890,213890,48981,419180,164911,26693,2097,2915559,1344395,
78,216821,1102087,200909738,216661,216661,49558,425063,167105,27039,2119,2952559,1361479,
79,219606,1116715,204882267,219444,219444,50048,430995,169398,27386,2141,2989211,1378098,
80,222360,1131473,209017571,222196,222196,50738,437154,171460,27729,2166,3025553,1395721,
81,225121,1146382,213217088,224955,224955,51294,443442,173663,28073,2188,3061932,1412814,
82,227896,1160895,217680683,227728,227728,52191,449290,175539,28419,2218,3098740,1431642,
83,230677,1175346,222815910,230507,230507,53251,455057,177258,28766,2249,3135489,1451096,
84,233458,1189849,226776856,233286,233286,53705,460876,179583,29113,2270,3172246,1467752,
