Backup ID, Logical chunk num, Unique chunk num, Base chunk num, Delta chunk num, Logical chunk size, Unique chunk size, Base chunk size, Delta chunk size, LZ4_save size, Delta_save size, 
0,598076,118229,115014,3215,8588886016,1032135022,626859903,3675326,371663609,29936184
1,1195194,131087,125848,5239,17177772032,1171401480,680820127,7561335,431735347,51284671
2,1791173,149943,142580,7363,25766658048,1368358678,771477491,12338176,512369329,72173682
3,2386184,164814,155859,8955,34355544064,1528865472,838641162,16256823,586640995,87326492
4,2980525,182825,172261,10564,42944430080,1719207135,927972728,20324528,668565386,102344493
5,3572942,204438,192149,12289,51533316096,1951922178,1032263172,25149657,777798006,116711343
6,4164755,221561,207808,13753,60122202112,2137587443,1113217952,28781643,865131436,130456412
7,4755932,242885,227525,15360,68711088128,2361052678,1220603953,33133389,963623058,143692278
8,5346585,262903,245906,16997,77299974144,2573569874,1317661901,37101727,1061039292,157766954
9,5936829,281759,263302,18457,85888860160,2774054407,1408994140,40400935,1154117949,170541383
10,6526705,307464,287173,20291,94477746176,3045410776,1534322817,45066541,1282493710,183527708
11,7117376,326216,304470,21746,103066632192,3242865686,1626836975,48528461,1372582147,194918103
12,7708121,347836,324511,23325,111655518208,3473193093,1732811080,52363264,1480474183,207544566
13,8299588,374837,349647,25190,120244404224,3759205714,1867383247,57170690,1612890422,221761355
14,8891445,396422,369697,26725,128833290240,3992611430,1973897305,60965916,1722551415,235196794
15,9483489,417887,389781,28106,137422176256,4224877819,2078797786,64389472,1834634901,247055660
16,10077606,443648,413995,29653,146011062272,4498147302,2211378285,68447820,1958982744,259338453
17,10672558,470248,439081,31167,154599948288,4782863934,2345597894,72425947,2093198783,271641310
18,11268152,494813,462298,32515,163188834304,5047681626,2471041208,75856089,2217792641,282991688
19,11865051,517318,483463,33855,171777720320,5289461317,2584450148,79580871,2332464362,292965936
20,12462550,542802,507418,35384,180366606336,5563245113,2712214663,83593645,2462709206,304727599
21,13060779,568100,531257,36843,188955492352,5836765923,2840189229,87312850,2593298431,315965413
22,13661032,598836,560461,38375,197544378368,6163336318,3000366368,91459273,2743998391,327512286
23,14263100,625524,585735,39789,206133264384,6450494513,3136501416,95426230,2880231679,338335188
24,14866184,651870,610641,41229,214722150400,6735758417,3268588835,99394288,3018511375,349263919
25,15472152,686885,644054,42831,223311036416,7109281814,3451087318,104050885,3193705942,360437669
26,16079762,719004,674529,44475,231899922432,7452798290,3615289837,109113181,3357103136,371292136
27,16689366,753044,707002,46042,240488808448,7818860463,3791211957,113875012,3531974734,381798760
28,17301791,788203,740542,47661,249077694464,8196526159,3972730987,118809827,3712502507,392482838
29,17916474,824183,774800,49383,257666580480,8581486572,4158478498,124123894,3895853619,403030561
