Backup ID, FPindex, SFindex, Deltaindex
0,9458320,21628864,0
1,10486960,23621696,0
2,11995440,26703232,0
3,13185120,29101760,0
4,14626000,32062080,0
5,16355040,35673792,0
6,17724880,38454784,0
7,19430800,42027200,0
8,21032240,45316736,0
9,22540720,48412864,0
10,24597120,52733568,0
11,26097280,55821056,0
12,27826880,59412480,0
13,29986960,63969856,0
14,31713760,67545408,0
15,33430960,71117376,0
16,35491840,75470272,0
17,37619840,79990336,0
18,39585040,84142272,0
19,41385440,87933056,0
20,43424160,92234496,0
21,45448000,96495232,0
22,47906880,101771264,0
23,50041920,106311872,0
24,52149600,110768000,0
25,54950800,116827200,0
26,57520320,122359424,0
27,60243520,128223232,0
28,63056240,134292672,0
29,65934640,140512384,0
