Backup ID, Online Delta_save, Offline Delta_save, Offline delta time, Offline dedelta time, Offline delete time, Offline Delta chunk num
0,29936184,0,0,0,0,0
1,51284671,0,0,0,0,0
2,72173682,0,0,0,0,0
3,87326492,0,0,0,0,0
4,102344493,0,0,0,0,0
5,116711343,0,0,0,0,0
6,130456412,0,0,0,0,0
7,143692278,0,0,0,0,0
8,157766954,0,0,0,0,0
9,170541383,0,0,0,0,0
10,183527708,0,0,0,0,0
11,194918103,0,0,0,0,0
12,207544566,0,0,0,0,0
13,221761355,0,0,0,0,0
14,235196794,0,0,0,0,0
15,247055660,0,0,0,0,0
16,259338453,0,0,0,0,0
17,271641310,0,0,0,0,0
18,282991688,0,0,0,0,0
19,292965936,0,0,0,0,0
20,304727599,0,0,0,0,0
21,315965413,0,0,0,0,0
22,327512286,0,0,0,0,0
23,338335188,0,0,0,0,0
24,349263919,0,0,0,0,0
25,360437669,0,0,0,0,0
26,371292136,0,0,0,0,0
27,381798760,0,0,0,0,0
28,392482838,0,0,0,0,0
29,403030561,0,0,0,0,0
