BackupID, OnlineSpeed(MB/s), Encalve ProcessTime(s), BackupSize, OnlineSize, OfflineSize, OfflineTime(s)
0, 464.141, 17.6476, 8588886016, 630535229, 630535229, 2e-05
1, 753.156, 10.8756, 8588886016, 688381462, 688381462, 2.1e-05
2, 712.511, 11.496, 8588886016, 783815667, 783815667, 2.5e-05
3, 743.313, 11.0196, 8588886016, 854897985, 854897985, 2e-05
4, 726.064, 11.2814, 8588886016, 948297256, 948297256, 1.8e-05
5, 680.642, 12.0342, 8588886016, 1057412829, 1057412829, 1.9e-05
6, 726.662, 11.2721, 8588886016, 1141999595, 1141999595, 1.9e-05
7, 714.082, 11.4707, 8588886016, 1253737342, 1253737342, 2.1e-05
8, 720.973, 11.361, 8588886016, 1354763628, 1354763628, 1.9e-05
9, 722.356, 11.3393, 8588886016, 1449395075, 1449395075, 1.9e-05
10, 692.877, 11.8217, 8588886016, 1579389358, 1579389358, 2e-05
11, 721.994, 11.345, 8588886016, 1675365436, 1675365436, 1.9e-05
12, 692.348, 11.8308, 8588886016, 1785174344, 1785174344, 2.1e-05
13, 662.504, 12.3637, 8588886016, 1924553937, 1924553937, 2.1e-05
14, 699.34, 11.7125, 8588886016, 2034863221, 2034863221, 2e-05
15, 671.166, 12.2041, 8588886016, 2143187258, 2143187258, 2.3e-05
16, 670.08, 12.2239, 8588886016, 2279826105, 2279826105, 2.1e-05
17, 646.503, 12.6697, 8588886016, 2418023841, 2418023841, 2.1e-05
18, 633.323, 12.9334, 8588886016, 2546897297, 2546897297, 2.8e-05
19, 693.362, 11.8135, 8588886016, 2664031019, 2664031019, 2.1e-05
20, 674.706, 12.1401, 8588886016, 2795808308, 2795808308, 1.9e-05
21, 647.492, 12.6504, 8588886016, 2927502079, 2927502079, 1.9e-05
22, 637.53, 12.848, 8588886016, 3091825641, 3091825641, 2.2e-05
23, 651.585, 12.5709, 8588886016, 3231927646, 3231927646, 1.9e-05
24, 663.758, 12.3403, 8588886016, 3367983123, 3367983123, 2.4e-05
25, 633.685, 12.926, 8588886016, 3555138203, 3555138203, 2e-05
26, 617.975, 13.2546, 8588886016, 3724403018, 3724403018, 1.8e-05
27, 629.593, 13.01, 8588886016, 3905086969, 3905086969, 3.4e-05
28, 625.595, 13.0931, 8588886016, 4091540814, 4091540814, 1.9e-05
29, 614.767, 13.3237, 8588886016, 4282602392, 4282602392, 2.1e-05
