Backup ID, Ecall, Inline_Ocall, Offline_Ocall, _Inline_FPOcall, _Inline_SFOcall, _Inline_LocalOcall, _Inline_LoadOcall, _Inline_DeltaOcall, _Inline_RecipeOcall, _Inline_Write_ContainerOcall, _inline_have_similar_chunk_num, _inline_need_load_container_num
0,4675,10328,0,0,0,0,0,0,584,160,0,0,
1,9342,18227,0,0,0,0,0,0,1167,176,0,0,
2,14001,26264,0,0,0,0,0,0,1749,201,0,0,
3,18652,33745,0,0,0,0,0,0,2330,220,0,0,
4,23298,41251,0,0,0,0,0,0,2910,245,0,0,
5,27929,48892,0,0,0,0,0,0,3488,274,0,0,
6,32555,56229,0,0,0,0,0,0,4065,296,0,0,
7,37176,63736,0,0,0,0,0,0,4642,325,0,0,
8,41793,71277,0,0,0,0,0,0,5218,352,0,0,
9,46407,78639,0,0,0,0,0,0,5794,376,0,0,
10,51018,86428,0,0,0,0,0,0,6370,410,0,0,
11,55635,93805,0,0,0,0,0,0,6946,435,0,0,
12,60253,101339,0,0,0,0,0,0,7522,464,0,0,
13,64876,109231,0,0,0,0,0,0,8099,500,0,0,
14,69502,116768,0,0,0,0,0,0,8676,529,0,0,
15,74130,124162,0,0,0,0,0,0,9254,557,0,0,
16,78774,131778,0,0,0,0,0,0,9834,593,0,0,
17,83425,139394,0,0,0,0,0,0,10415,629,0,0,
18,88081,146855,0,0,0,0,0,0,10996,662,0,0,
19,92747,154287,0,0,0,0,0,0,11578,692,0,0,
20,97417,161994,0,0,0,0,0,0,12161,727,0,0,
21,102093,169714,0,0,0,0,0,0,12745,761,0,0,
22,106785,177574,0,0,0,0,0,0,13331,804,0,0,
23,111491,185338,0,0,0,0,0,0,13918,841,0,0,
24,116205,193141,0,0,0,0,0,0,14506,877,0,0,
25,120942,201216,0,0,0,0,0,0,15097,925,0,0,
26,125691,209443,0,0,0,0,0,0,15690,969,0,0,
27,130456,217647,0,0,0,0,0,0,16285,1016,0,0,
28,135243,225973,0,0,0,0,0,0,16883,1064,0,0,
29,140048,234486,0,0,0,0,0,0,17483,1113,0,0,
