Backup ID, Logical chunk num, Unique chunk num, Base chunk num, Delta chunk num, Logical chunk size, Unique chunk size, Base chunk size, Delta chunk size, LZ4_save size, Delta_save size, 
0,349658,181563,80590,100973,2869463040,1586581660,355398364,87361248,330714198,813107850
1,700527,225166,89411,135755,5748879360,2005085802,393250852,121503837,363811647,1126519466
2,1048641,266111,93822,172289,8606402560,2401076896,409549889,155408819,380071472,1456046716
3,1400928,309641,103983,205658,11506227200,2823542516,454306591,190341305,413558785,1765335835
4,1749773,350273,108058,242215,14379182080,3221877633,469282402,225001204,428258034,2099335993
5,2102412,391624,111919,279705,17284945920,3626123370,482957964,259719159,442284174,2441162073
6,2454706,434179,115932,318247,20191088640,4041790630,497663247,295290918,457282382,2791554083
7,2812109,475940,125168,350772,23129180160,4435403046,533533826,328961231,488746119,3084161870
8,3167314,516183,129170,387013,26049710080,4815972298,548950581,363265046,503490765,3400265906
9,3522400,556670,133329,423341,28969748480,5198324110,565239577,396658196,519061766,3717364571
10,3874982,595347,135841,459506,31867842560,5565605388,574479237,429986015,528196227,4032943909
11,4227381,634533,139279,495254,34764001280,5937267741,588976871,461783821,541622698,4344884351
12,4585507,676861,143213,533648,37705349120,6332317969,603719522,495810810,554972565,4677815072
13,4940662,717180,146218,570962,40626268160,6713959396,614974841,529573603,566219185,5003191767
14,5298219,756126,148467,607659,43568435200,7082753289,622955139,562731676,574176452,5322890022
15,5655036,794396,150383,644013,46505267200,7445443641,629688199,595728434,581012317,5639014691
16,6017260,834554,154976,679578,49483950080,7823476615,647628672,629096641,597780626,5948970676
17,6381829,874758,159180,715578,52483553280,8201432140,664931008,662405809,613325129,6260770194
18,6746630,914145,161375,752770,55485675520,8572341154,673008326,695128558,621530560,6582673710
19,7108426,954067,164991,789076,58467983360,8948973987,687876727,727522036,634798463,6898776761
20,7464498,993174,167342,825832,61400565760,9319044274,696274721,760589242,643376995,7218803316
21,7815621,1032218,171507,860711,64291246080,9690481972,714203822,791850920,659215449,7525211781
22,8163270,1070694,173439,897255,67153766400,10057353438,720907934,824788961,666414775,7845241768
23,8509462,1109121,175436,933685,70005688320,10423757412,727768241,857910266,673882437,8164196468
24,8857126,1147034,177071,969963,72872611840,10785938053,733570872,890637962,679684690,8482044529
25,9205823,1184724,178451,1006273,75747768320,11145427019,738187918,923152103,684680789,8799406209
26,9553238,1223126,180402,1042724,78613667840,11511966758,745230257,955902127,691926948,9118907426
27,9900471,1260887,182115,1078772,81478348800,11872768927,751238256,988023579,698455800,9435051292
28,10248239,1299161,183959,1115202,84350238720,12237946237,757815619,1021041694,705379262,9753709662
29,10596588,1337206,185623,1151583,87226378240,12600596594,763533201,1053937568,711441061,10071684764
30,10946481,1375853,187568,1188285,90117150720,12968055455,770608849,1086273868,718762730,10392410008
31,11291923,1413211,188914,1224297,92970352640,13325556050,775226848,1118674163,723767869,10707887170
32,11633491,1450134,190135,1259999,95788369920,13679895037,779560176,1151176304,728216713,11020941844
33,11980449,1491772,192488,1299284,98655385600,14076093037,787998793,1185681062,736427613,11365985569
34,12328874,1532659,194773,1337886,101536942080,14465034928,795718920,1220505401,744314595,11704496012
35,12678852,1573224,198971,1374253,104431165440,14850849290,813413202,1251692590,759994086,12025749412
36,13027926,1613137,202706,1410431,107317770240,15231135114,829930072,1284816226,774365945,12342022871
37,13379379,1652971,205221,1447750,110227466240,15609136396,839386151,1317030988,783854488,12668864769
38,13728163,1691563,207010,1484553,113113917440,15977195134,845307699,1350515560,789998850,12991373025
39,14076885,1730035,208998,1521037,116000757760,16345283035,852162705,1383636541,797212876,13312270913
40,14428208,1769259,211105,1558154,118909593600,16718145370,859323189,1417124373,805137145,13636560663
41,14776888,1807925,213001,1594924,121795717120,17086806716,865649590,1450247002,811948065,13958962059
42,15125521,1846954,214951,1632003,124680949760,17458129194,872400753,1484216197,819027875,14282484369
43,15474430,1885464,217307,1668157,127569377280,17824633621,880795174,1517405197,827489218,14598944032
44,15821608,1923538,218946,1704592,130441646080,18187892099,886581098,1550523707,833403415,14917383879
45,16170670,1961503,220440,1741063,133332664320,18550291606,891811390,1583232463,838895454,15236352299
46,16521828,1999608,221969,1777639,136244039680,18912830265,896715683,1616363185,844269232,15555482165
47,16873063,2038050,224053,1813997,139155404800,19278065298,903743117,1649052816,851993735,15873275630
48,17225102,2076957,225980,1850977,142071173120,19646653058,910297278,1682516572,859001653,16194837555
49,17574419,2115318,227659,1887659,144962355200,20012221789,916059290,1715672165,865202436,16515287898
50,17926301,2154337,229616,1924721,147876433920,20382505558,922737389,1749483621,872324843,16837959705
51,18271894,2192243,231398,1960845,150738626560,20744929295,928950932,1782956136,878783182,17154239045
52,18617702,2229865,232913,1996952,153603604480,21104158522,934218530,1816310806,884309147,17469320039
53,18965640,2267172,234450,2032722,156488765440,21459879139,939741044,1848409469,889979767,17781748859
54,19314713,2305354,236187,2069167,159383644160,21823151729,945953226,1881696536,896645970,18098855997
55,19663418,2344057,238195,2105862,162274867200,22191381180,953423057,1915371068,904355599,18418231456
56,20013675,2383448,240323,2143125,165181665280,22565614286,961186741,1949553994,912701639,18742171912
57,20362245,2421236,241766,2179470,168073625600,22926259665,966043645,1982855681,918107811,19059252528
58,20711122,2460140,243583,2216557,170970521600,23297321455,972619743,2017037066,925135909,19382528737
59,21060301,2497568,245594,2251974,173870110720,23653978445,980875262,2048075187,933089058,19691938938
60,21409582,2535174,246870,2288304,176770754560,24012391341,985083308,2081515095,937799182,20007993756
61,21758839,2573456,248645,2324811,179671726080,24376710915,990952659,2115174979,944432251,20326151026
62,22110179,2612534,250866,2361668,182588170240,24746247844,998947649,2148315045,952777796,20646207354
63,22458283,2651107,252611,2398496,185476454400,25113522953,1005032978,2182090617,959399722,20966999636
64,22807536,2689545,254288,2435257,188373995520,25479224907,1011144268,2215594493,965805534,21286680612
65,23153242,2727239,255611,2471628,191239946240,25840016130,1015972285,2249204903,971002291,21603836651
66,23501375,2764639,256733,2507906,194128947200,26197711913,1019804053,2282444268,975178656,21920284936
67,23849800,2802055,257899,2544156,197020743680,26555483219,1023724449,2315572074,979528666,22236658030
68,24197521,2840113,259464,2580649,199907051520,26919495546,1029575140,2348952856,985655496,22555312054
69,24546857,2878491,261069,2617422,202809763840,27285992635,1035470379,2382487110,992174556,22875860590
70,24897909,2916854,262700,2654154,205728215040,27651087447,1041760240,2415766758,998679908,23194880541
71,25251386,2955664,264452,2691212,208668569600,28019890005,1047782563,2449666187,1005282845,23517158410
72,25602695,2993999,265997,2728002,211589539840,28385267946,1053396698,2483301292,1011267703,23837302253
73,25952879,3031642,267343,2764299,214500464640,28744357655,1057886199,2516268042,1016051565,24154151849
74,26306780,3069665,268888,2800777,217447301120,29106010902,1063255034,2549103994,1021746844,24471905030
75,26661969,3108343,272061,2836282,220407265280,29473586437,1076849378,2581052616,1033815944,24781868499
76,27016854,3147052,273598,2873454,223364904960,29841213287,1081958874,2615003558,1039517594,25104733261
77,27372834,3185939,275172,2910767,226333276160,30210618529,1087693429,2648933108,1045838548,25428153444
78,27727488,3224888,276903,2947985,229288622080,30580456393,1093744335,2683100228,1052274024,25751337806
79,28083712,3263563,278748,2984815,232259921920,30947402258,1100001551,2716476365,1059244345,26071679997
80,28435875,3301590,280205,3021385,235194050560,31309801095,1104595562,2749936560,1064380394,26390888579
81,28788926,3339470,281411,3058059,238136698880,31670932755,1108743003,2783462150,1068837364,26709890238
82,29143842,3378802,284821,3093981,241094256640,32043527381,1123784958,2815316109,1081407588,27023018726
83,29499437,3417432,286343,3131089,244057620480,32411265351,1129123119,2849232842,1087414185,27345495205
84,29855034,3456001,287847,3168154,247020236800,32778427332,1134427149,2883032753,1093170317,27667797113
