Backup ID, FPindex, SFindex, Deltaindex
0,14525040,13843904,3521024
1,18013280,15395328,4804480
2,21288880,16210048,6091360
3,24771280,18081920,7189440
4,28021840,18843520,8529472
5,31329920,19564480,9783872
6,34734320,20308992,11055968
7,38075200,21747200,12138176
8,41294640,22486272,13413664
9,44533600,23201152,14634560
10,47627760,23670848,15845184
11,50762640,24232256,17031648
12,54148880,24956544,18302912
13,57374400,25509248,19537632
14,60490080,25930496,20753088
15,63551680,26283968,21952896
16,66764320,26948288,23138304
17,69980640,27515136,24335776
18,73131600,27897344,25565792
19,76325360,28406272,26764032
20,79453920,28824256,27974464
21,82577440,29363392,29127008
22,85655520,29716992,30324256
23,88729680,30086016,31517120
24,91762720,30383360,32705472
25,94777920,30639040,33890176
26,97850080,30989312,35083232
27,100870960,31301888,36258560
28,103932880,31637440,37447200
29,106976480,31937088,38633152
30,110068240,32292288,39834400
31,113056880,32539648,41009088
32,116010720,32765376,42168800
33,119341760,33176064,43463616
34,122612720,33594496,44731840
35,125857920,34156864,45940160
36,129050960,34626368,47143776
37,132237680,35057536,48374976
38,135325040,35386688,49586048
39,138402800,35738432,50785280
40,141540720,36111616,52004320
41,144634000,36462720,53212672
42,147756320,36823104,54429504
43,150837120,37219776,55616192
44,153883040,37518912,56813184
45,156920240,37790208,58007616
46,159968640,38075456,59202240
47,163044000,38448640,60392608
48,166156560,38803648,61601344
49,169225440,39114368,62804128
50,172346960,39476352,64019680
51,175379440,39798016,65200640
52,178389200,40073536,66382400
53,181373760,40351744,67553056
54,184428320,40668288,68740224
55,187524560,41037632,69935552
56,190675840,41419904,71150624
57,193698880,41682368,72337920
58,196811200,42017536,73546752
59,199805440,42322176,74708192
60,202813920,42556608,75891840
61,205876480,42874176,77078368
62,209002720,43266368,78284736
63,212088560,43585792,79482944
64,215163600,43893056,80680512
65,218179120,44134080,81863680
66,221171120,44341760,83043040
67,224164400,44553024,84220448
68,227209040,44836032,85405760
69,230279280,45129728,86600576
70,233348320,45415488,87794528
71,236453120,45734144,88999968
72,239519920,46013952,90198016
73,242531360,46260736,91377856
74,245573200,46539136,92564512
75,248667440,46945792,93725792
76,251764160,47229312,94936640
77,254875120,47514112,96149472
78,257991040,47831040,97360512
79,261085040,48168576,98560000
80,264127200,48428544,99750336
81,267157600,48646528,100942496
82,270304160,49093312,102116928
83,273394560,49367360,103324768
84,276480080,49642688,104529984
