Backup ID, Online Delta_save, Offline Delta_save, Offline delta time, Offline dedelta time, Offline delete time, Offline Delta chunk num
0,813107850,0,0,0,0,0
1,1126519466,0,0,0,0,0
2,1456046716,0,0,0,0,0
3,1765335835,0,0,0,0,0
4,2099335993,0,0,0,0,0
5,2441162073,0,0,0,0,0
6,2791554083,0,0,0,0,0
7,3084161870,0,0,0,0,0
8,3400265906,0,0,0,0,0
9,3717364571,0,0,0,0,0
10,4032943909,0,0,0,0,0
11,4344884351,0,0,0,0,0
12,4677815072,0,0,0,0,0
13,5003191767,0,0,0,0,0
14,5322890022,0,0,0,0,0
15,5639014691,0,0,0,0,0
16,5948970676,0,0,0,0,0
17,6260770194,0,0,0,0,0
18,6582673710,0,0,0,0,0
19,6898776761,0,0,0,0,0
20,7218803316,0,0,0,0,0
21,7525211781,0,0,0,0,0
22,7845241768,0,0,0,0,0
23,8164196468,0,0,0,0,0
24,8482044529,0,0,0,0,0
25,8799406209,0,0,0,0,0
26,9118907426,0,0,0,0,0
27,9435051292,0,0,0,0,0
28,9753709662,0,0,0,0,0
29,10071684764,0,0,0,0,0
30,10392410008,0,0,0,0,0
31,10707887170,0,0,0,0,0
32,11020941844,0,0,0,0,0
33,11365985569,0,0,0,0,0
34,11704496012,0,0,0,0,0
35,12025749412,0,0,0,0,0
36,12342022871,0,0,0,0,0
37,12668864769,0,0,0,0,0
38,12991373025,0,0,0,0,0
39,13312270913,0,0,0,0,0
40,13636560663,0,0,0,0,0
41,13958962059,0,0,0,0,0
42,14282484369,0,0,0,0,0
43,14598944032,0,0,0,0,0
44,14917383879,0,0,0,0,0
45,15236352299,0,0,0,0,0
46,15555482165,0,0,0,0,0
47,15873275630,0,0,0,0,0
48,16194837555,0,0,0,0,0
49,16515287898,0,0,0,0,0
50,16837959705,0,0,0,0,0
51,17154239045,0,0,0,0,0
52,17469320039,0,0,0,0,0
53,17781748859,0,0,0,0,0
54,18098855997,0,0,0,0,0
55,18418231456,0,0,0,0,0
56,18742171912,0,0,0,0,0
57,19059252528,0,0,0,0,0
58,19382528737,0,0,0,0,0
59,19691938938,0,0,0,0,0
60,20007993756,0,0,0,0,0
61,20326151026,0,0,0,0,0
62,20646207354,0,0,0,0,0
63,20966999636,0,0,0,0,0
64,21286680612,0,0,0,0,0
65,21603836651,0,0,0,0,0
66,21920284936,0,0,0,0,0
67,22236658030,0,0,0,0,0
68,22555312054,0,0,0,0,0
69,22875860590,0,0,0,0,0
70,23194880541,0,0,0,0,0
71,23517158410,0,0,0,0,0
72,23837302253,0,0,0,0,0
73,24154151849,0,0,0,0,0
74,24471905030,0,0,0,0,0
75,24781868499,0,0,0,0,0
76,25104733261,0,0,0,0,0
77,25428153444,0,0,0,0,0
78,25751337806,0,0,0,0,0
79,26071679997,0,0,0,0,0
80,26390888579,0,0,0,0,0
81,26709890238,0,0,0,0,0
82,27023018726,0,0,0,0,0
83,27345495205,0,0,0,0,0
84,27667797113,0,0,0,0,0
