BackupID, OnlineSpeed(MB/s), Encalve ProcessTime(s), BackupSize, OnlineSize, OfflineSize, OfflineTime(s)
0, 55.9788, 48.8852, 2869463040, 442759612, 442759612, 0.000708
1, 125.262, 21.9222, 2879416320, 514754689, 514754689, 0.000728
2, 119.833, 22.7412, 2857523200, 564958708, 564958708, 0.000748
3, 107.359, 25.7593, 2899824640, 644647896, 644647896, 0.00081
4, 107.707, 25.4381, 2872954880, 694283606, 694283606, 0.000833
5, 104.06, 26.6304, 2905763840, 742677123, 742677123, 0.00092
6, 100.706, 27.5209, 2906142720, 792954165, 792954165, 0.000968
7, 106.076, 26.4149, 2938091520, 862495057, 862495057, 0.00098
8, 103.569, 26.8927, 2920529920, 912215627, 912215627, 0.000998
9, 101.025, 27.5652, 2920038400, 961897773, 961897773, 0.001034
10, 99.7794, 27.6995, 2898094080, 1004465252, 1004465252, 0.001023
11, 102.123, 27.0458, 2896158720, 1050760692, 1050760692, 0.00107
12, 96.6819, 29.0136, 2941347840, 1099530332, 1099530332, 0.001097
13, 95.397, 29.2001, 2920919040, 1144548444, 1144548444, 0.001077
14, 96.3606, 29.1184, 2942167040, 1185686815, 1185686815, 0.001117
15, 96.5104, 29.0205, 2936832000, 1225416633, 1225416633, 0.001182
16, 103.468, 27.4548, 2978682880, 1276725313, 1276725313, 0.001112
17, 101.316, 28.235, 2999603200, 1327336817, 1327336817, 0.001178
18, 97.3753, 29.4022, 3002122240, 1368136884, 1368136884, 0.001269
19, 98.121, 28.9862, 2982307840, 1415398763, 1415398763, 0.001275
20, 94.0411, 29.7394, 2932582400, 1456863963, 1456863963, 0.001219
21, 97.2514, 28.3468, 2890680320, 1506054742, 1506054742, 0.001312
22, 91.9213, 29.6984, 2862520320, 1545696895, 1545696895, 0.001335
23, 91.7804, 29.6338, 2851921920, 1585678507, 1585678507, 0.001318
24, 93.2296, 29.3266, 2866923520, 1624208834, 1624208834, 0.001376
25, 92.4096, 29.6719, 2875156480, 1661340021, 1661340021, 0.001373
26, 91.6602, 29.8181, 2865899520, 1701132384, 1701132384, 0.001473
27, 94.4949, 28.9113, 2864680960, 1739261835, 1739261835, 0.001404
28, 92.0889, 29.7413, 2871889920, 1778857313, 1778857313, 0.001385
29, 91.7409, 29.8983, 2876139520, 1817470769, 1817470769, 0.001393
30, 92.1673, 29.9114, 2890772480, 1856882717, 1856882717, 0.001446
31, 92.2904, 29.4833, 2853201920, 1893901011, 1893901011, 0.001447
32, 90.0201, 29.8541, 2818017280, 1930736480, 1930736480, 0.001419
33, 85.701, 31.9039, 2867015680, 1973679855, 1973679855, 0.001503
34, 86.5046, 31.7678, 2881556480, 2016224321, 2016224321, 0.001515
35, 92.2431, 29.9225, 2894223360, 2065105792, 2065105792, 0.001452
36, 93.5384, 29.4305, 2886604800, 2114746298, 2114746298, 0.001512
37, 88.4806, 31.3617, 2909696000, 2156417139, 2156417139, 0.001516
38, 87.9938, 31.2833, 2886451200, 2195823259, 2195823259, 0.001561
39, 88.9218, 30.961, 2886840320, 2235799246, 2235799246, 0.001515
40, 87.1394, 31.835, 2908835840, 2276447562, 2276447562, 0.001655
41, 87.0472, 31.6199, 2886123520, 2315896592, 2315896592, 0.001585
42, 85.7173, 32.1005, 2885232640, 2356616950, 2356616950, 0.001513
43, 88.9653, 30.9628, 2888427520, 2398200371, 2398200371, 0.001795
44, 85.9943, 31.8534, 2872268800, 2437104805, 2437104805, 0.001571
45, 87.1104, 31.6505, 2891018240, 2475043853, 2475043853, 0.001648
46, 88.1179, 31.509, 2911375360, 2513078868, 2513078868, 0.001648
47, 86.2755, 32.1817, 2911365120, 2552795933, 2552795933, 0.001818
48, 87.2923, 31.855, 2915768320, 2592813850, 2592813850, 0.001811
49, 85.767, 32.1481, 2891182080, 2631731455, 2631731455, 0.001689
50, 85.1388, 32.6418, 2914078720, 2672221010, 2672221010, 0.001768
51, 85.4919, 31.9282, 2862192640, 2711907068, 2711907068, 0.002559
52, 84.5816, 32.3032, 2864977920, 2750529336, 2750529336, 0.001704
53, 87.2081, 31.551, 2885160960, 2788150513, 2788150513, 0.001855
54, 85.4751, 32.2991, 2894878720, 2827649762, 2827649762, 0.00173
55, 84.8038, 32.5137, 2891223040, 2868794125, 2868794125, 0.001815
56, 84.2463, 32.9052, 2906798080, 2910740735, 2910740735, 0.001885
57, 84.8156, 32.5175, 2891960320, 2948899326, 2948899326, 0.001776
58, 83.2999, 33.1656, 2896896000, 2989656809, 2989656809, 0.001809
59, 86.3644, 32.0186, 2899589120, 3028950449, 3028950449, 0.001858
60, 84.6136, 32.693, 2900643840, 3066598403, 3066598403, 0.002015
61, 85.234, 32.4587, 2900971520, 3106127638, 3106127638, 0.001938
62, 84.2135, 33.0272, 2916444160, 3147262694, 3147262694, 0.001934
63, 84.3704, 32.6475, 2888284160, 3187123595, 3187123595, 0.001868
64, 84.5834, 32.6697, 2897541120, 3226738761, 3226738761, 0.001843
65, 84.0082, 32.5347, 2865950720, 3265177188, 3265177188, 0.001902
66, 84.5426, 32.5891, 2889000960, 3302248321, 3302248321, 0.001856
67, 83.9393, 32.8551, 2891796480, 3339296523, 3339296523, 0.001937
68, 84.5812, 32.5438, 2886307840, 3378527996, 3378527996, 0.002018
69, 83.4547, 33.1706, 2902712320, 3417957489, 3417957489, 0.001931
70, 84.656, 32.8772, 2918451200, 3457526998, 3457526998, 0.001968
71, 83.817, 33.4555, 2940354560, 3497448750, 3497448750, 0.001875
72, 84.4594, 32.9822, 2920970240, 3536697990, 3536697990, 0.002011
73, 84.414, 32.8864, 2910924800, 3574154241, 3574154241, 0.002061
74, 85.1104, 33.0197, 2946836480, 3612359028, 3612359028, 0.001983
75, 88.5641, 31.8734, 2959964160, 3657901994, 3657901994, 0.002026
76, 84.8519, 33.2417, 2957639680, 3696962432, 3696962432, 0.002651
77, 84.3379, 33.5657, 2968371200, 3736626537, 3736626537, 0.002404
78, 83.7224, 33.6641, 2955345920, 3776844563, 3776844563, 0.002054
79, 84.6404, 33.4787, 2971299840, 3816477916, 3816477916, 0.002123
80, 85.6866, 32.6563, 2934128640, 3854532122, 3854532122, 0.002174
81, 85.0311, 33.0035, 2942648320, 3892205153, 3892205153, 0.002195
82, 87.2039, 32.3443, 2957557760, 3939101067, 3939101067, 0.002147
83, 84.4167, 33.4778, 2963363840, 3978355961, 3978355961, 0.00212
84, 84.2504, 33.5354, 2962616320, 4017459902, 4017459902, 0.002286
