Backup ID, Ecall, Inline_Ocall, Offline_Ocall, _Inline_FPOcall, _Inline_SFOcall, _Inline_LocalOcall, _Inline_LoadOcall, _Inline_DeltaOcall, _Inline_RecipeOcall, _Inline_Write_ContainerOcall, _inline_have_similar_chunk_num, _inline_need_load_container_num, _inlineDeltaChunkNum, 
0,2734,36076,5,2732,2732,0,27561,2710,341,119,110367,33773,100973
1,5478,55332,10,5474,5474,0,38252,5449,683,140,146274,52129,135755
2,8200,74403,15,8194,8194,0,48824,8169,1022,156,183040,71116,172289
3,10955,95610,20,10947,10947,0,61429,10921,1366,179,216962,90555,205658
4,13683,116625,25,13673,13673,0,73926,13647,1706,194,253665,110744,242215
5,16440,138499,30,16428,16428,0,87191,16402,2050,209,291297,131704,279705
6,19195,161084,35,19181,19181,0,101173,19155,2394,225,330026,153179,318247
7,21990,184703,40,21974,21974,0,116084,21928,2743,246,364497,173271,350772
8,24768,207089,45,24750,24750,0,129797,24703,3089,261,400926,194256,387013
9,27545,230344,50,27525,27525,0,144381,27478,3435,277,437828,215926,423341
10,30302,253383,55,30280,30280,0,158811,30233,3779,291,474080,237487,459506
11,33058,276463,60,33034,33034,0,173285,32987,4123,306,510520,258795,495254
12,35858,300386,65,35832,35832,0,188465,35785,4472,321,549146,280909,533648
13,38635,324444,70,38607,38607,0,203852,38560,4818,335,586626,303219,570962
14,41431,348591,75,41401,41401,0,219268,41354,5167,349,623386,325520,607659
15,44221,372690,80,44189,44189,0,234655,44142,5515,362,659832,347786,644013
16,47053,396885,85,47019,47019,0,250008,46971,5868,378,696837,369299,679578
17,49904,421807,90,49868,49868,0,266027,49820,6224,394,734327,391556,715578
18,52757,446366,95,52718,52718,0,281680,52670,6580,408,771772,414091,752770
19,55586,471518,100,55545,55545,0,297998,55497,6933,423,809232,436808,789076
20,58370,496390,105,58327,58327,0,314177,58279,7280,437,846216,459428,825832
21,61116,521396,110,61071,61071,0,330609,61023,7622,452,882649,481429,860711
22,63835,545907,115,63787,63787,0,346633,63739,7961,465,919323,503824,897255
23,66542,570482,120,66492,66492,0,362755,66444,8299,478,955853,526193,933685
24,69261,594702,125,69209,69209,0,378485,69161,8638,491,992244,548308,969963
25,71988,619329,130,71934,71934,0,394599,71884,8978,504,1028617,570700,1006273
26,74705,643887,135,74649,74649,0,410673,74599,9317,517,1065239,593018,1042724
27,77420,667932,140,77362,77362,0,426240,77312,9656,530,1101406,614953,1078772
28,80139,692445,145,80079,80079,0,442263,80029,9995,543,1137983,637212,1115202
29,82863,717081,150,82801,82801,0,458394,82750,10335,556,1174490,659652,1151583
30,85599,741752,155,85535,85535,0,474522,85484,10676,569,1211329,682005,1188285
31,88300,766383,160,88234,88234,0,490719,88183,11013,582,1247416,704349,1224297
32,90971,790662,165,90903,90903,0,506658,90852,11346,595,1283177,726489,1259999
33,93684,816813,170,93614,93614,0,524338,93563,11684,609,1322727,750412,1299284
34,96409,842723,175,96337,96337,0,541740,96285,12024,622,1361466,774048,1337886
35,99146,868713,180,99072,99072,0,559184,99020,12365,637,1399312,796898,1374253
36,101876,894368,185,101800,101800,0,576315,101748,12705,653,1436970,819622,1410431
37,104624,920489,190,104546,104546,0,593855,104494,13048,667,1474634,843056,1447750
38,107351,946166,195,107271,107271,0,611017,107219,13388,680,1511531,866132,1484553
39,110078,971889,200,109996,109996,0,628225,109944,13728,693,1548232,889155,1521037
40,112825,998139,205,112741,112741,0,645897,112689,14071,706,1585538,912648,1558154
41,115552,1024268,210,115466,115466,0,663511,115414,14411,719,1622403,935907,1594924
42,118278,1050555,215,118190,118190,0,681286,118138,14751,732,1659571,959344,1632003
43,121006,1076424,220,120916,120916,0,698637,120864,15091,746,1696074,982236,1668157
44,123721,1102551,225,123629,123629,0,716286,123577,15430,759,1732611,1005494,1704592
45,126451,1128648,230,126357,126357,0,733860,126304,15770,772,1769186,1028626,1741063
46,129197,1154916,235,129101,129101,0,751554,129048,16112,785,1805820,1051910,1777639
47,131944,1181518,240,131846,131846,0,769579,131792,16455,798,1842344,1075277,1813997
48,134697,1208048,245,134597,134597,0,787513,134543,16798,811,1879425,1098773,1850977
49,137429,1234561,250,137327,137327,0,805495,137273,17139,824,1916195,1122201,1887659
50,140181,1261611,255,140077,140077,0,823952,140023,17482,837,1953332,1146038,1924721
51,142883,1288183,260,142777,142777,0,842087,142723,17819,850,1989589,1169337,1960845
52,145587,1315068,265,145479,145479,0,860529,145425,18156,863,2025801,1192740,1996952
53,148308,1341574,270,148198,148198,0,878539,148144,18495,876,2061689,1215862,2032722
54,151038,1368711,275,150926,150926,0,897152,150872,18835,889,2098251,1239491,2069167
55,153765,1395765,280,153651,153651,0,915691,153597,19175,902,2135055,1263114,2105862
56,156504,1423366,285,156388,156388,0,934739,156334,19517,915,2172486,1287141,2143125
57,159230,1450427,290,159112,159112,0,953288,159058,19857,928,2208936,1310755,2179470
58,161958,1477858,295,161838,161838,0,972201,161784,20197,941,2246106,1334778,2216557
59,164688,1505098,300,164566,164566,0,990917,164512,20537,954,2282030,1358239,2251974
60,167419,1532363,305,167295,167295,0,1009654,167241,20878,967,2318427,1382014,2288304
61,170150,1559589,310,170024,170024,0,1028352,169970,21219,980,2355084,1405713,2324811
62,172897,1587322,315,172769,172769,0,1047507,172715,21562,994,2392159,1429770,2361668
63,175619,1614655,320,175489,175489,0,1066341,175435,21901,1007,2429092,1453657,2398496
64,178350,1642072,325,178218,178218,0,1085230,178164,22242,1020,2465960,1477567,2435257
65,181053,1669326,330,180919,180919,0,1104044,180865,22579,1033,2502423,1501239,2471628
66,183775,1696635,335,183639,183639,0,1122855,183584,22918,1045,2538753,1525003,2507906
67,186500,1724155,340,186362,186362,0,1141867,186306,23258,1058,2575084,1548878,2544156
68,189219,1751419,345,189079,189079,0,1160641,189023,23597,1071,2611687,1572612,2580649
69,191951,1779070,350,191809,191809,0,1179761,191753,23938,1084,2648562,1596603,2617422
70,194696,1806914,355,194552,194552,0,1199034,194496,24280,1097,2685474,1620723,2654154
71,197460,1834789,360,197314,197314,0,1218278,197258,24625,1110,2722666,1644947,2691212
72,200207,1862606,365,200059,200059,0,1237517,200003,24968,1123,2759562,1669054,2728002
73,202945,1890099,370,202795,202795,0,1256461,202739,25309,1136,2795929,1692934,2764299
74,205712,1917946,375,205560,205560,0,1275668,205504,25654,1149,2832528,1717005,2800777
75,208489,1946046,380,208335,208335,0,1295097,208279,26000,1164,2869274,1740868,2836282
76,211264,1973979,385,211108,211108,0,1314365,211052,26346,1177,2906522,1765035,2873454
77,214048,2002285,390,213890,213890,0,1333978,213834,26693,1190,2943928,1789483,2910767
78,216821,2030502,395,216661,216661,0,1353536,216605,27039,1203,2981246,1813860,2947985
79,219606,2058599,400,219444,219444,0,1372937,219388,27386,1216,3018205,1838068,2984815
80,222360,2086009,405,222196,222196,0,1391748,222140,27729,1229,3054902,1861795,3021385
81,225121,2113992,410,224955,224955,0,1411110,224899,28073,1242,3091658,1886022,3058059
82,227896,2142454,415,227728,227728,0,1430907,227672,28419,1257,3128806,1910159,3093981
83,230677,2170686,420,230507,230507,0,1450455,230451,28766,1270,3166030,1934526,3131089
84,233458,2198860,425,233286,233286,0,1469945,233230,29113,1283,3203186,1958886,3168154
