Backup ID, Logical chunk num, Unique chunk num, Base chunk num, Delta chunk num, Logical chunk size, Unique chunk size, Base chunk size, Delta chunk size, LZ4_save size, Delta_save size, 
0,24641,24495,24495,0,208250880,207122891,100654960,0,106467931,0
1,49838,39626,39626,0,420976640,343883169,167856699,0,176026470,0
2,75769,54678,54678,0,640409600,480951594,234554215,0,246397379,0
3,102154,69374,69374,0,864501760,615776387,300239983,0,315536404,0
4,128934,85204,85204,0,1092659200,760639837,370933548,0,389706289,0
5,156457,101934,101934,0,1326612480,913110906,445380866,0,467730040,0
6,184290,118788,118788,0,1563217920,1067086366,520682493,0,546403873,0
7,212510,136407,136407,0,1803356160,1227283855,599158786,0,628125069,0
8,241451,155151,155151,0,2049822720,1397466120,682755922,0,714710198,0
9,270745,172102,172102,0,2300139520,1554665685,759435307,0,795230378,0
10,300593,189672,189672,0,2554542080,1715971804,837792534,0,878179270,0
11,331389,208165,208165,0,2817464320,1885698253,920282293,0,965415960,0
12,362473,226816,226816,0,3082168320,2056620195,1003671796,0,1052948399,0
13,394467,248136,248136,0,3355002880,2249505687,1097797331,0,1151708356,0
14,427730,269719,269719,0,3639654400,2446105951,1193673939,0,1252432012,0
15,461573,291289,291289,0,3929231360,2642868685,1289461552,0,1353407133,0
16,495907,313484,313484,0,4223057920,2845343213,1388374089,0,1456969124,0
17,533891,338250,338250,0,4533319680,3055374134,1490071035,0,1565303099,0
18,573226,363914,363914,0,4869498880,3288730076,1602875341,0,1685854735,0
19,614460,390057,390057,0,5222645760,3527677934,1718297707,0,1809380227,0
20,657190,416136,416136,0,5588357120,3767058441,1833634727,0,1933423714,0
21,701984,444128,444128,0,5970749440,4022803683,1956473218,0,2066330465,0
22,748244,472329,472329,0,6365849600,4281805935,2080690715,0,2201115220,0
23,795533,500237,500237,0,6770524160,4539452538,2204445410,0,2335007128,0
24,843831,528928,528928,0,7183421440,4803542209,2330728825,0,2472813384,0
25,892453,557325,557325,0,7597076480,5064122709,2455574488,0,2608548221,0
26,943081,588339,588339,0,8028426240,5347599334,2591026447,0,2756572887,0
27,994732,617593,617593,0,8468920320,5618093235,2720124264,0,2897968971,0
28,1047519,648825,648825,0,8918517760,5905656166,2857749941,0,3047906225,0
29,1100481,678191,678191,0,9369497600,6177498332,2988052255,0,3189446077,0
30,1161683,730293,730293,0,9891061760,6631310292,3203163432,0,3428146860,0
31,1224165,764459,764459,0,10425190400,6949135668,3354117022,0,3595018646,0
32,1287906,799067,799067,0,10969159680,7270247371,3506600530,0,3763646841,0
33,1352398,833924,833924,0,11518976000,7592912324,3660038461,0,3932873863,0
34,1418053,869731,869731,0,12079032320,7925229976,3817459631,0,4107770345,0
35,1485051,906885,906885,0,12650547200,8269312100,3980076728,0,4289235372,0
36,1552883,943650,943650,0,13229209600,8610980264,4141537004,0,4469443260,0
37,1620506,980487,980487,0,13805813760,8953041890,4303195792,0,4649846098,0
38,1688546,1017268,1017268,0,14386237440,9294603528,4465139877,0,4829463651,0
39,1757006,1054333,1054333,0,14970695680,9640069539,4628802140,0,5011267399,0
40,1810412,1083547,1083547,0,15425167360,9911406345,4758303941,0,5153102404,0
41,1864540,1113534,1113534,0,15886080000,10189212551,4891105837,0,5298106714,0
42,1919273,1143338,1143338,0,16352163840,10465661096,5023078111,0,5442582985,0
43,1974837,1173737,1173737,0,16824729600,10747386683,5157832769,0,5589553914,0
44,2031182,1204027,1204027,0,17304453120,11028976023,5292106574,0,5736869449,0
45,2088613,1233728,1233728,0,17793658880,11306693526,5424127671,0,5882565855,0
46,2147190,1264387,1264387,0,18292684800,11593204633,5560013927,0,6033190706,0
47,2206496,1294554,1294554,0,18798346240,11876362472,5694329950,0,6182032522,0
48,2266715,1323504,1323504,0,19312179200,12150398334,5823955378,0,6326442956,0
49,2335940,1359838,1359838,0,19902177280,12489094108,5983971351,0,6505122757,0
50,2419066,1426420,1426420,0,20615280640,13077690238,6255014159,0,6822676079,0
51,2503193,1471068,1471068,0,21337559040,13492750308,6449872180,0,7042878128,0
52,2593570,1520912,1520912,0,22117294080,13956496725,6655969816,0,7300526909,0
53,2687808,1568890,1568890,0,22935326720,14407514754,6859855463,0,7547659291,0
54,2782874,1615142,1615142,0,23760384000,14838437071,7060669888,0,7777767183,0
55,2878878,1662942,1662942,0,24594739200,15284296250,7268794668,0,8015501582,0
56,2975128,1710128,1710128,0,25430681600,15725714597,7473468411,0,8252246186,0
57,3070965,1757037,1757037,0,26264494080,16164609531,7676806441,0,8487803090,0
58,3166442,1803100,1803100,0,27094425600,16595252208,7877939846,0,8717312362,0
59,3262959,1849992,1849992,0,27933890560,17033027647,8082380416,0,8950647231,0
60,3332759,1886832,1886832,0,28529817600,17377600787,8245446430,0,9132154357,0
61,3430872,1934164,1934164,0,29384591360,17821510252,8450838788,0,9370671464,0
62,3504712,1972423,1972423,0,30015549440,18178220181,8619167413,0,9559052768,0
63,3579605,2009807,2009807,0,30656389120,18529206646,8784526817,0,9744679829,0
64,3655420,2047926,2047926,0,31304744960,18886528805,8953007113,0,9933521692,0
65,3732183,2085663,2085663,0,31962798080,19242462056,9120661787,0,10121800269,0
66,3809922,2124329,2124329,0,32629002240,19606090117,9292131557,0,10313958560,0
67,3888789,2162403,2162403,0,33305978880,19966345083,9461672478,0,10504672605,0
68,3968924,2200450,2200450,0,33992949760,20325995601,9630804646,0,10695190955,0
69,4050053,2237353,2237353,0,34688532480,20677381896,9795450791,0,10881931105,0
70,4149217,2284535,2284535,0,35551836160,21119663880,10000116977,0,11119546903,0
71,4265450,2371143,2371143,0,36571084800,21893659608,10338379605,0,11555280003,0
72,4386386,2425654,2425654,0,37635307520,22408755401,10566443495,0,11842311906,0
73,4508081,2477154,2477154,0,38705633280,22895215145,10788399121,0,12106816024,0
74,4632072,2531806,2531806,0,39797422080,23410168790,11020820745,0,12389348045,0
75,4732223,2578458,2578458,0,40669081600,23848856535,11224578006,0,12624278529,0
76,4832181,2625447,2625447,0,41540311040,24291221580,11428474571,0,12862747009,0
77,4936619,2671964,2671964,0,42453647360,24729783746,11630471727,0,13099312019,0
78,5043629,2718584,2718584,0,43391784960,25170334985,11832852266,0,13337482719,0
79,5152164,2765822,2765822,0,44339476480,25614745161,12036467801,0,13578277360,0
80,5261707,2811976,2811976,0,45297090560,26053001409,12237120278,0,13815881131,0
81,5372102,2858319,2858319,0,46262865920,26494109032,12439451137,0,14054657895,0
82,5484739,2905801,2905801,0,47246745600,26944336428,12645363749,0,14298972679,0
83,5615274,2974727,2974727,0,48257761280,27443678836,12876176133,0,14567502703,0
84,5746948,3029093,3029093,0,49277388800,27828197717,13052947314,0,14775250403,0
85,5878524,3079049,3079049,0,50296289280,28176859675,13212494678,0,14964364997,0
86,6010103,3128955,3128955,0,51315240960,28525163481,13371844125,0,15153319356,0
87,6141701,3178812,3178812,0,52334305280,28872958077,13531033642,0,15341924435,0
88,6273302,3228688,3228688,0,53353441280,29220978790,13690302696,0,15530676094,0
89,6404919,3278502,3278502,0,54372648960,29568467799,13849372088,0,15719095711,0
90,6536540,3328324,3328324,0,55391866880,29916062621,14008382963,0,15907679658,0
91,6668160,3378140,3378140,0,56411105280,30263561394,14167167106,0,16096394288,0
92,6804565,3431960,3431960,0,57475010560,30644138614,14341917978,0,16302220636,0
93,6940979,3482283,3482283,0,58538915840,30995265413,14502430509,0,16492834904,0
94,7077386,3532627,3532627,0,59602872320,31346808615,14663183075,0,16683625540,0
95,7213812,3582970,3582970,0,60666920960,31698289312,14823821867,0,16874467445,0
96,7350241,3633269,3633269,0,61731000320,32049460760,14984352641,0,17065108119,0
97,7486674,3683528,3683528,0,62795130880,32400320490,15144660386,0,17255660104,0
98,7623116,3733785,3733785,0,63859322880,32751090403,15304983813,0,17446106590,0
99,7759591,3784184,3784184,0,64923535360,33102591715,15465440607,0,17637151108,0
100,7896734,3837918,3837918,0,65993605120,33482551991,15640342396,0,17842209595,0
101,8033918,3888530,3888530,0,67063715840,33836062449,15801817048,0,18034245401,0
102,8171098,3939120,3939120,0,68133888000,34189542680,15963345087,0,18226197593,0
103,8308293,3989691,3989691,0,69204070400,34542631238,16124668654,0,18417962584,0
104,8445492,4040213,4040213,0,70274324480,34895496730,16285833145,0,18609663585,0
105,8582680,4090615,4090615,0,71344588800,35247383444,16446553730,0,18800829714,0
106,8719869,4141100,4141100,0,72414894080,35599950429,16607605772,0,18992344657,0
107,8857075,4191540,4191540,0,73485209600,35952016244,16768426887,0,19183589357,0
108,8994276,4241970,4241970,0,74555525120,36304049595,16928998767,0,19375050828,0
109,9133868,4296766,4296766,0,75646996480,36692624072,17107171639,0,19585452433,0
110,9273476,4347897,4347897,0,76738498560,37049737902,17270094703,0,19779643199,0
111,9413087,4398892,4398892,0,77830031360,37405820556,17432484462,0,19973336094,0
112,9552710,4449914,4449914,0,78921687040,37762308541,17595102191,0,20167206350,0
113,9692345,4500877,4500877,0,80013373440,38118104505,17757407840,0,20360696665,0
114,9831983,4551835,4551835,0,81105090560,38473884103,17919703678,0,20554180425,0
115,9971637,4602922,4602922,0,82196858880,38830540205,18082435678,0,20748104527,0
116,10111284,4653852,4653852,0,83288637440,39186071420,18244391682,0,20941679738,0
117,10254480,4719071,4719071,0,84415191040,39665633935,18460269954,0,21205363981,0
118,10397681,4770973,4770973,0,85541744640,40028724542,18625944985,0,21402779557,0
119,10540871,4822680,4822680,0,86668339200,40390617824,18790895420,0,21599722404,0
120,10684073,4874361,4874361,0,87794995200,40752012280,18955730297,0,21796281983,0
121,10827281,4926037,4926037,0,88921692160,41113288654,19120379800,0,21992908854,0
122,10970483,4977636,4977636,0,90048409600,41473895648,19284778827,0,22189116821,0
123,11113686,5029199,5029199,0,91175137280,41834152531,19448980950,0,22385171581,0
124,11256922,5081046,5081046,0,92301875200,42196440001,19613914313,0,22582525688,0
125,11401515,5143663,5143663,0,93438638080,42646913920,19821665706,0,22825248214,0
126,11546098,5195868,5195868,0,94575441920,43011697796,19987973031,0,23023724765,0
127,11690685,5248179,5248179,0,95712296960,43377614779,20154792126,0,23222822653,0
128,11835284,5300501,5300501,0,96849203200,43743443888,20321609498,0,23421834390,0
129,11979903,5352677,5352677,0,97986140160,44107982046,20487753278,0,23620228768,0
130,12124509,5404840,5404840,0,99123118080,44472661525,20653947247,0,23818714278,0
131,12269135,5456984,5456984,0,100260126720,44837198007,20820060105,0,24017137902,0
132,12413757,5509206,5509206,0,101397145600,45202159037,20986157263,0,24216001774,0
133,12560306,5573743,5573743,0,102548971520,45669972107,21200886628,0,24469085479,0
134,12706853,5626534,5626534,0,103700848640,46039405097,21369248838,0,24670156259,0
135,12853388,5679316,5679316,0,104852684800,46408795222,21537497762,0,24871297460,0
136,12999928,5732016,5732016,0,106004572160,46777402158,21705417825,0,25071984333,0
137,13146491,5784871,5784871,0,107156520960,47147233419,21873882821,0,25273350598,0
138,13293046,5837477,5837477,0,108308500480,47515049838,22041382727,0,25473667111,0
139,13439601,5890056,5890056,0,109460500480,47882533659,22208766966,0,25673766693,0
140,13586157,5942529,5942529,0,110612520960,48249044660,22375671105,0,25873373555,0
141,13732717,5995056,5995056,0,111764551680,48616124200,22542587878,0,26073536322,0
142,13880344,6058499,6058499,0,112924149760,49073860100,22753445815,0,26320414285,0
143,14027988,6111925,6111925,0,114083829760,49447891995,22923722955,0,26524169040,0
144,14175645,6165186,6165186,0,115243581440,49820445302,23093390462,0,26727054840,0
145,14323303,6218305,6218305,0,116403353600,50191733991,23262357842,0,26929376149,0
146,14470960,6271425,6271425,0,117563146240,50563113252,23431445553,0,27131667699,0
147,14618628,6324581,6324581,0,118722969600,50934898919,23600684757,0,27334214162,0
148,14766300,6377676,6377676,0,119882823680,51306102127,23769656664,0,27536445463,0
149,14913989,6430735,6430735,0,121042739200,51676783287,23938386424,0,27738396863,0
150,15061697,6483725,6483725,0,122202654720,52046653921,24106418779,0,27940235142,0
151,15215081,6551594,6551594,0,123417743360,52542126172,24327806064,0,28214320108,0
152,15368526,6606120,6606120,0,124632862720,52923284157,24501425432,0,28421858725,0
153,15521904,6659947,6659947,0,125848002560,53299309398,24672601775,0,28626707623,0
154,15675282,6713636,6713636,0,127063162880,53674073370,24843157076,0,28830916294,0
155,15828675,6767498,6767498,0,128278353920,54050239508,25014373295,0,29035866213,0
156,15982054,6821147,6821147,0,129493575680,54424765409,25184790516,0,29239974893,0
157,16135440,6874760,6874760,0,130708828160,54798978754,25355058419,0,29443920335,0
158,16288844,6928446,6928446,0,131924111360,55173626794,25525261540,0,29648365254,0
159,16447881,6997829,6997829,0,133193082880,55683897240,25750265866,0,29933631374,0
160,16606926,7052409,7052409,0,134462105600,56065143765,25923512177,0,30141631588,0
161,16765974,7106802,7106802,0,135731159040,56444802879,26096012021,0,30348790858,0
162,16925032,7161385,7161385,0,137000273920,56826044878,26269221741,0,30556823137,0
163,17084103,7215812,7215812,0,138269419520,57205869603,26441741618,0,30764127985,0
164,17243196,7270287,7270287,0,139538606080,57586041595,26614348936,0,30971692659,0
165,17402274,7324836,7324836,0,140807864320,57967173406,26787562090,0,31179611316,0
166,17561357,7379256,7379256,0,142077163520,58347083586,26960162865,0,31386920721,0
167,17720447,7433609,7433609,0,143346462720,58726475359,27132265826,0,31594209533,0
168,17886817,7504752,7504752,0,144686612480,59254482293,27361539614,0,31892942679,0
169,18053209,7560224,7560224,0,146026874880,59642371034,27537247215,0,32105123819,0
170,18219602,7615541,7615541,0,147367178240,60028979932,27712468397,0,32316511535,0
171,18386010,7670761,7670761,0,148707522560,60414563771,27887118838,0,32527444933,0
172,18552417,7725971,7725971,0,150047897600,60800172108,28061840880,0,32738331228,0
173,18718807,7781013,7781013,0,151388272640,61184458625,28235817254,0,32948641371,0
174,18885225,7836302,7836302,0,152728668160,61570577496,28410729164,0,33159848332,0
175,19051640,7891501,7891501,0,154069084160,61956043340,28585088630,0,33370954710,0
176,19220179,7958927,7958927,0,155427061760,62443904441,28806801958,0,33637102483,0
177,19388737,8014877,8014877,0,156785070080,62834909536,28983889800,0,33851019736,0
178,19557303,8070715,8070715,0,158143150080,63225012328,29160494992,0,34064517336,0
179,19725862,8126473,8126473,0,159501301760,63614575920,29336833533,0,34277742387,0
180,19894446,8182287,8182287,0,160859504640,64004795765,29513442230,0,34491353535,0
181,20063015,8238008,8238008,0,162217748480,64394128344,29689619879,0,34704508465,0
182,20231579,8293687,8293687,0,163576023040,64783161592,29865750403,0,34917411189,0
183,20400159,8349256,8349256,0,164934318080,65171073852,30041295936,0,35129777916,0
184,20568769,8405097,8405097,0,166292643840,65560730580,30217528880,0,35343201700,0
185,20738884,8474319,8474319,0,167663482880,66060826530,30443396294,0,35617430236,0
186,20909007,8530654,8530654,0,169034342400,66453771629,30620858324,0,35832913305,0
187,21079149,8586848,8586848,0,170405335040,66846099255,30798366535,0,36047732720,0
188,21249296,8643194,8643194,0,171776348160,67239456128,30976389052,0,36263067076,0
189,21419516,8699712,8699712,0,173147402240,67633595012,31154776125,0,36478818887,0
190,21589668,8755882,8755882,0,174518487040,68025605366,31332108910,0,36693496456,0
191,21759830,8812170,8812170,0,175889612800,68418780233,31509943644,0,36908836589,0
192,21930000,8868495,8868495,0,177260769280,68811767293,31687752183,0,37124015110,0
193,22100177,8924695,8924695,0,178631946240,69203938386,31864960561,0,37338977825,0
194,22271074,8992244,8992244,0,180008775680,69690705773,32087233465,0,37603472308,0
195,22441790,9048642,9048642,0,181384151040,70084352759,32265213288,0,37819139471,0
196,22612511,9105227,9105227,0,182759546880,70479646678,32444040813,0,38035605865,0
197,22783370,9163082,9163082,0,184135034880,70884113696,32626653740,0,38257459956,0
198,22954098,9219404,9219404,0,185510543360,71277231023,32804333837,0,38472897186,0
199,23124824,9275749,9275749,0,186886082560,71670617640,32982288573,0,38688329067,0
200,23295551,9332065,9332065,0,188261662720,72063721272,33159993635,0,38903727637,0
201,23466280,9388353,9388353,0,189637253120,72456450053,33337342071,0,39119107982,0
202,23639562,9457474,9457474,0,191035084800,72958078126,33562716010,0,39395362116,0
203,23812842,9514409,9514409,0,192432936960,73355640238,33742355293,0,39613284945,0
204,23986132,9571470,9571470,0,193830850560,73754512241,33922540147,0,39831972094,0
205,24159416,9628351,9628351,0,195228815360,74151741452,34101955741,0,40049785711,0
206,24332721,9685313,9685313,0,196626831360,74549606383,34281731493,0,40267874890,0
207,24506020,9742188,9742188,0,198024888320,74946933668,34461174616,0,40485759052,0
208,24679332,9799081,9799081,0,199422986240,75344383951,34640714628,0,40703669323,0
209,24852683,9856049,9856049,0,200821135360,75742099691,34820136111,0,40921963580,0
