Backup ID, FPindex, SFindex, Deltaindex
0,1959600,192,0
1,3170080,192,0
2,4374240,192,0
3,5549920,192,0
4,6816320,192,0
5,8154720,192,0
6,9503040,192,0
7,10912560,192,0
8,12412080,192,0
9,13768160,192,0
10,15173760,192,0
11,16653200,192,0
12,18145280,192,0
13,19850880,192,0
14,21577520,192,0
15,23303120,192,0
16,25078720,192,0
17,27060000,192,0
18,29113120,192,0
19,31204560,192,0
20,33290880,192,0
21,35530240,192,0
22,37786320,192,0
23,40018960,192,0
24,42314240,192,0
25,44586000,192,0
26,47067120,192,0
27,49407440,192,0
28,51906000,192,0
29,54255280,192,0
30,58423440,192,0
31,61156720,192,0
32,63925360,192,0
33,66713920,192,0
34,69578480,192,0
35,72550800,192,0
36,75492000,192,0
37,78438960,192,0
38,81381440,192,0
39,84346640,192,0
40,86683760,192,0
41,89082720,192,0
42,91467040,192,0
43,93898960,192,0
44,96322160,192,0
45,98698240,192,0
46,101150960,192,0
47,103564320,192,0
48,105880320,192,0
49,108787040,192,0
50,114113600,192,0
51,117685440,192,0
52,121672960,192,0
53,125511200,192,0
54,129211360,192,0
55,133035360,192,0
56,136810240,192,0
57,140562960,192,0
58,144248000,192,0
59,147999360,192,0
60,150946560,192,0
61,154733120,192,0
62,157793840,192,0
63,160784560,192,0
64,163834080,192,0
65,166853040,192,0
66,169946320,192,0
67,172992240,192,0
68,176036000,192,0
69,178988240,192,0
70,182762800,192,0
71,189691440,192,0
72,194052320,192,0
73,198172320,192,0
74,202544480,192,0
75,206276640,192,0
76,210035760,192,0
77,213757120,192,0
78,217486720,192,0
79,221265760,192,0
80,224958080,192,0
81,228665520,192,0
82,232464080,192,0
83,237978160,192,0
84,242327440,192,0
85,246323920,192,0
86,250316400,192,0
87,254304960,192,0
88,258295040,192,0
89,262280160,192,0
90,266265920,192,0
91,270251200,192,0
92,274556800,192,0
93,278582640,192,0
94,282610160,192,0
95,286637600,192,0
96,290661520,192,0
97,294682240,192,0
98,298702800,192,0
99,302734720,192,0
100,307033440,192,0
101,311082400,192,0
102,315129600,192,0
103,319175280,192,0
104,323217040,192,0
105,327249200,192,0
106,331288000,192,0
107,335323200,192,0
108,339357600,192,0
109,343741280,192,0
110,347831760,192,0
111,351911360,192,0
112,355993120,192,0
113,360070160,192,0
114,364146800,192,0
115,368233760,192,0
116,372308160,192,0
117,377525680,192,0
118,381677840,192,0
119,385814400,192,0
120,389948880,192,0
121,394082960,192,0
122,398210880,192,0
123,402335920,192,0
124,406483680,192,0
125,411493040,192,0
126,415669440,192,0
127,419854320,192,0
128,424040080,192,0
129,428214160,192,0
130,432387200,192,0
131,436558720,192,0
132,440736480,192,0
133,445899440,192,0
134,450122720,192,0
135,454345280,192,0
136,458561280,192,0
137,462789680,192,0
138,466998160,192,0
139,471204480,192,0
140,475402320,192,0
141,479604480,192,0
142,484679920,192,0
143,488954000,192,0
144,493214880,192,0
145,497464400,192,0
146,501714000,192,0
147,505966480,192,0
148,510214080,192,0
149,514458800,192,0
150,518698000,192,0
151,524127520,192,0
152,528489600,192,0
153,532795760,192,0
154,537090880,192,0
155,541399840,192,0
156,545691760,192,0
157,549980800,192,0
158,554275680,192,0
159,559826320,192,0
160,564192720,192,0
161,568544160,192,0
162,572910800,192,0
163,577264960,192,0
164,581622960,192,0
165,585986880,192,0
166,590340480,192,0
167,594688720,192,0
168,600380160,192,0
169,604817920,192,0
170,609243280,192,0
171,613660880,192,0
172,618077680,192,0
173,622481040,192,0
174,626904160,192,0
175,631320080,192,0
176,636714160,192,0
177,641190160,192,0
178,645657200,192,0
179,650117840,192,0
180,654582960,192,0
181,659040640,192,0
182,663494960,192,0
183,667940480,192,0
184,672407760,192,0
185,677945520,192,0
186,682452320,192,0
187,686947840,192,0
188,691455520,192,0
189,695976960,192,0
190,700470560,192,0
191,704973600,192,0
192,709479600,192,0
193,713975600,192,0
194,719379520,192,0
195,723891360,192,0
196,728418160,192,0
197,733046560,192,0
198,737552320,192,0
199,742059920,192,0
200,746565200,192,0
201,751068240,192,0
202,756597920,192,0
203,761152720,192,0
204,765717600,192,0
205,770268080,192,0
206,774825040,192,0
207,779375040,192,0
208,783926480,192,0
209,788483920,192,0
