BackupID, OnlineSpeed(MB/s), Encalve ProcessTime(s), BackupSize, OnlineSize, OfflineSize, OfflineTime(s)
0, 231.24, 0.858862, 208250880, 100654960, 100654960, 1.8e-05
1, 313.086, 0.647973, 212725760, 167856699, 167856699, 1.8e-05
2, 311.585, 0.671623, 219432960, 234554215, 234554215, 2.7e-05
3, 323.992, 0.659617, 224092160, 300239983, 300239983, 2.2e-05
4, 310.707, 0.7003, 228157440, 370933548, 370933548, 2e-05
5, 308.151, 0.724046, 233953280, 445380866, 445380866, 2.4e-05
6, 305.161, 0.739427, 236605440, 520682493, 520682493, 1.9e-05
7, 298.523, 0.767157, 240138240, 599158786, 599158786, 2.4e-05
8, 287.556, 0.817401, 246466560, 682755922, 682755922, 2e-05
9, 312.631, 0.763585, 250316800, 759435307, 759435307, 2.5e-05
10, 303.007, 0.800699, 254402560, 837792534, 837792534, 2e-05
11, 308.61, 0.81249, 262922240, 920282293, 920282293, 1.7e-05
12, 297.041, 0.849853, 264704000, 1003671796, 1003671796, 2e-05
13, 289.281, 0.899454, 272834560, 1097797331, 1097797331, 2.6e-05
14, 285.827, 0.949753, 284651520, 1193673939, 1193673939, 1.9e-05
15, 294.674, 0.937179, 289576960, 1289461552, 1289461552, 2.3e-05
16, 291.132, 0.962501, 293826560, 1388374089, 1388374089, 1.8e-05
17, 295.041, 1.00287, 310261760, 1490071035, 1490071035, 2.1e-05
18, 279.764, 1.14599, 336179200, 1602875341, 1602875341, 2.3e-05
19, 294.304, 1.14435, 353146880, 1718297707, 1718297707, 2.1e-05
20, 300.436, 1.16088, 365711360, 1833634727, 1833634727, 1.9e-05
21, 300.207, 1.21475, 382392320, 1956473218, 1956473218, 2.4e-05
22, 297.347, 1.2672, 395100160, 2080690715, 2080690715, 1.9e-05
23, 307.964, 1.25316, 404674560, 2204445410, 2204445410, 1.9e-05
24, 302.721, 1.30077, 412897280, 2330728825, 2330728825, 2.5e-05
25, 306.348, 1.28773, 413655040, 2455574488, 2455574488, 2.9e-05
26, 294.195, 1.39828, 431349760, 2591026447, 2591026447, 2.4e-05
27, 303.778, 1.38288, 440494080, 2720124264, 2720124264, 1.9e-05
28, 295.977, 1.44866, 449597440, 2857749941, 2857749941, 2e-05
29, 312.238, 1.37744, 450979840, 2988052255, 2988052255, 2.4e-05
30, 239.776, 2.07444, 521564160, 3203163432, 3203163432, 2.9e-05
31, 316.524, 1.60931, 534128640, 3354117022, 3354117022, 2.3e-05
32, 315.439, 1.6446, 543969280, 3506600530, 3506600530, 2.3e-05
33, 313.396, 1.67311, 549816320, 3660038461, 3660038461, 2.8e-05
34, 313.833, 1.70189, 560056320, 3817459631, 3817459631, 2.4e-05
35, 310.971, 1.7527, 571514880, 3980076728, 3980076728, 2.1e-05
36, 319.532, 1.72707, 578662400, 4141537004, 4141537004, 2.6e-05
37, 312.37, 1.76039, 576604160, 4303195792, 4303195792, 2.3e-05
38, 311.565, 1.77663, 580423680, 4465139877, 4465139877, 2.2e-05
39, 303.462, 1.83675, 584458240, 4628802140, 4628802140, 1.9e-05
40, 311.339, 1.39211, 454471680, 4758303941, 4758303941, 1.9e-05
41, 305.972, 1.4366, 460912640, 4891105837, 4891105837, 1.9e-05
42, 306.334, 1.45101, 466083840, 5023078111, 5023078111, 2e-05
43, 307.233, 1.46688, 472565760, 5157832769, 5157832769, 2e-05
44, 312.072, 1.46601, 479723520, 5292106574, 5292106574, 1.9e-05
45, 316.47, 1.47421, 489205760, 5424127671, 5424127671, 1.9e-05
46, 315.701, 1.50747, 499025920, 5560013927, 5560013927, 2.5e-05
47, 319.55, 1.50911, 505661440, 5694329950, 5694329950, 1.9e-05
48, 328.371, 1.49231, 513832960, 5823955378, 5823955378, 2.3e-05
49, 314.881, 1.78691, 589998080, 5983971351, 5983971351, 1.9e-05
50, 259.486, 2.62083, 713103360, 6255014159, 6255014159, 2e-05
51, 297.47, 2.31559, 722278400, 6449872180, 6449872180, 1.9e-05
52, 321.111, 2.31575, 779735040, 6655969816, 6655969816, 2.9e-05
53, 339.194, 2.29997, 818032640, 6859855463, 6859855463, 1.9e-05
54, 339.309, 2.31894, 825057280, 7060669888, 7060669888, 1.9e-05
55, 338.898, 2.34792, 834355200, 7268794668, 7268794668, 2.3e-05
56, 333.324, 2.39172, 835942400, 7473468411, 7473468411, 2e-05
57, 340.885, 2.33271, 833812480, 7676806441, 7676806441, 2.3e-05
58, 340.781, 2.32256, 829931520, 7877939846, 7877939846, 1.9e-05
59, 345.06, 2.32011, 839464960, 8082380416, 8082380416, 2e-05
60, 315.17, 1.80322, 595927040, 8245446430, 8245446430, 1.9e-05
61, 341.463, 2.3873, 854773760, 8450838788, 8450838788, 2e-05
62, 319.745, 1.8819, 630958080, 8619167413, 8619167413, 2.1e-05
63, 334.2, 1.8287, 640839680, 8784526817, 8784526817, 2.5e-05
64, 326.728, 1.89246, 648355840, 8953007113, 8953007113, 2.4e-05
65, 327.314, 1.91733, 658053120, 9120661787, 9120661787, 1.9e-05
66, 313.021, 2.02971, 666204160, 9292131557, 9292131557, 2.4e-05
67, 336.127, 1.92075, 676976640, 9461672478, 9461672478, 2e-05
68, 333.208, 1.96618, 686970880, 9630804646, 9630804646, 1.9e-05
69, 342.168, 1.9387, 695582720, 9795450791, 9795450791, 2.3e-05
70, 343.662, 2.3957, 863303680, 10000116977, 10000116977, 2.4e-05
71, 279.171, 3.48184, 1019248640, 10338379605, 10338379605, 2.4e-05
72, 357.689, 2.83744, 1064222720, 10566443495, 10566443495, 2e-05
73, 376.165, 2.71355, 1070325760, 10788399121, 10788399121, 2.4e-05
74, 361.587, 2.87955, 1091788800, 11020820745, 11020820745, 1.9e-05
75, 340.409, 2.442, 871659520, 11224578006, 11224578006, 2.6e-05
76, 345.506, 2.40479, 871229440, 11428474571, 11428474571, 2.3e-05
77, 354.109, 2.45977, 913336320, 11630471727, 11630471727, 2.3e-05
78, 354.91, 2.52086, 938137600, 11832852266, 11832852266, 1.9e-05
79, 357.246, 2.52988, 947691520, 12036467801, 12036467801, 3.8e-05
80, 361.075, 2.52926, 957614080, 12237120278, 12237120278, 1.8e-05
81, 364.153, 2.52925, 965775360, 12439451137, 12439451137, 2e-05
82, 363.61, 2.58052, 983879680, 12645363749, 12645363749, 2e-05
83, 304.531, 3.16612, 1011015680, 12876176133, 12876176133, 3.5e-05
84, 396.587, 2.4519, 1019627520, 13052947314, 13052947314, 2e-05
85, 420.202, 2.31246, 1018900480, 13212494678, 13212494678, 2e-05
86, 406.877, 2.38831, 1018951680, 13371844125, 13371844125, 2.5e-05
87, 411.03, 2.36444, 1019064320, 13531033642, 13531033642, 2.5e-05
88, 418.243, 2.32382, 1019136000, 13690302696, 13690302696, 2.4e-05
89, 422.691, 2.29954, 1019207680, 13849372088, 13849372088, 2.9e-05
90, 419.088, 2.31933, 1019217920, 14008382963, 14008382963, 1.9e-05
91, 409.436, 2.37405, 1019238400, 14167167106, 14167167106, 1.9e-05
92, 408.173, 2.48576, 1063905280, 14341917978, 14341917978, 2e-05
93, 425.375, 2.38523, 1063905280, 14502430509, 14502430509, 2.5e-05
94, 417.161, 2.43232, 1063956480, 14663183075, 14663183075, 2.4e-05
95, 425.509, 2.3848, 1064048640, 14823821867, 14823821867, 2.5e-05
96, 416.18, 2.43833, 1064079360, 14984352641, 14984352641, 2.4e-05
97, 426.816, 2.37769, 1064130560, 15144660386, 15144660386, 2.6e-05
98, 412.865, 2.45817, 1064192000, 15304983813, 15304983813, 2.3e-05
99, 427.663, 2.37316, 1064212480, 15465440607, 15465440607, 1.9e-05
100, 400.572, 2.54761, 1070069760, 15640342396, 15640342396, 2e-05
101, 415.465, 2.45637, 1070110720, 15801817048, 15801817048, 2e-05
102, 412.296, 2.4754, 1070172160, 15963345087, 15963345087, 2.9e-05
103, 427.022, 2.39006, 1070182400, 16124668654, 16124668654, 2.4e-05
104, 414.354, 2.46329, 1070254080, 16285833145, 16285833145, 2.4e-05
105, 423.726, 2.40883, 1070264320, 16446553730, 16446553730, 1.8e-05
106, 420.851, 2.42538, 1070305280, 16607605772, 16607605772, 2.4e-05
107, 430.057, 2.37348, 1070315520, 16768426887, 16768426887, 1.9e-05
108, 398.702, 2.56014, 1070315520, 16928998767, 16928998767, 2.5e-05
109, 411.54, 2.5293, 1091471360, 17107171639, 17107171639, 2.4e-05
110, 418.232, 2.4889, 1091502080, 17270094703, 17270094703, 2.3e-05
111, 427.751, 2.43358, 1091532800, 17432484462, 17432484462, 1.9e-05
112, 398.536, 2.61227, 1091655680, 17595102191, 17595102191, 2.3e-05
113, 419.28, 2.48309, 1091686400, 17757407840, 17757407840, 2e-05
114, 416.522, 2.49961, 1091717120, 17919703678, 17919703678, 2.3e-05
115, 417.806, 2.49204, 1091768320, 18082435678, 18082435678, 2.1e-05
116, 417.158, 2.49594, 1091778560, 18244391682, 18244391682, 2e-05
117, 374.052, 2.87224, 1126553600, 18460269954, 18460269954, 1.9e-05
118, 432.524, 2.48394, 1126553600, 18625944985, 18625944985, 2.4e-05
119, 421.619, 2.54828, 1126594560, 18790895420, 18790895420, 2.5e-05
120, 420.183, 2.55713, 1126656000, 18955730297, 18955730297, 2.4e-05
121, 418.206, 2.56931, 1126696960, 19120379800, 19120379800, 2e-05
122, 422.029, 2.54609, 1126717440, 19284778827, 19284778827, 2e-05
123, 422.912, 2.54079, 1126727680, 19448980950, 19448980950, 2.4e-05
124, 420.72, 2.55405, 1126737920, 19613914313, 19613914313, 1.8e-05
125, 379.686, 2.85526, 1136762880, 19821665706, 19821665706, 2.3e-05
126, 423.602, 2.55934, 1136803840, 19987973031, 19987973031, 1.8e-05
127, 424.106, 2.55641, 1136855040, 20154792126, 20154792126, 2.5e-05
128, 434.172, 2.49726, 1136906240, 20321609498, 20321609498, 1.9e-05
129, 421.157, 2.5745, 1136936960, 20487753278, 20487753278, 2.3e-05
130, 420.681, 2.5775, 1136977920, 20653947247, 20653947247, 2.4e-05
131, 422.264, 2.56791, 1137008640, 20820060105, 20820060105, 2e-05
132, 424.146, 2.55654, 1137018880, 20986157263, 20986157263, 2.5e-05
133, 369.66, 2.97156, 1151825920, 21200886628, 21200886628, 3.7e-05
134, 423.59, 2.59335, 1151877120, 21369248838, 21369248838, 2.5e-05
135, 420.918, 2.60972, 1151836160, 21537497762, 21537497762, 3.5e-05
136, 423.316, 2.59505, 1151887360, 21705417825, 21705417825, 2.4e-05
137, 418.914, 2.62246, 1151948800, 21873882821, 21873882821, 2.4e-05
138, 420.178, 2.61464, 1151979520, 22041382727, 22041382727, 2.7e-05
139, 419.185, 2.62088, 1152000000, 22208766966, 22208766966, 2.3e-05
140, 435.269, 2.52408, 1152020480, 22375671105, 22375671105, 2.6e-05
141, 335.742, 3.27234, 1152030720, 22542587878, 22542587878, 1.9e-05
142, 393.262, 2.81207, 1159598080, 22753445815, 22753445815, 1.9e-05
143, 433.703, 2.55003, 1159680000, 22923722955, 22923722955, 2e-05
144, 433.594, 2.55083, 1159751680, 23093390462, 23093390462, 2e-05
145, 424.364, 2.60636, 1159772160, 23262357842, 23262357842, 2.4e-05
146, 422.251, 2.61945, 1159792640, 23431445553, 23431445553, 2.7e-05
147, 426.2, 2.59524, 1159823360, 23600684757, 23600684757, 2e-05
148, 429.135, 2.57756, 1159854080, 23769656664, 23769656664, 2.5e-05
149, 423.698, 2.61078, 1159915520, 23938386424, 23938386424, 1.9e-05
150, 425.969, 2.59686, 1159915520, 24106418779, 24106418779, 1.9e-05
151, 384.013, 3.01761, 1215088640, 24327806064, 24327806064, 1.9e-05
152, 428.961, 2.70148, 1215119360, 24501425432, 24501425432, 2e-05
153, 433.244, 2.67481, 1215139840, 24672601775, 24672601775, 2.4e-05
154, 434.477, 2.66727, 1215160320, 24843157076, 24843157076, 1.9e-05
155, 432.705, 2.67826, 1215191040, 25014373295, 25014373295, 2e-05
156, 443.424, 2.61358, 1215221760, 25184790516, 25184790516, 1.9e-05
157, 445.079, 2.60393, 1215252480, 25355058419, 25355058419, 2.6e-05
158, 433.836, 2.67148, 1215283200, 25525261540, 25525261540, 2.3e-05
159, 389.552, 3.10661, 1268971520, 25750265866, 25750265866, 1.9e-05
160, 437.806, 2.76431, 1269022720, 25923512177, 25923512177, 2.2e-05
161, 450.199, 2.68829, 1269053440, 26096012021, 26096012021, 2e-05
162, 447.199, 2.70645, 1269114880, 26269221741, 26269221741, 2.4e-05
163, 439.079, 2.75657, 1269145600, 26441741618, 26441741618, 2.1e-05
164, 438.857, 2.75805, 1269186560, 26614348936, 26614348936, 2.3e-05
165, 436.317, 2.77427, 1269258240, 26787562090, 26787562090, 2e-05
166, 434.851, 2.78371, 1269299200, 26960162865, 26960162865, 2.4e-05
167, 449.458, 2.69324, 1269299200, 27132265826, 27132265826, 2e-05
168, 397.88, 3.21219, 1340149760, 27361539614, 27361539614, 2e-05
169, 438.259, 2.91648, 1340262400, 27537247215, 27537247215, 2.4e-05
170, 445.406, 2.86977, 1340303360, 27712468397, 27712468397, 2e-05
171, 444.586, 2.87515, 1340344320, 27887118838, 27887118838, 2e-05
172, 455.872, 2.80403, 1340375040, 28061840880, 28061840880, 2.2e-05
173, 445.292, 2.87066, 1340375040, 28235817254, 28235817254, 2.4e-05
174, 455.945, 2.80363, 1340395520, 28410729164, 28410729164, 2e-05
175, 445.361, 2.8703, 1340416000, 28585088630, 28585088630, 2e-05
176, 404.011, 3.20553, 1357977600, 28806801958, 28806801958, 2.4e-05
177, 446.407, 2.90116, 1358008320, 28983889800, 28983889800, 2.4e-05
178, 445.557, 2.90685, 1358080000, 29160494992, 29160494992, 2e-05
179, 448.965, 2.88493, 1358151680, 29336833533, 29336833533, 2.3e-05
180, 456.856, 2.83521, 1358202880, 29513442230, 29513442230, 2e-05
181, 446.238, 2.90276, 1358243840, 29689619879, 29689619879, 2e-05
182, 444.564, 2.91376, 1358274560, 29865750403, 29865750403, 2.4e-05
183, 446.382, 2.90193, 1358295040, 30041295936, 30041295936, 2.4e-05
184, 401.091, 3.22969, 1358325760, 30217528880, 30217528880, 2.4e-05
185, 411.585, 3.17634, 1370839040, 30443396294, 30443396294, 1.9e-05
186, 458.906, 2.84885, 1370859520, 30620858324, 30620858324, 2e-05
187, 445.906, 2.93219, 1370992640, 30798366535, 30798366535, 2e-05
188, 446.111, 2.93089, 1371013120, 30976389052, 30976389052, 2e-05
189, 456.77, 2.86258, 1371054080, 31154776125, 31154776125, 3.1e-05
190, 446.529, 2.9283, 1371084800, 31332108910, 31332108910, 1.9e-05
191, 455.973, 2.86773, 1371125760, 31509943644, 31509943644, 2e-05
192, 446.216, 2.9305, 1371156480, 31687752183, 31687752183, 2e-05
193, 449.403, 2.90976, 1371176960, 31864960561, 31864960561, 2.3e-05
194, 407.05, 3.22576, 1376829440, 32087233465, 32087233465, 2.4e-05
195, 456.853, 2.87108, 1375375360, 32265213288, 32265213288, 1.9e-05
196, 447.609, 2.93042, 1375395840, 32444040813, 32444040813, 2.3e-05
197, 443.904, 2.95507, 1375488000, 32626653740, 32626653740, 2.1e-05
198, 457.084, 2.8699, 1375508480, 32804333837, 32804333837, 2.5e-05
199, 447.585, 2.93088, 1375539200, 32982288573, 32982288573, 2.5e-05
200, 445.378, 2.94549, 1375580160, 33159993635, 33159993635, 1.9e-05
201, 447.378, 2.93234, 1375590400, 33337342071, 33337342071, 2.7e-05
202, 410.817, 3.24494, 1397831680, 33562716010, 33562716010, 2.5e-05
203, 449.133, 2.96815, 1397852160, 33742355293, 33742355293, 1.8e-05
204, 459.38, 2.90207, 1397913600, 33922540147, 33922540147, 2.6e-05
205, 447.588, 2.97864, 1397964800, 34101955741, 34101955741, 2e-05
206, 456.856, 2.91832, 1398016000, 34281731493, 34281731493, 2.4e-05
207, 458.337, 2.90898, 1398056960, 34461174616, 34461174616, 1.8e-05
208, 455.716, 2.92579, 1398097920, 34640714628, 34640714628, 2.3e-05
209, 449.571, 2.96589, 1398149120, 34820136111, 34820136111, 2e-05
