Backup ID, Ecall, Inline_Ocall, Offline_Ocall, _Inline_FPOcall, _Inline_SFOcall, _Inline_LocalOcall, _Inline_LoadOcall, _Inline_DeltaOcall, _Inline_RecipeOcall, _Inline_Write_ContainerOcall, _inline_have_similar_chunk_num, _inline_need_load_container_num
0,195,217,0,193,0,0,0,0,24,25,0,0,
1,394,438,0,390,0,0,0,0,48,42,0,0,
2,599,666,0,593,0,0,0,0,73,58,0,0,
3,808,898,0,800,0,0,0,0,98,74,0,0,
4,1020,1134,0,1010,0,0,0,0,124,91,0,0,
5,1238,1376,0,1226,0,0,0,0,150,109,0,0,
6,1458,1621,0,1444,0,0,0,0,177,128,0,0,
7,1681,1869,0,1665,0,0,0,0,204,147,0,0,
8,1910,2124,0,1892,0,0,0,0,232,168,0,0,
9,2141,2381,0,2121,0,0,0,0,260,187,0,0,
10,2377,2644,0,2355,0,0,0,0,289,206,0,0,
11,2620,2915,0,2596,0,0,0,0,319,226,0,0,
12,2865,3188,0,2839,0,0,0,0,349,246,0,0,
13,3117,3469,0,3089,0,0,0,0,380,269,0,0,
14,3379,3761,0,3349,0,0,0,0,412,292,0,0,
15,3646,4059,0,3614,0,0,0,0,445,315,0,0,
16,3917,4361,0,3883,0,0,0,0,478,339,0,0,
17,4216,4695,0,4180,0,0,0,0,515,364,0,0,
18,4526,5041,0,4488,0,0,0,0,553,392,0,0,
19,4851,5404,0,4811,0,0,0,0,593,420,0,0,
20,5187,5779,0,5145,0,0,0,0,634,448,0,0,
21,5539,6172,0,5495,0,0,0,0,677,478,0,0,
22,5903,6579,0,5857,0,0,0,0,722,508,0,0,
23,6275,6995,0,6227,0,0,0,0,768,538,0,0,
24,6655,7420,0,6605,0,0,0,0,815,569,0,0,
25,7037,7847,0,6985,0,0,0,0,862,599,0,0,
26,7435,8292,0,7381,0,0,0,0,911,632,0,0,
27,7841,8746,0,7785,0,0,0,0,961,663,0,0,
28,8256,9210,0,8198,0,0,0,0,1012,696,0,0,
29,8672,9675,0,8612,0,0,0,0,1063,728,0,0,
30,9153,10213,0,9091,0,0,0,0,1122,780,0,0,
31,9644,10763,0,9580,0,0,0,0,1183,817,0,0,
32,10144,11323,0,10078,0,0,0,0,1245,854,0,0,
33,10650,11889,0,10582,0,0,0,0,1307,891,0,0,
34,11165,12466,0,11095,0,0,0,0,1371,929,0,0,
35,11691,13055,0,11619,0,0,0,0,1436,968,0,0,
36,12223,13651,0,12149,0,0,0,0,1502,1007,0,0,
37,12754,14246,0,12678,0,0,0,0,1568,1046,0,0,
38,13288,14844,0,13210,0,0,0,0,1634,1085,0,0,
39,13825,15445,0,13745,0,0,0,0,1700,1125,0,0,
40,14245,15915,0,14163,0,0,0,0,1752,1157,0,0,
41,14670,16390,0,14586,0,0,0,0,1804,1189,0,0,
42,15100,16871,0,15014,0,0,0,0,1857,1221,0,0,
43,15537,17360,0,15449,0,0,0,0,1911,1254,0,0,
44,15980,17856,0,15890,0,0,0,0,1966,1287,0,0,
45,16431,18361,0,16339,0,0,0,0,2022,1319,0,0,
46,16891,18876,0,16797,0,0,0,0,2079,1352,0,0,
47,17357,19397,0,17261,0,0,0,0,2136,1385,0,0,
48,17830,19926,0,17732,0,0,0,0,2194,1417,0,0,
49,18373,20534,0,18273,0,0,0,0,2261,1456,0,0,
50,19025,21265,0,18923,0,0,0,0,2342,1521,0,0,
51,19685,22005,0,19581,0,0,0,0,2424,1568,0,0,
52,20394,22800,0,20288,0,0,0,0,2512,1618,0,0,
53,21133,23629,0,21025,0,0,0,0,2604,1667,0,0,
54,21878,24464,0,21768,0,0,0,0,2696,1716,0,0,
55,22631,25307,0,22518,0,0,0,0,2789,1766,0,0,
56,23385,26141,0,23259,0,0,0,0,2882,1816,0,0,
57,24136,26956,0,23981,0,0,0,0,2975,1865,0,0,
58,24884,27765,0,24697,0,0,0,0,3068,1914,0,0,
59,25641,28585,0,25423,0,0,0,0,3162,1963,0,0,
60,26189,29199,0,25969,0,0,0,0,3230,2003,0,0,
61,26958,30031,0,26706,0,0,0,0,3325,2053,0,0,
62,27537,30679,0,27282,0,0,0,0,3397,2094,0,0,
63,28125,31337,0,27867,0,0,0,0,3470,2134,0,0,
64,28720,32003,0,28459,0,0,0,0,3544,2175,0,0,
65,29322,32676,0,29058,0,0,0,0,3618,2216,0,0,
66,29932,33358,0,29665,0,0,0,0,3693,2258,0,0,
67,30551,34051,0,30281,0,0,0,0,3770,2299,0,0,
68,31180,34755,0,30907,0,0,0,0,3848,2340,0,0,
69,31816,35467,0,31540,0,0,0,0,3927,2380,0,0,
70,32593,36304,0,32281,0,0,0,0,4023,2430,0,0,
71,33504,37296,0,33160,0,0,0,0,4136,2512,0,0,
72,34451,38327,0,34073,0,0,0,0,4254,2567,0,0,
73,35404,39363,0,34991,0,0,0,0,4372,2621,0,0,
74,36375,40418,0,35925,0,0,0,0,4493,2677,0,0,
75,37160,41261,0,36671,0,0,0,0,4590,2726,0,0,
76,37943,42103,0,37416,0,0,0,0,4687,2775,0,0,
77,38761,42982,0,38194,0,0,0,0,4788,2824,0,0,
78,39600,43886,0,38994,0,0,0,0,4892,2873,0,0,
79,40450,44799,0,39802,0,0,0,0,4997,2922,0,0,
80,41308,45711,0,40608,0,0,0,0,5103,2971,0,0,
81,42173,46622,0,41412,0,0,0,0,5210,3020,0,0,
82,43055,47554,0,42235,0,0,0,0,5319,3070,0,0,
83,44077,48641,0,43195,0,0,0,0,5446,3126,0,0,
84,45108,49735,0,44161,0,0,0,0,5574,3169,0,0,
85,46138,50824,0,45122,0,0,0,0,5702,3208,0,0,
86,47168,51913,0,46083,0,0,0,0,5830,3247,0,0,
87,48199,53004,0,47046,0,0,0,0,5958,3286,0,0,
88,49230,54092,0,48006,0,0,0,0,6086,3325,0,0,
89,50261,55178,0,48964,0,0,0,0,6214,3364,0,0,
90,51292,56264,0,49922,0,0,0,0,6342,3403,0,0,
91,52323,57348,0,50878,0,0,0,0,6470,3442,0,0,
92,53391,58478,0,51875,0,0,0,0,6603,3484,0,0,
93,54459,59607,0,52871,0,0,0,0,6736,3523,0,0,
94,55527,60738,0,53869,0,0,0,0,6869,3562,0,0,
95,56595,61864,0,54862,0,0,0,0,7002,3601,0,0,
96,57663,62988,0,55853,0,0,0,0,7135,3640,0,0,
97,58731,64107,0,56839,0,0,0,0,7268,3679,0,0,
98,59799,65227,0,57826,0,0,0,0,7401,3718,0,0,
99,60868,66343,0,58809,0,0,0,0,7534,3757,0,0,
100,61942,67461,0,59794,0,0,0,0,7667,3799,0,0,
101,63016,68575,0,60775,0,0,0,0,7800,3838,0,0,
102,64090,69689,0,61756,0,0,0,0,7933,3877,0,0,
103,65164,70802,0,62736,0,0,0,0,8066,3916,0,0,
104,66238,71915,0,63716,0,0,0,0,8199,3955,0,0,
105,67312,73028,0,64696,0,0,0,0,8332,3994,0,0,
106,68386,74141,0,65676,0,0,0,0,8465,4033,0,0,
107,69460,75254,0,66656,0,0,0,0,8598,4072,0,0,
108,70534,76367,0,67636,0,0,0,0,8731,4111,0,0,
109,71627,77504,0,68637,0,0,0,0,8867,4154,0,0,
110,72720,78641,0,69638,0,0,0,0,9003,4194,0,0,
111,73813,79777,0,70638,0,0,0,0,9139,4233,0,0,
112,74906,80912,0,71637,0,0,0,0,9275,4272,0,0,
113,75999,82047,0,72636,0,0,0,0,9411,4311,0,0,
114,77092,83182,0,73635,0,0,0,0,9547,4350,0,0,
115,78186,84319,0,74636,0,0,0,0,9683,4390,0,0,
116,79279,85454,0,75635,0,0,0,0,9819,4429,0,0,
117,80400,86619,0,76661,0,0,0,0,9958,4481,0,0,
118,81521,87784,0,77687,0,0,0,0,10097,4521,0,0,
119,82642,88950,0,78714,0,0,0,0,10236,4561,0,0,
120,83763,90115,0,79740,0,0,0,0,10375,4601,0,0,
121,84884,91274,0,80760,0,0,0,0,10514,4641,0,0,
122,86005,92435,0,81782,0,0,0,0,10653,4681,0,0,
123,87126,93596,0,82804,0,0,0,0,10792,4721,0,0,
124,88248,94757,0,83826,0,0,0,0,10931,4761,0,0,
125,89380,95932,0,84860,0,0,0,0,11072,4811,0,0,
126,90512,97105,0,85892,0,0,0,0,11213,4851,0,0,
127,91644,98278,0,86924,0,0,0,0,11354,4891,0,0,
128,92776,99448,0,87953,0,0,0,0,11495,4931,0,0,
129,93908,100617,0,88981,0,0,0,0,11636,4971,0,0,
130,95040,101784,0,90007,0,0,0,0,11777,5011,0,0,
131,96172,102946,0,91028,0,0,0,0,11918,5051,0,0,
132,97304,104108,0,92049,0,0,0,0,12059,5091,0,0,
133,98451,105289,0,93087,0,0,0,0,12202,5143,0,0,
134,99598,106470,0,94125,0,0,0,0,12345,5184,0,0,
135,100745,107649,0,95161,0,0,0,0,12488,5225,0,0,
136,101892,108828,0,96197,0,0,0,0,12631,5266,0,0,
137,103040,110010,0,97236,0,0,0,0,12774,5307,0,0,
138,104187,111189,0,98272,0,0,0,0,12917,5348,0,0,
139,105334,112369,0,99309,0,0,0,0,13060,5389,0,0,
140,106481,113548,0,100345,0,0,0,0,13203,5430,0,0,
141,107628,114728,0,101382,0,0,0,0,13346,5471,0,0,
142,108784,115919,0,102429,0,0,0,0,13490,5522,0,0,
143,109940,117111,0,103477,0,0,0,0,13634,5563,0,0,
144,111096,118301,0,104523,0,0,0,0,13778,5604,0,0,
145,112252,119491,0,105569,0,0,0,0,13922,5645,0,0,
146,113408,120681,0,106615,0,0,0,0,14066,5686,0,0,
147,114564,121870,0,107660,0,0,0,0,14210,5727,0,0,
148,115720,123058,0,108704,0,0,0,0,14354,5768,0,0,
149,116876,124248,0,109750,0,0,0,0,14498,5809,0,0,
150,118032,125434,0,110792,0,0,0,0,14642,5850,0,0,
151,119233,126674,0,111883,0,0,0,0,14791,5904,0,0,
152,120434,127913,0,112973,0,0,0,0,14940,5946,0,0,
153,121635,129152,0,114063,0,0,0,0,15089,5988,0,0,
154,122836,130391,0,115153,0,0,0,0,15238,6029,0,0,
155,124037,131630,0,116243,0,0,0,0,15387,6071,0,0,
156,125238,132866,0,117330,0,0,0,0,15536,6112,0,0,
157,126439,134101,0,118416,0,0,0,0,15685,6153,0,0,
158,127640,135338,0,119504,0,0,0,0,15834,6194,0,0,
159,128885,136625,0,120636,0,0,0,0,15989,6248,0,0,
160,130130,137907,0,121763,0,0,0,0,16144,6290,0,0,
161,131375,139193,0,122894,0,0,0,0,16299,6332,0,0,
162,132620,140479,0,124025,0,0,0,0,16454,6374,0,0,
163,133865,141762,0,125153,0,0,0,0,16609,6416,0,0,
164,135110,143047,0,126283,0,0,0,0,16764,6458,0,0,
165,136355,144328,0,127409,0,0,0,0,16919,6500,0,0,
166,137600,145609,0,128535,0,0,0,0,17074,6542,0,0,
167,138845,146886,0,129657,0,0,0,0,17229,6584,0,0,
168,140147,148229,0,130838,0,0,0,0,17391,6639,0,0,
169,141449,149564,0,132011,0,0,0,0,17553,6682,0,0,
170,142751,150894,0,133179,0,0,0,0,17715,6725,0,0,
171,144054,152224,0,134347,0,0,0,0,17877,6767,0,0,
172,145357,153554,0,135515,0,0,0,0,18039,6809,0,0,
173,146659,154882,0,136681,0,0,0,0,18201,6851,0,0,
174,147962,156210,0,137847,0,0,0,0,18363,6893,0,0,
175,149265,157538,0,139013,0,0,0,0,18525,6935,0,0,
176,150584,158882,0,140193,0,0,0,0,18689,6989,0,0,
177,151903,160226,0,141373,0,0,0,0,18853,7032,0,0,
178,153222,161564,0,142547,0,0,0,0,19017,7075,0,0,
179,154541,162895,0,143714,0,0,0,0,19181,7118,0,0,
180,155861,164226,0,144881,0,0,0,0,19345,7161,0,0,
181,157180,165552,0,146043,0,0,0,0,19509,7204,0,0,
182,158499,166876,0,147203,0,0,0,0,19673,7247,0,0,
183,159819,168200,0,148363,0,0,0,0,19837,7290,0,0,
184,161139,169520,0,149519,0,0,0,0,20001,7333,0,0,
185,162471,170857,0,150690,0,0,0,0,20167,7388,0,0,
186,163803,172194,0,151861,0,0,0,0,20333,7431,0,0,
187,165135,173531,0,153032,0,0,0,0,20499,7474,0,0,
188,166467,174865,0,154200,0,0,0,0,20665,7517,0,0,
189,167799,176194,0,155363,0,0,0,0,20831,7560,0,0,
190,169131,177518,0,156521,0,0,0,0,20997,7603,0,0,
191,170463,178841,0,157678,0,0,0,0,21163,7646,0,0,
192,171795,180162,0,158833,0,0,0,0,21329,7689,0,0,
193,173127,181477,0,159982,0,0,0,0,21495,7732,0,0,
194,174465,182795,0,161134,0,0,0,0,21661,7786,0,0,
195,175801,184109,0,162282,0,0,0,0,21827,7829,0,0,
196,177137,185422,0,163429,0,0,0,0,21993,7872,0,0,
197,178474,186737,0,164578,0,0,0,0,22159,7916,0,0,
198,179810,188047,0,165722,0,0,0,0,22325,7959,0,0,
199,181146,189359,0,166868,0,0,0,0,22491,8002,0,0,
200,182482,190671,0,168014,0,0,0,0,22657,8045,0,0,
201,183818,191982,0,169159,0,0,0,0,22823,8088,0,0,
202,185174,193322,0,170330,0,0,0,0,22992,8143,0,0,
203,186530,194659,0,171498,0,0,0,0,23161,8187,0,0,
204,187886,195998,0,172668,0,0,0,0,23330,8231,0,0,
205,189242,197335,0,173836,0,0,0,0,23499,8275,0,0,
206,190598,198672,0,175004,0,0,0,0,23668,8319,0,0,
207,191954,200008,0,176171,0,0,0,0,23837,8363,0,0,
208,193310,201345,0,177339,0,0,0,0,24006,8407,0,0,
209,194667,202684,0,178509,0,0,0,0,24175,8451,0,0,
