Backup ID, Logical chunk num, Unique chunk num, Base chunk num, Delta chunk num, Logical chunk size, Unique chunk size, Base chunk size, Delta chunk size, LZ4_save size, Delta_save size, 
0,24641,24495,24461,34,208250880,207122891,100522795,132661,106250527,216908
1,49838,39626,31436,8190,420976640,343883169,130445276,1751231,137248341,74438321
2,75769,54678,37459,17219,640409600,480951594,155755379,3858107,164226953,157111155
3,102154,69374,43225,26149,864501760,615776387,180428681,6251655,189836328,239259723
4,128934,85204,49893,35311,1092659200,760639837,208914305,8961460,219639596,323124476
5,156457,101934,57217,44717,1326612480,913110906,240177620,12087548,252094608,408751130
6,184290,118788,64086,54702,1563217920,1067086366,269551351,15506658,282375069,499653288
7,212510,136407,71609,64798,1803356160,1227283855,301721057,19182641,315671490,590708667
8,241451,155151,79421,75730,2049822720,1397466120,335111811,23189762,349912941,689251606
9,270745,172102,85274,86828,2300139520,1554665685,360201974,27110602,376390085,790963024
10,300593,189672,91582,98090,2554542080,1715971804,386838982,31335988,404608788,893188046
11,331389,208165,98856,109309,2817464320,1885698253,417463267,35732465,436983844,995518677
12,362473,226816,106395,120421,3082168320,2056620195,449668515,40191332,470399828,1096360520
13,394467,248136,116141,131995,3355002880,2249505687,491453860,44974692,513471238,1199605897
14,427730,269719,126596,143123,3639654400,2446105951,536317936,49628312,560273135,1299886568
15,461573,291289,136062,155227,3929231360,2642868685,576710239,54841498,602506512,1408810436
16,495907,313484,147704,165780,4223057920,2845343213,626715342,59778048,655251096,1503598727
17,533891,338250,162368,175882,4533319680,3055374134,683598210,64180488,716272200,1591323236
18,573226,363914,175405,188509,4869498880,3288730076,738873783,69706891,776043445,1704105957
19,614460,390057,187594,202463,5222645760,3527677934,790608874,75484650,831430216,1830154194
20,657190,416136,198793,217343,5588357120,3767058441,837561150,81713194,882107875,1965676222
21,701984,444128,211201,232927,5970749440,4022803683,889221650,88214858,938737349,2106629826
22,748244,472329,222855,249474,6365849600,4281805935,938193770,94958554,991898960,2256754651
23,795533,500237,233160,267077,6770524160,4539452538,981344275,102229196,1038567517,2417311550
24,843831,528928,243930,284998,7183421440,4803542209,1026081721,109429104,1087428702,2580602682
25,892453,557325,254299,303026,7597076480,5064122709,1068739425,116698730,1133856844,2744827710
26,943081,588339,267069,321270,8028426240,5347599334,1121428618,124190896,1192242075,2909737745
27,994732,617593,277281,340312,8468920320,5618093235,1163978690,131753329,1238534225,3083826991
28,1047519,648825,288180,360645,8918517760,5905656166,1209424670,139837262,1288383050,3268011184
29,1100481,678191,297743,380448,9369497600,6177498332,1249408721,149152698,1330938266,3447998647
30,1161683,730293,338123,392170,9891061760,6631310292,1413772494,156386269,1514664457,3546487072
31,1224165,764459,350346,414113,10425190400,6949135668,1464938662,163716647,1571744680,3748735679
32,1287906,799067,362068,436999,10969159680,7270247371,1513473676,171447563,1625171433,3960154699
33,1352398,833924,372714,461210,11518976000,7592912324,1557219052,179995456,1673574498,4182123318
34,1418053,869731,383990,485741,12079032320,7925229976,1603334110,189138663,1725265723,4407491480
35,1485051,906885,396262,510623,12650547200,8269312100,1653474878,198503693,1782098280,4635235249
36,1552883,943650,407718,535932,13229209600,8610980264,1700180464,208175090,1834925113,4867699597
37,1620506,980487,419147,561340,13805813760,8953041890,1746816687,217944183,1887690504,5100590516
38,1688546,1017268,429179,588089,14386237440,9294603528,1788201867,228198952,1933257660,5344945049
39,1757006,1054333,440323,614010,14970695680,9640069539,1834311338,238570146,1984820493,5582367562
40,1810412,1083547,448634,634913,15425167360,9911406345,1869049144,248169410,2022923084,5771264707
41,1864540,1113534,457405,656129,15886080000,10189212551,1905784892,258026678,2063155092,5962245889
42,1919273,1143338,465552,677786,16352163840,10465661096,1939868508,267937988,2101083543,6156771057
43,1974837,1173737,473886,699851,16824729600,10747386683,1974828013,278218580,2139368813,6354971277
44,2031182,1204027,481991,722036,17304453120,11028976023,2008606382,288407397,2176808591,6555153653
45,2088613,1233728,488845,744883,17793658880,11306693526,2037045897,298689481,2208562872,6762395276
46,2147190,1264387,496017,768370,18292684800,11593204633,2066802856,309215732,2242067053,6975118992
47,2206496,1294554,501946,792608,18798346240,11876362472,2091499832,319597356,2269611957,7195653327
48,2266715,1323504,506237,817267,19312179200,12150398334,2109167131,329408783,2289547100,7422275320
49,2335940,1359838,516280,843558,19902177280,12489094108,2150296515,341463311,2336097013,7661237269
50,2419066,1426420,563416,863004,20615280640,13077690238,2337267046,352642787,2559602004,7828178401
51,2503193,1471068,577947,893121,21337559040,13492750308,2397301065,363414753,2627246092,8104788398
52,2593570,1520912,597057,923855,22117294080,13956496725,2465958070,374745080,2728903131,8386890444
53,2687808,1568890,612181,956709,22935326720,14407514754,2523482720,387081488,2807682532,8689268014
54,2782874,1615142,626627,988515,23760384000,14838437071,2581460493,399901878,2874461328,8982613372
55,2878878,1662942,640611,1022331,24594739200,15284296250,2638513073,413531241,2939837616,9292414320
56,2975128,1710128,654295,1055833,25430681600,15725714597,2693641791,427253024,3004587535,9600232247
57,3070965,1757037,668571,1088466,26264494080,16164609531,2751203658,440735077,3072352582,9900318214
58,3166442,1803100,681505,1121595,27094425600,16595252208,2803874107,454048830,3133092467,10204236804
59,3262959,1849992,695224,1154768,27933890560,17033027647,2859824407,467883915,3196960484,10508358841
60,3332759,1886832,703935,1182897,28529817600,17377600787,2895973536,480728887,3237324369,10763573995
61,3430872,1934164,717754,1216410,29384591360,17821510252,2951859443,494836741,3303542266,11071271802
62,3504712,1972423,727480,1244943,30015549440,18178220181,2992010448,508102842,3348140565,11329966326
63,3579605,2009807,736012,1273795,30656389120,18529206646,3027440266,521423007,3388063126,11592280247
64,3655420,2047926,744418,1303508,31304744960,18886528805,3061971066,534995823,3427430719,11862131197
65,3732183,2085663,751710,1333953,31962798080,19242462056,3092431957,548920251,3461503076,12139606772
66,3809922,2124329,759742,1364587,32629002240,19606090117,3125936428,562847704,3499034373,12418271612
67,3888789,2162403,766329,1396074,33305978880,19966345083,3153345313,576838847,3529473394,12706687529
68,3968924,2200450,772822,1427628,33992949760,20325995601,3180209281,590504648,3559471097,12995810575
69,4050053,2237353,777697,1459656,34688532480,20677381896,3200324261,603493409,3582159244,13291404982
70,4149217,2284535,791845,1492690,35551836160,21119663880,3257098678,619855346,3649825906,13592883950
71,4265450,2371143,854644,1516499,36571084800,21893659608,3495506763,636174073,3964247590,13797731182
72,4386386,2425654,872441,1553213,37635307520,22408755401,3562489233,650406529,4056271870,14139587769
73,4508081,2477154,886275,1590879,38705633280,22895215145,3618195963,664430957,4122061917,14490526308
74,4632072,2531806,901866,1629940,39797422080,23410168790,3679055134,679542541,4198513813,14853057302
75,4732223,2578458,912787,1665671,40669081600,23848856535,3723667429,696876824,4249648819,15178663463
76,4832181,2625447,926765,1698682,41540311040,24291221580,3780913684,714076388,4316275736,15479955772
77,4936619,2671964,937791,1734173,42453647360,24729783746,3825886951,731416830,4367983623,15804496342
78,5043629,2718584,947909,1770675,43391784960,25170334985,3866836852,748887283,4415868656,16138742194
79,5152164,2765822,958147,1807675,44339476480,25614745161,3907376281,766485851,4464044754,16476838275
80,5261707,2811976,966558,1845418,45297090560,26053001409,3941372027,783914572,4503835006,16823879804
81,5372102,2858319,974598,1883721,46262865920,26494109032,3974099636,801577296,4541823544,17176608556
82,5484739,2905801,982795,1923006,47246745600,26944336428,4006771716,818930571,4580224506,17538409635
83,5615274,2974727,1041651,1933076,48257761280,27443678836,4195688329,824700663,4798576434,17624713410
84,5746948,3029093,1059159,1969934,49277388800,27828197717,4247258136,835022577,4860302357,17885614647
85,5878524,3079049,1065946,2013103,50296289280,28176859675,4264862449,845114329,4883146256,18183736641
86,6010103,3128955,1071497,2057458,51315240960,28525163481,4279060631,855301765,4902045988,18488755097
87,6141701,3178812,1076075,2102737,52334305280,28872958077,4290780775,865584732,4917668569,18798924001
88,6273302,3228688,1080164,2148524,53353441280,29220978790,4301624862,875671856,4932012378,19111669694
89,6404919,3278502,1084265,2194237,54372648960,29568467799,4312406625,885674787,4946775138,19423611249
90,6536540,3328324,1087784,2240540,55391866880,29916062621,4321500173,895708301,4958977178,19739876969
91,6668160,3378140,1090745,2287395,56411105280,30263561394,4329109609,907376416,4969297673,20057777696
92,6804565,3431960,1100902,2331058,57475010560,30644138614,4360169650,917899451,5006138497,20359931016
93,6940979,3482283,1104497,2377786,58538915840,30995265413,4369334764,928395243,5018303681,20679231725
94,7077386,3532627,1107688,2424939,59602872320,31346808615,4377627392,938734846,5029437331,21001009046
95,7213812,3582970,1110881,2472089,60666920960,31698289312,4385776010,949117713,5040487649,21322907940
96,7350241,3633269,1114627,2518642,61731000320,32049460760,4395478257,959273216,5053754099,21640955188
97,7486674,3683528,1117208,2566320,62795130880,32400320490,4402027767,969648345,5062773784,21965870594
98,7623116,3733785,1119582,2614203,63859322880,32751090403,4408041739,979999298,5071086521,22291962845
99,7759591,3784184,1122576,2661608,64923535360,33102591715,4415720479,992075208,5081363722,22613432306
100,7896734,3837918,1131658,2706260,65993605120,33482551991,4443277038,1003918034,5114482618,22920874301
101,8033918,3888530,1135617,2752913,67063715840,33836062449,4453776673,1014694398,5128670980,23238920398
102,8171098,3939120,1138512,2800608,68133888000,34189542680,4461411561,1025815428,5138739720,23563575971
103,8308293,3989691,1141162,2848529,69204070400,34542631238,4468313945,1036872630,5147962377,23889482286
104,8445492,4040213,1143887,2896326,70274324480,34895496730,4475084846,1047800500,5157336101,24215275283
105,8582680,4090615,1145913,2944702,71344588800,35247383444,4480187132,1058669549,5164380939,24544145824
106,8719869,4141100,1148711,2992389,72414894080,35599950429,4486920728,1069369724,5173910796,24869749181
107,8857075,4191540,1150551,3040989,73485209600,35952016244,4491441441,1080309014,5180321813,25199943976
108,8994276,4241970,1152396,3089574,74555525120,36304049595,4495923056,1092969543,5186690394,25528466602
109,9133868,4296766,1161462,3135304,75646996480,36692624072,4524468723,1104450507,5220298432,25843406410
110,9273476,4347897,1164526,3183371,76738498560,37049737902,4532366458,1115480998,5230662583,26171227863
111,9413087,4398892,1166923,3231969,77830031360,37405820556,4538438782,1126582040,5238984795,26501814939
112,9552710,4449914,1169041,3280873,78921687040,37762308541,4544034901,1137597732,5246533472,26834142436
113,9692345,4500877,1171155,3329722,80013373440,38118104505,4549415042,1148595242,5253861890,27166232331
114,9831983,4551835,1173437,3378398,81105090560,38473884103,4555181964,1159349224,5261781063,27497571852
115,9971637,4602922,1178229,3424693,82196858880,38830540205,4569428794,1168987606,5279496985,27812626820
116,10111284,4653852,1180065,3473787,83288637440,39186071420,4573975932,1181978278,5285904457,28144212753
117,10254480,4719071,1195035,3524036,84415191040,39665633935,4621499142,1195591107,5351502382,28497041304
118,10397681,4770973,1198332,3572641,85541744640,40028724542,4630153407,1206635773,5362712674,28829222688
119,10540871,4822680,1200839,3621841,86668339200,40390617824,4636715750,1217635075,5371466297,29164800702
120,10684073,4874361,1202992,3671369,87794995200,40752012280,4642349554,1228762823,5378851007,29502048896
121,10827281,4926037,1205419,3720618,88921692160,41113288654,4648528690,1239792538,5387310403,29837657023
122,10970483,4977636,1207536,3770100,90048409600,41473895648,4653980186,1250727215,5394748663,30174439584
123,11113686,5029199,1209411,3819788,91175137280,41834152531,4658660957,1261717345,5401133702,30512640527
124,11256922,5081046,1211676,3869370,92301875200,42196440001,4664555353,1275137295,5409014951,30847732402
125,11401515,5143663,1223851,3919812,93438638080,42646913920,4704960304,1288343334,5455122625,31198487657
126,11546098,5195868,1226867,3969001,94575441920,43011697796,4712841664,1299371478,5465456355,31534028299
127,11690685,5248179,1228989,4019190,95712296960,43377614779,4718403709,1310709445,5472687823,31875813802
128,11835284,5300501,1231396,4069105,96849203200,43743443888,4725027126,1321845394,5481060202,32215511166
129,11979903,5352677,1233702,4118975,97986140160,44107982046,4730824510,1332968987,5489187234,32555001315
130,12124509,5404840,1235597,4169243,99123118080,44472661525,4735584269,1343992676,5495765689,32897318891
131,12269135,5456984,1237312,4219672,100260126720,44837198007,4739954634,1355125220,5501738923,33240379230
132,12413757,5509206,1239410,4269796,101397145600,45202159037,4745235558,1368792573,5509083765,33579047141
133,12560306,5573743,1252238,4321505,102548971520,45669972107,4787343675,1382645007,5559587365,33940396060
134,12706853,5626534,1255038,4371496,103700848640,46039405097,4794888111,1394022870,5569294878,34281199238
135,12853388,5679316,1257412,4421904,104852684800,46408795222,4801106399,1405521543,5577483177,34624684103
136,12999928,5732016,1259391,4472625,106004572160,46777402158,4806322339,1416982553,5584471243,34969626023
137,13146491,5784871,1261333,4523538,107156520960,47147233419,4811298630,1428476998,5591143500,35316314291
138,13293046,5837477,1263050,4574427,108308500480,47515049838,4815656648,1439852536,5597110853,35662429801
139,13439601,5890056,1264982,4625074,109460500480,47882533659,4820351744,1451202203,5603772576,36007207136
140,13586157,5942529,1266654,4675875,110612520960,48249044660,4824520504,1462520706,5609520816,36352482634
141,13732717,5995056,1268402,4726654,111764551680,48616124200,4828894630,1476628241,5615595350,36695005979
142,13880344,6058499,1280296,4778203,112924149760,49073860100,4868231193,1490275947,5661139545,37054213415
143,14027988,6111925,1283403,4828522,114083829760,49447891995,4876339115,1501830971,5671826926,37397894983
144,14175645,6165186,1285758,4879428,115243581440,49820445302,4882423757,1513444345,5679994074,37744583126
145,14323303,6218305,1287771,4930534,116403353600,50191733991,4887555706,1525068787,5686965437,38092144061
146,14470960,6271425,1289671,4981754,117563146240,50563113252,4892548669,1536806121,5693628205,38440130257
147,14618628,6324581,1291665,5032916,118722969600,50934898919,4897599642,1548257373,5700715534,38788326370
148,14766300,6377676,1293546,5084130,119882823680,51306102127,4902409982,1559626588,5707289474,39136776083
149,14913989,6430735,1295515,5135220,121042739200,51676783287,4907323017,1571111795,5714124375,39484224100
150,15061697,6483725,1298499,5185226,122202654720,52046653921,4915139776,1585062262,5724617366,39821834517
151,15215081,6551594,1313862,5237732,123417743360,52542126172,4962762952,1599825096,5792034894,40187503230
152,15368526,6606120,1317680,5288440,124632862720,52923284157,4972921896,1611610771,5805010650,40533740840
153,15521904,6659947,1320629,5339318,125848002560,53299309398,4981089705,1623082978,5815793280,40879343435
154,15675282,6713636,1322478,5391158,127063162880,53674073370,4985751645,1634857820,5822312312,41231151593
155,15828675,6767498,1324702,5442796,128278353920,54050239508,4991529518,1646569359,5830175243,41581965388
156,15982054,6821147,1326424,5494723,129493575680,54424765409,4995820212,1658226711,5836123491,41934594995
157,16135440,6874760,1328258,5546502,130708828160,54798978754,5000303197,1669766096,5842486249,42286423212
158,16288844,6928446,1330333,5598113,131924111360,55173626794,5005371010,1684362227,5849709491,42634184066
159,16447881,6997829,1346696,5651133,133193082880,55683897240,5054888156,1699514079,5924208666,43005286339
160,16606926,7052409,1349583,5702826,134462105600,56065143765,5062348893,1711511580,5934242629,43357040663
161,16765974,7106802,1351840,5754962,135731159040,56444802879,5068034738,1723432410,5941980268,43711355463
162,16925032,7161385,1354470,5806915,137000273920,56826044878,5075076948,1735320869,5951342420,44064304641
163,17084103,7215812,1356684,5859128,138269419520,57205869603,5080691707,1747277261,5958987558,44418913077
164,17243196,7270287,1358457,5911830,139538606080,57586041595,5085203462,1759119153,5965259828,44776459152
165,17402274,7324836,1360043,5964793,140807864320,57967173406,5089275981,1771012206,5970766658,45136118561
166,17561357,7379256,1361868,6017388,142077163520,58347083586,5093883182,1782975633,5977130442,45493094329
167,17720447,7433609,1363865,6069744,143346462720,58726475359,5098644294,1797929615,5983974617,45845926833
168,17886817,7504752,1381197,6123555,144686612480,59254482293,5149593465,1815942862,6068628731,46220317235
169,18053209,7560224,1384509,6175715,146026874880,59642371034,5158080930,1830876903,6080178909,46573234292
170,18219602,7615541,1386989,6228552,147367178240,60028979932,5164393068,1845816778,6088803120,46929966966
171,18386010,7670761,1389182,6281579,148707522560,60414563771,5169920099,1860742731,6096464632,47287436309
172,18552417,7725971,1391115,6334856,150047897600,60800172108,5174760917,1875586748,6103265553,47646558890
173,18718807,7781013,1392827,6388186,151388272640,61184458625,5178978787,1890421541,6109283109,48005775188
174,18885225,7836302,1394889,6441413,152728668160,61570577496,5183942470,1905262965,6116404059,48364968002
175,19051640,7891501,1397228,6494273,154069084160,61956043340,5189816362,1919961360,6124559450,48721706168
176,19220179,7958927,1409917,6549010,155427061760,62443904441,5230486029,1937229926,6175299443,49100889043
177,19388737,8014877,1412784,6602093,156785070080,62834909536,5238026534,1952054810,6185280492,49459547700
178,19557303,8070715,1415483,6655232,158143150080,63225012328,5244761386,1966799565,6194598688,49818852689
179,19725862,8126473,1417598,6708875,159501301760,63614575920,5250141935,1981608436,6202028893,50180796656
180,19894446,8182287,1419816,6762471,160859504640,64004795765,5255612749,1996371811,6209852269,50542958936
181,20063015,8238008,1421788,6816220,162217748480,64394128344,5260646834,2011098659,6216931944,50905450907
182,20231579,8293687,1423410,6870277,163576023040,64783161592,5264698445,2025855659,6222613036,51269994452
183,20400159,8349256,1425019,6924237,164934318080,65171073852,5268632304,2040517473,6228269507,51633654568
184,20568769,8405097,1427627,6977470,166292643840,65560730580,5275453724,2055566333,6237449698,51992260825
185,20738884,8474319,1443012,7031307,167663482880,66060826530,5322499563,2072752298,6299555502,52366019167
186,20909007,8530654,1446115,7084539,169034342400,66453771629,5329875093,2087455175,6310455819,52725985542
187,21079149,8586848,1448254,7138594,170405335040,66846099255,5335230119,2102168438,6317874539,53090826159
188,21249296,8643194,1450593,7192601,171776348160,67239456128,5341192493,2116856818,6326121466,53455285351
189,21419516,8699712,1453633,7246079,173147402240,67633595012,5348963700,2131337126,6336615998,53816678188
190,21589668,8755882,1455454,7300428,174518487040,68025605366,5353532102,2145994336,6343021793,54183057135
191,21759830,8812170,1457105,7355065,175889612800,68418780233,5357659605,2160581286,6348813785,54551725557
192,21930000,8868495,1459101,7409394,177260769280,68811767293,5362714626,2175136586,6355916227,54917999854
193,22100177,8924695,1461124,7463571,178631946240,69203938386,5367652606,2190648355,6362976545,55282660880
194,22271074,8992244,1474776,7517468,180008775680,69690705773,5411872249,2207060136,6415748894,55656024494
195,22441790,9048642,1477647,7570995,181384151040,70084352759,5419232863,2221556249,6425618586,56017945061
196,22612511,9105227,1480144,7625083,182759546880,70479646678,5425747914,2236141916,6434288487,56383468361
197,22783370,9163082,1484673,7678409,184135034880,70884113696,5438060700,2250808788,6450608720,56744635488
198,22954098,9219404,1486406,7732998,185510543360,71277231023,5442347723,2265288560,6456734713,57112860027
199,23124824,9275749,1488169,7787580,186886082560,71670617640,5446925851,2279765104,6462999549,57480927136
200,23295551,9332065,1490006,7842059,188261662720,72063721272,5451629311,2294152056,6469476929,57848462976
201,23466280,9388353,1492004,7896349,189637253120,72456450053,5456597670,2309820707,6476480168,58213551508
202,23639562,9457474,1505537,7951937,191035084800,72958078126,5499404734,2326955292,6532981087,58598737013
203,23812842,9514409,1508913,8005496,192432936960,73355640238,5507685996,2341119431,6544600576,58962234235
204,23986132,9571470,1511422,8060048,193830850560,73754512241,5513941819,2355649148,6553390541,59331530733
205,24159416,9628351,1513644,8114707,195228815360,74151741452,5519584357,2370200509,6561196226,59700760360
206,24332721,9685313,1515541,8169772,196626831360,74549606383,5524478900,2384843532,6567859134,60072424817
207,24506020,9742188,1517178,8225010,198024888320,74946933668,5528602461,2399422974,6573695837,60445212396
208,24679332,9799081,1519621,8279460,199422986240,75344383951,5534906502,2413684524,6582464058,60813328867
209,24852683,9856049,1521544,8334505,200821135360,75742099691,5539599607,2429667343,6589165501,61183667240
