Backup ID, Online Delta_save, Offline Delta_save, Offline delta time, Offline dedelta time, Offline delete time, Offline Delta chunk num
0,216908,0,0,0,0,0
1,74438321,0,0,0,0,0
2,157111155,0,0,0,0,0
3,239259723,0,0,0,0,0
4,323124476,0,0,0,0,0
5,408751130,0,0,0,0,0
6,499653288,0,0,0,0,0
7,590708667,0,0,0,0,0
8,689251606,0,0,0,0,0
9,790963024,0,0,0,0,0
10,893188046,0,0,0,0,0
11,995518677,0,0,0,0,0
12,1096360520,0,0,0,0,0
13,1199605897,0,0,0,0,0
14,1299886568,0,0,0,0,0
15,1408810436,0,0,0,0,0
16,1503598727,0,0,0,0,0
17,1591323236,0,0,0,0,0
18,1704105957,0,0,0,0,0
19,1830154194,0,0,0,0,0
20,1965676222,0,0,0,0,0
21,2106629826,0,0,0,0,0
22,2256754651,0,0,0,0,0
23,2417311550,0,0,0,0,0
24,2580602682,0,0,0,0,0
25,2744827710,0,0,0,0,0
26,2909737745,0,0,0,0,0
27,3083826991,0,0,0,0,0
28,3268011184,0,0,0,0,0
29,3447998647,0,0,0,0,0
30,3546487072,0,0,0,0,0
31,3748735679,0,0,0,0,0
32,3960154699,0,0,0,0,0
33,4182123318,0,0,0,0,0
34,4407491480,0,0,0,0,0
35,4635235249,0,0,0,0,0
36,4867699597,0,0,0,0,0
37,5100590516,0,0,0,0,0
38,5344945049,0,0,0,0,0
39,5582367562,0,0,0,0,0
40,5771264707,0,0,0,0,0
41,5962245889,0,0,0,0,0
42,6156771057,0,0,0,0,0
43,6354971277,0,0,0,0,0
44,6555153653,0,0,0,0,0
45,6762395276,0,0,0,0,0
46,6975118992,0,0,0,0,0
47,7195653327,0,0,0,0,0
48,7422275320,0,0,0,0,0
49,7661237269,0,0,0,0,0
50,7828178401,0,0,0,0,0
51,8104788398,0,0,0,0,0
52,8386890444,0,0,0,0,0
53,8689268014,0,0,0,0,0
54,8982613372,0,0,0,0,0
55,9292414320,0,0,0,0,0
56,9600232247,0,0,0,0,0
57,9900318214,0,0,0,0,0
58,10204236804,0,0,0,0,0
59,10508358841,0,0,0,0,0
60,10763573995,0,0,0,0,0
61,11071271802,0,0,0,0,0
62,11329966326,0,0,0,0,0
63,11592280247,0,0,0,0,0
64,11862131197,0,0,0,0,0
65,12139606772,0,0,0,0,0
66,12418271612,0,0,0,0,0
67,12706687529,0,0,0,0,0
68,12995810575,0,0,0,0,0
69,13291404982,0,0,0,0,0
70,13592883950,0,0,0,0,0
71,13797731182,0,0,0,0,0
72,14139587769,0,0,0,0,0
73,14490526308,0,0,0,0,0
74,14853057302,0,0,0,0,0
75,15178663463,0,0,0,0,0
76,15479955772,0,0,0,0,0
77,15804496342,0,0,0,0,0
78,16138742194,0,0,0,0,0
79,16476838275,0,0,0,0,0
80,16823879804,0,0,0,0,0
81,17176608556,0,0,0,0,0
82,17538409635,0,0,0,0,0
83,17624713410,0,0,0,0,0
84,17885614647,0,0,0,0,0
85,18183736641,0,0,0,0,0
86,18488755097,0,0,0,0,0
87,18798924001,0,0,0,0,0
88,19111669694,0,0,0,0,0
89,19423611249,0,0,0,0,0
90,19739876969,0,0,0,0,0
91,20057777696,0,0,0,0,0
92,20359931016,0,0,0,0,0
93,20679231725,0,0,0,0,0
94,21001009046,0,0,0,0,0
95,21322907940,0,0,0,0,0
96,21640955188,0,0,0,0,0
97,21965870594,0,0,0,0,0
98,22291962845,0,0,0,0,0
99,22613432306,0,0,0,0,0
100,22920874301,0,0,0,0,0
101,23238920398,0,0,0,0,0
102,23563575971,0,0,0,0,0
103,23889482286,0,0,0,0,0
104,24215275283,0,0,0,0,0
105,24544145824,0,0,0,0,0
106,24869749181,0,0,0,0,0
107,25199943976,0,0,0,0,0
108,25528466602,0,0,0,0,0
109,25843406410,0,0,0,0,0
110,26171227863,0,0,0,0,0
111,26501814939,0,0,0,0,0
112,26834142436,0,0,0,0,0
113,27166232331,0,0,0,0,0
114,27497571852,0,0,0,0,0
115,27812626820,0,0,0,0,0
116,28144212753,0,0,0,0,0
117,28497041304,0,0,0,0,0
118,28829222688,0,0,0,0,0
119,29164800702,0,0,0,0,0
120,29502048896,0,0,0,0,0
121,29837657023,0,0,0,0,0
122,30174439584,0,0,0,0,0
123,30512640527,0,0,0,0,0
124,30847732402,0,0,0,0,0
125,31198487657,0,0,0,0,0
126,31534028299,0,0,0,0,0
127,31875813802,0,0,0,0,0
128,32215511166,0,0,0,0,0
129,32555001315,0,0,0,0,0
130,32897318891,0,0,0,0,0
131,33240379230,0,0,0,0,0
132,33579047141,0,0,0,0,0
133,33940396060,0,0,0,0,0
134,34281199238,0,0,0,0,0
135,34624684103,0,0,0,0,0
136,34969626023,0,0,0,0,0
137,35316314291,0,0,0,0,0
138,35662429801,0,0,0,0,0
139,36007207136,0,0,0,0,0
140,36352482634,0,0,0,0,0
141,36695005979,0,0,0,0,0
142,37054213415,0,0,0,0,0
143,37397894983,0,0,0,0,0
144,37744583126,0,0,0,0,0
145,38092144061,0,0,0,0,0
146,38440130257,0,0,0,0,0
147,38788326370,0,0,0,0,0
148,39136776083,0,0,0,0,0
149,39484224100,0,0,0,0,0
150,39821834517,0,0,0,0,0
151,40187503230,0,0,0,0,0
152,40533740840,0,0,0,0,0
153,40879343435,0,0,0,0,0
154,41231151593,0,0,0,0,0
155,41581965388,0,0,0,0,0
156,41934594995,0,0,0,0,0
157,42286423212,0,0,0,0,0
158,42634184066,0,0,0,0,0
159,43005286339,0,0,0,0,0
160,43357040663,0,0,0,0,0
161,43711355463,0,0,0,0,0
162,44064304641,0,0,0,0,0
163,44418913077,0,0,0,0,0
164,44776459152,0,0,0,0,0
165,45136118561,0,0,0,0,0
166,45493094329,0,0,0,0,0
167,45845926833,0,0,0,0,0
168,46220317235,0,0,0,0,0
169,46573234292,0,0,0,0,0
170,46929966966,0,0,0,0,0
171,47287436309,0,0,0,0,0
172,47646558890,0,0,0,0,0
173,48005775188,0,0,0,0,0
174,48364968002,0,0,0,0,0
175,48721706168,0,0,0,0,0
176,49100889043,0,0,0,0,0
177,49459547700,0,0,0,0,0
178,49818852689,0,0,0,0,0
179,50180796656,0,0,0,0,0
180,50542958936,0,0,0,0,0
181,50905450907,0,0,0,0,0
182,51269994452,0,0,0,0,0
183,51633654568,0,0,0,0,0
184,51992260825,0,0,0,0,0
185,52366019167,0,0,0,0,0
186,52725985542,0,0,0,0,0
187,53090826159,0,0,0,0,0
188,53455285351,0,0,0,0,0
189,53816678188,0,0,0,0,0
190,54183057135,0,0,0,0,0
191,54551725557,0,0,0,0,0
192,54917999854,0,0,0,0,0
193,55282660880,0,0,0,0,0
194,55656024494,0,0,0,0,0
195,56017945061,0,0,0,0,0
196,56383468361,0,0,0,0,0
197,56744635488,0,0,0,0,0
198,57112860027,0,0,0,0,0
199,57480927136,0,0,0,0,0
200,57848462976,0,0,0,0,0
201,58213551508,0,0,0,0,0
202,58598737013,0,0,0,0,0
203,58962234235,0,0,0,0,0
204,59331530733,0,0,0,0,0
205,59700760360,0,0,0,0,0
206,60072424817,0,0,0,0,0
207,60445212396,0,0,0,0,0
208,60813328867,0,0,0,0,0
209,61183667240,0,0,0,0,0
