BackupID, OnlineSpeed(MB/s), Encalve ProcessTime(s), BackupSize, OnlineSize, OfflineSize, OfflineTime(s)
0, 98.8231, 2.00969, 208250880, 100655456, 100655456, 0.000317
1, 137.851, 1.47167, 212725760, 132196507, 132196507, 0.000302
2, 136.153, 1.537, 219432960, 159613486, 159613486, 0.000331
3, 138.846, 1.53919, 224092160, 186680336, 186680336, 0.000379
4, 130.047, 1.67315, 228157440, 217875765, 217875765, 0.000429
5, 127.763, 1.74632, 233953280, 252265168, 252265168, 0.000482
6, 127.082, 1.77559, 236605440, 285058009, 285058009, 0.000528
7, 122.523, 1.86915, 240138240, 320903698, 320903698, 0.000549
8, 114.721, 2.04887, 246466560, 358301573, 358301573, 0.000688
9, 118.491, 2.01468, 250316800, 387312576, 387312576, 0.000716
10, 111.32, 2.17945, 254402560, 418174970, 418174970, 0.00072
11, 96.8679, 2.5885, 262922240, 453195732, 453195732, 0.000819
12, 86.7996, 2.90833, 264704000, 489859847, 489859847, 0.000832
13, 77.3985, 3.36176, 272834560, 536428552, 536428552, 0.0009
14, 72.1964, 3.76009, 284651520, 585946248, 585946248, 0.001025
15, 69.5246, 3.97215, 289576960, 631551737, 631551737, 0.001091
16, 69.5829, 4.02707, 293826560, 686493390, 686493390, 0.001166
17, 69.4146, 4.26263, 310261760, 747778698, 747778698, 0.001771
18, 65.8357, 4.86978, 336179200, 808580674, 808580674, 0.001273
19, 69.0761, 4.87559, 353146880, 866093524, 866093524, 0.001423
20, 69.5502, 5.01465, 365711360, 919274344, 919274344, 0.001419
21, 67.4583, 5.40597, 382392320, 977436508, 977436508, 0.001647
22, 65.2564, 5.7741, 395100160, 1033152324, 1033152324, 0.001665
23, 62.1875, 6.20587, 404674560, 1083573471, 1083573471, 0.001668
24, 61.9337, 6.35792, 412897280, 1135510825, 1135510825, 0.001729
25, 59.7771, 6.59939, 413655040, 1185438155, 1185438155, 0.001751
26, 55.9751, 7.34911, 431349760, 1245619514, 1245619514, 0.001986
27, 57.9154, 7.25347, 440494080, 1295732019, 1295732019, 0.002168
28, 52.2403, 8.20764, 449597440, 1349261932, 1349261932, 0.002002
29, 52.205, 8.23844, 450979840, 1398561419, 1398561419, 0.002163
30, 51.1012, 9.73368, 521564160, 1570158763, 1570158763, 0.002505
31, 74.5278, 6.83483, 534128640, 1628655309, 1628655309, 0.002573
32, 73.9418, 7.01592, 543969280, 1684921239, 1684921239, 0.002755
33, 72.1063, 7.27184, 549816320, 1737214508, 1737214508, 0.002704
34, 71.2584, 7.49541, 560056320, 1792472773, 1792472773, 0.002673
35, 69.5922, 7.8319, 571514880, 1851978571, 1851978571, 0.002774
36, 68.3865, 8.06966, 578662400, 1908355554, 1908355554, 0.003023
37, 64.0579, 8.5843, 576604160, 1964760870, 1964760870, 0.002921
38, 62.6973, 8.82869, 580423680, 2016400819, 2016400819, 0.002943
39, 59.6297, 9.3474, 584458240, 2072881484, 2072881484, 0.003308
40, 45.2148, 9.58575, 454471680, 2117218554, 2117218554, 0.003603
41, 42.7375, 10.2851, 460912640, 2163811570, 2163811570, 0.003134
42, 41.0738, 10.8218, 466083840, 2207806496, 2207806496, 0.003226
43, 40.5899, 11.1031, 472565760, 2253046593, 2253046593, 0.003581
44, 41.6732, 10.9783, 479723520, 2297013779, 2297013779, 0.003434
45, 41.3493, 11.283, 489205760, 2335735378, 2335735378, 0.003422
46, 43.2695, 10.9987, 499025920, 2376018588, 2376018588, 0.003484
47, 46.2732, 10.4215, 505661440, 2411097188, 2411097188, 0.003652
48, 50.4079, 9.72129, 513832960, 2438575914, 2438575914, 0.003616
49, 54.6428, 10.2972, 589998080, 2491759826, 2491759826, 0.003697
50, 52.0948, 13.0544, 713103360, 2689909833, 2689909833, 0.003939
51, 67.6408, 10.1835, 722278400, 2760715818, 2760715818, 0.003902
52, 69.7586, 10.6598, 779735040, 2840703150, 2840703150, 0.004715
53, 71.167, 10.9621, 818032640, 2910564208, 2910564208, 0.004258
54, 69.9906, 11.242, 825057280, 2981362371, 2981362371, 0.004218
55, 67.7033, 11.7528, 834355200, 3052044314, 3052044314, 0.00438
56, 65.3544, 12.1984, 835942400, 3120894815, 3120894815, 0.004529
57, 66.3104, 11.9919, 833812480, 3191938735, 3191938735, 0.004536
58, 62.285, 12.7075, 829931520, 3257922937, 3257922937, 0.004638
59, 60.1552, 13.3085, 839464960, 3327708322, 3327708322, 0.005006
60, 44.9835, 12.634, 595927040, 3376702423, 3376702423, 0.004737
61, 56.4085, 14.4513, 854773760, 3446696184, 3446696184, 0.004797
62, 43.3369, 13.8849, 630958080, 3500113290, 3500113290, 0.004887
63, 42.7344, 14.3012, 640839680, 3548863273, 3548863273, 0.004953
64, 41.7715, 14.8024, 648355840, 3596966889, 3596966889, 0.0051
65, 40.7207, 15.4115, 658053120, 3641352208, 3641352208, 0.005066
66, 40.85, 15.5531, 666204160, 3688784132, 3688784132, 0.005282
67, 41.9295, 15.3976, 676976640, 3730184160, 3730184160, 0.005196
68, 43.9435, 14.9088, 686970880, 3770713929, 3770713929, 0.005249
69, 47.5088, 13.9629, 695582720, 3803817670, 3803817670, 0.005317
70, 55.0767, 14.9484, 863303680, 3876954024, 3876954024, 0.005272
71, 55.5984, 17.4831, 1019248640, 4131680836, 4131680836, 0.005674
72, 82.6056, 12.2864, 1064222720, 4212895762, 4212895762, 0.005822
73, 84.3407, 12.1026, 1070325760, 4282626920, 4282626920, 0.005812
74, 80.5543, 12.9256, 1091788800, 4358597675, 4358597675, 0.006118
75, 48.2092, 17.2432, 871659520, 4420544253, 4420544253, 0.005993
76, 50.1032, 16.5831, 871229440, 4494990072, 4494990072, 0.006713
77, 51.6573, 16.8616, 913336320, 4557303781, 4557303781, 0.006409
78, 52.3085, 17.1039, 938137600, 4615724135, 4615724135, 0.006478
79, 50.8657, 17.7681, 947691520, 4673862132, 4673862132, 0.006613
80, 51.5778, 17.7063, 957614080, 4725286599, 4725286599, 0.006561
81, 51.9163, 17.7408, 965775360, 4775676932, 4775676932, 0.006462
82, 54.365, 17.2593, 983879680, 4825702287, 4825702287, 0.006606
83, 74.7666, 12.8959, 1011015680, 5020388992, 5020388992, 0.0073
84, 110.491, 8.80061, 1019627520, 5082280713, 5082280713, 0.007311
85, 123.337, 7.87841, 1018900480, 5109976778, 5109976778, 0.007256
86, 121.106, 8.02394, 1018951680, 5134362396, 5134362396, 0.010103
87, 118.715, 8.18646, 1019064320, 5156365507, 5156365507, 0.007249
88, 115.495, 8.4153, 1019136000, 5177296718, 5177296718, 0.007105
89, 113.405, 8.57099, 1019207680, 5198081412, 5198081412, 0.007016
90, 109.785, 8.8537, 1019217920, 5217208474, 5217208474, 0.007228
91, 104.214, 9.32714, 1019238400, 5236486025, 5236486025, 0.007007
92, 95.0081, 10.6793, 1063905280, 5278069101, 5278069101, 0.00717
93, 100.93, 10.0527, 1063905280, 5297730007, 5297730007, 0.007304
94, 95.6914, 10.6035, 1063956480, 5316362238, 5316362238, 0.007223
95, 90.1165, 11.2605, 1064048640, 5334893723, 5334893723, 0.011072
96, 86.1411, 11.7805, 1064079360, 5354751473, 5354751473, 0.007132
97, 84.396, 12.0247, 1064130560, 5371676112, 5371676112, 0.007411
98, 81.8765, 12.3954, 1064192000, 5388041037, 5388041037, 0.007388
99, 78.6348, 12.9067, 1064212480, 5407795687, 5407795687, 0.007286
100, 74.6715, 13.6665, 1070069760, 5447195072, 5447195072, 0.007188
101, 76.1082, 13.409, 1070110720, 5468471071, 5468471071, 0.007235
102, 73.1121, 13.9593, 1070172160, 5487226989, 5487226989, 0.007437
103, 69.6591, 14.6514, 1070182400, 5505186575, 5505186575, 0.007486
104, 66.784, 15.2832, 1070254080, 5522885346, 5522885346, 0.007488
105, 67.4296, 15.137, 1070264320, 5538856681, 5538856681, 0.007457
106, 66.3121, 15.3927, 1070305280, 5556290452, 5556290452, 0.007487
107, 63.8541, 15.9854, 1070315520, 5571750455, 5571750455, 0.007326
108, 61.9129, 16.4866, 1070315520, 5588892599, 5588892599, 0.007794
109, 63.3649, 16.4272, 1091471360, 5628919230, 5628919230, 0.009993
110, 65.7029, 15.8431, 1091502080, 5647847456, 5647847456, 0.007681
111, 62.4597, 16.6662, 1091532800, 5665020822, 5665020822, 0.007621
112, 60.7788, 17.1291, 1091655680, 5681632633, 5681632633, 0.007698
113, 58.2326, 17.8785, 1091686400, 5698010284, 5698010284, 0.007699
114, 57.1324, 18.2233, 1091717120, 5714531188, 5714531188, 0.007856
115, 53.1367, 19.5946, 1091768320, 5738416400, 5738416400, 0.007556
116, 56.9601, 18.2795, 1091778560, 5755954210, 5755954210, 0.0077
117, 49.744, 21.5979, 1126553600, 5817090249, 5817090249, 0.007618
118, 56.9768, 18.8562, 1126553600, 5836789180, 5836789180, 0.007906
119, 55.0027, 19.5337, 1126594560, 5854350825, 5854350825, 0.007934
120, 53.9586, 19.9127, 1126656000, 5871112377, 5871112377, 0.007691
121, 53.9641, 19.9114, 1126696960, 5888321228, 5888321228, 0.008224
122, 52.7075, 20.3865, 1126717440, 5904707401, 5904707401, 0.008046
123, 51.5415, 20.8479, 1126727680, 5920378302, 5920378302, 0.008042
124, 50.8128, 21.147, 1126737920, 5939692648, 5939692648, 0.007953
125, 46.7072, 23.2106, 1136762880, 5993303638, 5993303638, 0.008311
126, 52.6765, 20.5811, 1136803840, 6012213142, 6012213142, 0.008185
127, 50.9514, 21.2789, 1136855040, 6029113154, 6029113154, 0.009956
128, 49.1, 22.0823, 1136906240, 6046872520, 6046872520, 0.008203
129, 48.8068, 22.2155, 1136936960, 6063793497, 6063793497, 0.008125
130, 48.8221, 22.2093, 1136977920, 6079576945, 6079576945, 0.007924
131, 47.3924, 22.88, 1137008640, 6095079854, 6095079854, 0.008232
132, 47.3576, 22.897, 1137018880, 6114028131, 6114028131, 0.007791
133, 43.6971, 25.1382, 1151825920, 6169988682, 6169988682, 0.0082
134, 47.9994, 22.886, 1151877120, 6188910981, 6188910981, 0.008184
135, 47.5554, 23.0989, 1151836160, 6206627942, 6206627942, 0.008306
136, 46.3757, 23.6875, 1151887360, 6223304892, 6223304892, 0.008177
137, 45.5967, 24.0935, 1151948800, 6239775628, 6239775628, 0.008496
138, 46.5554, 23.598, 1151979520, 6255509184, 6255509184, 0.008518
139, 45.2643, 24.2715, 1152000000, 6271553947, 6271553947, 0.008046
140, 44.477, 24.7016, 1152020480, 6287041210, 6287041210, 0.008277
141, 43.3758, 25.3289, 1152030720, 6305522871, 6305522871, 0.00827
142, 42.3429, 26.1172, 1159598080, 6358507140, 6358507140, 0.008108
143, 45.4493, 24.3339, 1159680000, 6378170086, 6378170086, 0.008396
144, 44.3426, 24.9427, 1159751680, 6395868102, 6395868102, 0.008486
145, 43.4931, 25.4304, 1159772160, 6412624493, 6412624493, 0.008406
146, 44.0339, 25.1185, 1159792640, 6429354790, 6429354790, 0.008185
147, 43.1436, 25.6375, 1159823360, 6445857015, 6445857015, 0.008424
148, 42.7892, 25.8505, 1159854080, 6462036570, 6462036570, 0.008494
149, 42.3744, 26.1049, 1159915520, 6478434812, 6478434812, 0.008285
150, 42.2697, 26.1696, 1159915520, 6500202038, 6500202038, 0.008445
151, 41.7416, 27.7613, 1215088640, 6562588048, 6562588048, 0.008384
152, 45.186, 25.6457, 1215119360, 6584532667, 6584532667, 0.008541
153, 43.5545, 26.6069, 1215139840, 6604172683, 6604172683, 0.008581
154, 43.317, 26.7532, 1215160320, 6620609465, 6620609465, 0.008644
155, 43.648, 26.551, 1215191040, 6638098877, 6638098877, 0.008352
156, 42.5117, 27.2613, 1215221760, 6654046923, 6654046923, 0.008653
157, 42.0109, 27.587, 1215252480, 6670069293, 6670069293, 0.008396
158, 42.0881, 27.5371, 1215283200, 6689733237, 6689733237, 0.008719
159, 40.4034, 29.9526, 1268971520, 6754402235, 6754402235, 0.008684
160, 44.8839, 26.9636, 1269022720, 6773860473, 6773860473, 0.008423
161, 43.6148, 27.7489, 1269053440, 6791467148, 6791467148, 0.008679
162, 42.6453, 28.3811, 1269114880, 6810397817, 6810397817, 0.009033
163, 42.8739, 28.2305, 1269145600, 6827968968, 6827968968, 0.008766
164, 42.0894, 28.7576, 1269186560, 6844322615, 6844322615, 0.008855
165, 41.5703, 29.1184, 1269258240, 6860288187, 6860288187, 0.008579
166, 42.0852, 28.7631, 1269299200, 6876858815, 6876858815, 0.008835
167, 40.9557, 29.5563, 1269299200, 6896573909, 6896573909, 0.008854
168, 41.1803, 31.0358, 1340149760, 6965536327, 6965536327, 0.008849
169, 44.531, 28.703, 1340262400, 6988957833, 6988957833, 0.00884
170, 43.0099, 29.7191, 1340303360, 7010209846, 7010209846, 0.008838
171, 42.8029, 29.8637, 1340344320, 7030662830, 7030662830, 0.008761
172, 41.784, 30.5926, 1340375040, 7050347665, 7050347665, 0.008876
173, 41.6646, 30.6803, 1340375040, 7069400328, 7069400328, 0.009107
174, 41.9996, 30.436, 1340395520, 7089205435, 7089205435, 0.008839
175, 41.428, 30.8565, 1340416000, 7109777722, 7109777722, 0.008869
176, 39.6328, 32.6766, 1357977600, 7167715955, 7167715955, 0.009052
177, 42.5266, 30.4538, 1358008320, 7190081344, 7190081344, 0.009064
178, 42.029, 30.816, 1358080000, 7211560951, 7211560951, 0.009036
179, 41.3759, 31.3041, 1358151680, 7231750371, 7231750371, 0.009049
180, 40.5294, 31.9591, 1358202880, 7251984560, 7251984560, 0.008931
181, 40.2651, 32.1698, 1358243840, 7271745493, 7271745493, 0.009189
182, 40.6224, 31.8876, 1358274560, 7290554104, 7290554104, 0.009101
183, 40.2463, 32.1861, 1358295040, 7309149777, 7309149777, 0.009106
184, 40.2604, 32.1755, 1358325760, 7331020057, 7331020057, 0.008972
185, 39.4565, 33.1335, 1370839040, 7395251861, 7395251861, 0.00926
186, 41.3133, 31.6449, 1370859520, 7417330268, 7417330268, 0.008931
187, 40.2637, 32.4729, 1370992640, 7437398557, 7437398557, 0.009296
188, 39.5627, 33.0488, 1371013120, 7458049311, 7458049311, 0.009325
189, 39.808, 32.8462, 1371054080, 7480300826, 7480300826, 0.009253
190, 39.6275, 32.9965, 1371084800, 7499526438, 7499526438, 0.009144
191, 38.8735, 33.6375, 1371125760, 7518240891, 7518240891, 0.009308
192, 38.9108, 33.606, 1371156480, 7537851212, 7537851212, 0.009162
193, 39.2326, 33.3308, 1371176960, 7558300961, 7558300961, 0.009305
194, 37.0047, 35.4833, 1376829440, 7618932385, 7618932385, 0.009243
195, 40.2052, 32.6242, 1375375360, 7640789112, 7640789112, 0.009254
196, 39.8145, 32.9448, 1375395840, 7661889830, 7661889830, 0.009551
197, 38.7987, 33.8096, 1375488000, 7688869488, 7688869488, 0.009298
198, 38.5045, 34.0684, 1375508480, 7707636283, 7707636283, 0.009486
199, 38.253, 34.2932, 1375539200, 7726690955, 7726690955, 0.009407
200, 38.5998, 33.986, 1375580160, 7745781367, 7745781367, 0.009302
201, 38.2799, 34.2703, 1375590400, 7766418377, 7766418377, 0.009513
202, 37.2454, 35.7917, 1397831680, 7826360026, 7826360026, 0.009665
203, 39.2569, 33.9583, 1397852160, 7848805427, 7848805427, 0.009657
204, 38.7569, 34.3978, 1397913600, 7869590967, 7869590967, 0.009685
205, 38.4803, 34.6463, 1397964800, 7889784866, 7889784866, 0.009324
206, 38.5511, 34.584, 1398016000, 7909322432, 7909322432, 0.009495
207, 37.5297, 35.5263, 1398056960, 7928025435, 7928025435, 0.009864
208, 38.1411, 34.9579, 1398097920, 7948591026, 7948591026, 0.009459
209, 37.5874, 35.4741, 1398149120, 7969266950, 7969266950, 0.009738
