Backup ID, Ecall, Inline_Ocall, Offline_Ocall, _Inline_FPOcall, _Inline_SFOcall, _Inline_LocalOcall, _Inline_LoadOcall, _Inline_DeltaOcall, _Inline_RecipeOcall, _Inline_Write_ContainerOcall, _inline_have_similar_chunk_num, _inline_need_load_container_num, _inlineDeltaChunkNum, 
0,195,462,5,193,193,0,34,18,24,27,64,33,34
1,394,1108,10,390,390,0,65,215,48,36,8227,276,8190
2,599,1782,15,593,593,0,105,418,73,45,17259,727,17219
3,808,2474,20,800,800,0,151,625,98,54,26191,1378,26149
4,1020,3193,25,1010,1010,0,214,835,124,64,35360,2240,35311
5,1238,3939,30,1226,1226,0,287,1050,150,74,44773,3288,44717
6,1458,4696,35,1444,1444,0,363,1268,177,84,54758,4548,54702
7,1681,5486,40,1665,1665,0,463,1489,204,95,64857,6001,64798
8,1910,6313,45,1892,1892,0,581,1716,232,106,75795,7643,75730
9,2141,7192,50,2121,2121,0,745,1945,260,115,86902,9423,86828
10,2377,8211,55,2355,2355,0,1033,2179,289,124,98169,11419,98090
11,2620,9555,60,2596,2596,0,1626,2418,319,134,109399,13624,109309
12,2865,11149,65,2839,2839,0,2461,2661,349,145,120515,15959,120421
13,3117,13034,70,3089,3089,0,3566,2910,380,158,132101,18479,131995
14,3379,15145,75,3349,3349,0,4865,3170,412,172,143243,21102,143123
15,3646,17495,80,3614,3614,0,6387,3435,445,186,155350,23886,155227
16,3917,19893,85,3883,3883,0,7946,3703,478,201,165914,26612,165780
17,4216,22407,90,4180,4180,0,9537,3995,515,218,176044,29428,175882
18,4526,25405,95,4488,4488,0,11581,4295,553,236,188771,32598,188509
19,4851,28481,100,4811,4811,0,13648,4618,593,253,202738,35941,202463
20,5187,31756,105,5145,5145,0,15880,4952,634,268,217623,39457,217343
21,5539,35271,110,5495,5495,0,18303,5301,677,285,233219,43198,232927
22,5903,39178,115,5857,5857,0,21080,5662,722,301,249793,47260,249474
23,6275,43389,120,6227,6227,0,24135,6032,768,316,267410,51547,267077
24,6655,47760,125,6605,6605,0,27326,6409,815,331,285334,56019,284998
25,7037,52409,130,6985,6985,0,30790,6787,862,345,303367,60626,303026
26,7435,57433,135,7381,7381,0,34584,7176,911,363,321613,65513,321270
27,7841,62601,140,7785,7785,0,38490,7580,961,378,340656,70543,340312
28,8256,68448,145,8198,8198,0,43047,7993,1012,394,360990,75966,360645
29,8672,74322,150,8612,8612,0,47628,8407,1063,409,380793,81462,380448
30,9153,79893,155,9091,9091,0,51708,8881,1122,454,392527,86631,392170
31,9644,84255,160,9580,9580,0,54547,9365,1183,472,414471,90730,414113
32,10144,88691,165,10078,10078,0,57429,9861,1245,489,437385,95109,436999
33,10650,93419,170,10582,10582,0,60583,10365,1307,505,461596,99964,461210
34,11165,98379,175,11095,11095,0,63941,10877,1371,521,486130,105171,485741
35,11691,103627,180,11619,11619,0,67554,11399,1436,538,511015,110736,510623
36,12223,109116,185,12149,12149,0,71387,11929,1502,555,536325,116603,535932
37,12754,114972,190,12678,12678,0,75590,12458,1568,572,561736,122875,561340
38,13288,121192,195,13210,13210,0,80148,12990,1634,588,588485,129441,588089
39,13825,127848,200,13745,13745,0,85133,13525,1700,605,614407,136308,614010
40,14245,135061,205,14163,14163,0,91040,13943,1752,618,635310,142663,634913
41,14670,142933,210,14586,14586,0,97591,14366,1804,632,656526,149398,656129
42,15100,151190,215,15014,15014,0,104511,14794,1857,645,678183,156411,677786
43,15537,159671,220,15449,15449,0,111633,15229,1911,658,700248,163634,699851
44,15980,168116,225,15890,15890,0,118700,15670,1966,671,722434,170961,722036
45,16431,176804,230,16339,16339,0,125985,16119,2022,684,745281,178428,744883
46,16891,185221,235,16797,16797,0,132971,16577,2079,697,768768,185912,768370
47,17357,193274,240,17261,17261,0,139575,17041,2136,709,793006,193166,792608
48,17830,200749,245,17732,17732,0,145579,17512,2194,719,817667,200037,817267
49,18373,208261,250,18273,18273,0,151401,18053,2261,735,843958,207429,843558
50,19025,216619,255,18923,18923,0,157760,18671,2342,788,863567,215189,863004
51,19685,223512,260,19581,19581,0,162599,19327,2424,809,893689,221763,893121
52,20394,230967,265,20288,20288,0,167880,19999,2512,832,924733,228794,923855
53,21133,238628,270,21025,21025,0,173258,20716,2604,853,957615,236318,956709
54,21878,246483,275,21768,21768,0,178828,21423,2696,874,989422,244118,988515
55,22631,254840,280,22518,22518,0,184875,22140,2789,895,1023239,252478,1022331
56,23385,263425,285,23259,23259,0,191167,22858,2882,916,1056747,261143,1055833
57,24136,272032,290,23981,23981,0,197524,23571,2975,937,1089389,269858,1088466
58,24884,281272,295,24697,24697,0,204526,24284,3068,957,1122538,278981,1121595
59,25641,290924,300,25423,25423,0,211910,25006,3162,978,1155715,288386,1154768
60,26189,300517,305,25969,25969,0,219797,25552,3230,993,1183846,297019,1182897
61,26958,310869,310,26706,26706,0,227846,26286,3325,1014,1217365,306823,1216410
62,27537,321561,315,27282,27282,0,236738,26862,3397,1031,1245903,316098,1244943
63,28125,332713,320,27867,27867,0,246062,27447,3470,1047,1274757,325734,1273795
64,28720,344389,325,28459,28459,0,255889,28038,3544,1062,1304479,335623,1303508
65,29322,356371,330,29058,29058,0,266000,28637,3618,1076,1334924,345783,1333953
66,29932,368555,335,29665,29665,0,276288,29244,3693,1091,1365574,356160,1364587
67,30551,380867,340,30281,30281,0,286675,29860,3770,1104,1397063,366689,1396074
68,31180,392542,345,30907,30907,0,296394,30486,3848,1117,1428620,376916,1427628
69,31816,403270,350,31540,31540,0,305144,31119,3927,1129,1460650,386544,1459656
70,32593,414415,355,32281,32281,0,313974,31856,4023,1151,1493714,396846,1492690
71,33504,425892,360,33160,33160,0,322719,32717,4136,1219,1517898,407113,1516499
72,34451,434245,365,34073,34073,0,328253,33592,4254,1243,1554660,415030,1553213
73,35404,442678,370,34991,34991,0,333871,34453,4372,1264,1592326,423281,1590879
74,36375,451609,375,35925,35925,0,339935,35331,4493,1287,1631398,432189,1629940
75,37160,464909,380,36671,36671,0,350904,36073,4590,1306,1667129,443671,1665671
76,37943,477476,385,37416,37416,0,361139,36818,4687,1328,1700146,454711,1698682
77,38761,490215,390,38194,38194,0,371464,37575,4788,1347,1735637,465958,1734173
78,39600,503372,395,38994,38994,0,382144,38348,4892,1365,1772139,477479,1770675
79,40450,516927,400,39802,39802,0,393194,39132,4997,1383,1809158,489310,1807675
80,41308,530625,405,40608,40608,0,404381,39925,5103,1399,1846901,501251,1845418
81,42173,544283,410,41412,41412,0,415523,40726,5210,1415,1885204,513233,1883721
82,43055,557647,415,42235,42235,0,426313,41545,5319,1431,1924489,525200,1923006
83,44077,566074,420,43195,43195,0,431775,42463,5446,1484,1934620,532070,1933076
84,45108,572218,425,44161,44161,0,434902,43420,5574,1503,1971480,537047,1969934
85,46138,577911,430,45122,45122,0,437591,44374,5702,1514,2014656,542156,2013103
86,47168,583763,435,46083,46083,0,440438,45329,5830,1524,2059013,547952,2057458
87,48199,589776,440,47046,47046,0,443439,46287,5958,1534,2104292,554281,2102737
88,49230,596015,445,48006,48006,0,446672,47245,6086,1543,2150081,561164,2148524
89,50261,602475,450,48964,48964,0,450133,48200,6214,1552,2195806,568247,2194237
90,51292,609181,455,49922,49922,0,453838,49157,6342,1561,2242110,575731,2240540
91,52323,616298,460,50878,50878,0,457959,50113,6470,1570,2288967,583599,2287395
92,53391,624324,465,51875,51875,0,462885,51086,6603,1585,2332633,592089,2331058
93,54459,632079,470,52871,52871,0,467541,52060,6736,1594,2379361,600518,2377786
94,55527,640313,475,53869,53869,0,472670,53036,6869,1603,2426515,609469,2424939
95,56595,649094,480,54862,54862,0,478359,54009,7002,1612,2473665,618774,2472089
96,57663,658436,485,55853,55853,0,484612,54983,7135,1621,2520220,628556,2518642
97,58731,668034,490,56839,56839,0,491131,55957,7268,1629,2567898,638483,2566320
98,59799,678026,495,57826,57826,0,498041,56932,7401,1637,2615782,648689,2614203
99,60868,688269,500,58809,58809,0,505209,57908,7534,1647,2663187,659066,2661608
100,61942,698873,505,59794,59794,0,512728,58890,7667,1661,2707841,669628,2706260
101,63016,709578,510,60775,60775,0,520358,59870,7800,1670,2754497,680473,2752913
102,64090,720659,515,61756,61756,0,528364,60850,7933,1679,2802192,691498,2800608
103,65164,732486,520,62736,62736,0,537118,61830,8066,1687,2850113,703027,2848529
104,66238,744658,525,63716,63716,0,546217,62810,8199,1695,2897910,714833,2896326
105,67312,756839,530,64696,64696,0,555325,63790,8332,1703,2946286,726617,2944702
106,68386,769271,535,65676,65676,0,564684,64770,8465,1711,2993983,738616,2992389
107,69460,782252,540,66656,66656,0,574592,65750,8598,1719,3042584,750935,3040989
108,70534,795487,545,67636,67636,0,584754,66730,8731,1728,3091170,763399,3089574
109,71627,808532,550,68637,68637,0,594668,67723,8867,1742,3136901,775798,3135304
110,72720,821368,555,69638,69638,0,604371,68718,9003,1751,3184968,788107,3183371
111,73813,834997,560,70638,70638,0,614871,69711,9139,1759,3233567,800919,3231969
112,74906,849030,565,71637,71637,0,625777,70704,9275,1767,3282472,813976,3280873
113,75999,863562,570,72636,72636,0,637182,71697,9411,1775,3331321,827439,3329722
114,77092,878523,575,73635,73635,0,649016,72690,9547,1783,3380000,841163,3378398
115,78186,894778,580,74636,74636,0,662139,73684,9683,1793,3426320,855671,3424693
116,79279,909742,585,75635,75635,0,673977,74676,9819,1802,3475414,869424,3473787
117,80400,926971,590,76661,76661,0,687999,75692,9958,1822,3525750,884846,3524036
118,81521,942386,595,77687,77687,0,700213,76702,10097,1831,3574356,898805,3572641
119,82642,958489,600,78714,78714,0,713111,77714,10236,1840,3623556,913200,3621841
120,83763,974878,605,79740,79740,0,726297,78726,10375,1849,3673085,927773,3671369
121,84884,991314,610,80760,80760,0,739546,79734,10514,1858,3722336,942398,3720618
122,86005,1008216,615,81782,81782,0,753255,80744,10653,1867,3771820,957297,3770100
123,87126,1025533,620,82804,82804,0,767379,81754,10792,1876,3821509,972422,3819788
124,88248,1043120,625,83826,83826,0,781773,82764,10931,1885,3871091,987807,3869370
125,89380,1061972,630,84860,84860,0,797394,83786,11072,1903,3921545,1004250,3919812
126,90512,1079066,635,85892,85892,0,811263,84806,11213,1913,3970736,1019331,3969001
127,91644,1096788,640,86924,86924,0,825760,85826,11354,1922,4020928,1034821,4019190
128,92776,1115494,645,87953,87953,0,841248,86845,11495,1931,4070851,1050850,4069105
129,93908,1134265,650,88981,88981,0,856804,87863,11636,1940,4120721,1067035,4118975
130,95040,1152895,655,90007,90007,0,872222,88882,11777,1949,4170990,1083131,4169243
131,96172,1172242,660,91028,91028,0,888366,89902,11918,1958,4221421,1099672,4219672
132,97304,1191642,665,92049,92049,0,904563,90922,12059,1967,4271545,1116252,4269796
133,98451,1212244,670,93087,93087,0,921912,91956,12202,1985,4323265,1133848,4321505
134,99598,1231618,675,94125,94125,0,938032,92991,12345,1994,4373256,1150442,4371496
135,100745,1250986,680,95161,95161,0,954151,94025,12488,2003,4423667,1167048,4421904
136,101892,1271036,685,96197,96197,0,970952,95059,12631,2012,4474389,1184041,4472625
137,103040,1291583,690,97236,97236,0,988242,96095,12774,2021,4525302,1201475,4523538
138,104187,1311465,695,98272,98272,0,1004876,97128,12917,2030,4576191,1218452,4574427
139,105334,1332061,700,99309,99309,0,1022221,98162,13060,2039,4626838,1235829,4625074
140,106481,1353145,705,100345,100345,0,1040057,99195,13203,2048,4677642,1253505,4675875
141,107628,1374022,710,101382,101382,0,1057683,100229,13346,2057,4728421,1271156,4726654
142,108784,1395702,715,102429,102429,0,1076082,101272,13490,2075,4779970,1289640,4778203
143,109940,1416322,720,103477,103477,0,1093421,102313,13634,2085,4830290,1307203,4828522
144,111096,1437513,725,104523,104523,0,1111334,103355,13778,2094,4881196,1325070,4879428
145,112252,1459321,730,105569,105569,0,1129864,104397,13922,2103,4932302,1343345,4930534
146,113408,1480818,735,106615,106615,0,1148083,105439,14066,2112,4983522,1361434,4981754
147,114564,1502802,740,107660,107660,0,1166792,106480,14210,2121,5034685,1379849,5032916
148,115720,1525144,745,108704,108704,0,1185861,107521,14354,2130,5085899,1398507,5084130
149,116876,1547607,750,109750,109750,0,1205044,108565,14498,2139,5136991,1417194,5135220
150,118032,1570014,755,110792,110792,0,1224182,109606,14642,2149,5187046,1435934,5185226
151,119233,1593308,760,111883,111883,0,1244057,110694,14791,2170,5239700,1455558,5237732
152,120434,1615202,765,112973,112973,0,1262556,111760,14940,2180,5290409,1473978,5288440
153,121635,1638186,770,114063,114063,0,1282145,112826,15089,2190,5341293,1493063,5339318
154,122836,1661322,775,115153,115153,0,1301884,113894,15238,2199,5393134,1512266,5391158
155,124037,1684403,780,116243,116243,0,1321569,114961,15387,2208,5444775,1531403,5442796
156,125238,1707942,785,117330,117330,0,1341718,116028,15536,2217,5496702,1550907,5494723
157,126439,1731728,790,118416,118416,0,1362118,117093,15685,2226,5548481,1570483,5546502
158,127640,1755555,795,119504,119504,0,1382553,118160,15834,2236,5600092,1590215,5598113
159,128885,1780714,800,120636,120636,0,1404186,119267,15989,2257,5653189,1611004,5651133
160,130130,1804044,805,121763,121763,0,1424024,120350,16144,2266,5704882,1630333,5702826
161,131375,1828215,810,122894,122894,0,1444691,121437,16299,2275,5757018,1650186,5754962
162,132620,1852816,815,124025,124025,0,1465786,122526,16454,2284,5808971,1670358,5806915
163,133865,1877199,820,125153,125153,0,1486671,123613,16609,2293,5861190,1690330,5859128
164,135110,1902206,825,126283,126283,0,1508172,124704,16764,2302,5913892,1710826,5911830
165,136355,1927542,830,127409,127409,0,1530012,125793,16919,2311,5966856,1731513,5964793
166,137600,1952503,835,128535,128535,0,1551476,126883,17074,2320,6019451,1751880,6017388
167,138845,1978186,840,129657,129657,0,1573672,127971,17229,2330,6071808,1772877,6069744
168,140147,2004431,845,130838,130838,0,1596260,129104,17391,2352,6126239,1794325,6123555
169,141449,2029324,850,132011,132011,0,1617535,130214,17553,2363,6178399,1814777,6175715
170,142751,2055119,855,133179,133179,0,1639717,131329,17715,2373,6231236,1835732,6228552
171,144054,2081078,860,134347,134347,0,1662063,132444,17877,2383,6284264,1856897,6281579
172,145357,2107619,865,135515,135515,0,1684991,133559,18039,2393,6337541,1878425,6334856
173,146659,2134213,870,136681,136681,0,1707976,134674,18201,2403,6390871,1899977,6388186
174,147962,2160569,875,137847,137847,0,1730724,135788,18363,2413,6444098,1921421,6441413
175,149265,2187394,880,139013,139013,0,1753939,136904,18525,2423,6496967,1943160,6494273
176,150584,2215246,885,140193,140193,0,1778135,138036,18689,2442,6551742,1965904,6549010
177,151903,2241665,890,141373,141373,0,1800902,139164,18853,2452,6604825,1987473,6602093
178,153222,2268287,895,142547,142547,0,1823884,140292,19017,2462,6657969,2009215,6655232
179,154541,2295511,900,143714,143714,0,1847481,141421,19181,2472,6711612,2031267,6708875
180,155861,2323228,905,144881,144881,0,1871572,142549,19345,2482,6765209,2053717,6762471
181,157180,2351216,910,146043,146043,0,1895945,143676,19509,2492,6818959,2076364,6816220
182,158499,2379151,915,147203,147203,0,1920268,144804,19673,2502,6873016,2098833,6870277
183,159819,2407307,920,148363,148363,0,1944811,145933,19837,2512,6926976,2121543,6924237
184,161139,2435286,925,149519,149519,0,1969186,147061,20001,2522,6980210,2144284,6977470
185,162471,2463502,930,150690,150690,0,1993755,148200,20167,2543,7034218,2167320,7031307
186,163803,2490762,935,151861,151861,0,2017368,149339,20333,2553,7087464,2189531,7084539
187,165135,2518900,940,153032,153032,0,2041857,150480,20499,2563,7141519,2212237,7138594
188,166467,2547194,945,154200,154200,0,2066508,151621,20665,2573,7195529,2235147,7192601
189,167799,2575541,950,155363,155363,0,2091221,152763,20831,2584,7249007,2258157,7246079
190,169131,2604264,955,156521,156521,0,2116321,153904,20997,2594,7303357,2281396,7300428
191,170463,2633488,960,157678,157678,0,2141922,155047,21163,2604,7357994,2304855,7355065
192,171795,2662681,965,158833,158833,0,2167495,156191,21329,2614,7412328,2328422,7409394
193,173127,2691622,970,159982,159982,0,2192830,157333,21495,2624,7466517,2351881,7463571
194,174465,2722081,975,161134,161134,0,2219672,158480,21661,2644,7520420,2376627,7517468
195,175801,2750192,980,162282,162282,0,2244178,159623,21827,2654,7573948,2399522,7570995
196,177137,2778895,985,163429,163429,0,2269278,160766,21993,2664,7628036,2422794,7625083
197,178474,2807933,990,164578,164578,0,2294710,161908,22159,2676,7681385,2446428,7678409
198,179810,2837563,995,165722,165722,0,2320744,163050,22325,2686,7735974,2470385,7732998
199,181146,2867343,1000,166868,166868,0,2346922,164194,22491,2696,7790557,2494450,7787580
200,182482,2897106,1005,168014,168014,0,2373083,165338,22657,2706,7845039,2518521,7842059
201,183818,2926975,1010,169159,169159,0,2399353,166481,22823,2716,7899330,2542660,7896349
202,185174,2957431,1015,170330,170330,0,2426128,167651,22992,2736,7955004,2567413,7951937
203,186530,2986615,1020,171498,171498,0,2451643,168815,23161,2747,8008567,2591268,8005496
204,187886,3016322,1025,172668,172668,0,2477676,169980,23330,2757,8063122,2615428,8060048
205,189242,3046318,1030,173836,173836,0,2504003,171144,23499,2767,8117782,2639680,8114707
206,190598,3076344,1035,175004,175004,0,2530360,172308,23668,2777,8172847,2663996,8169772
207,191954,3107239,1040,176171,176171,0,2557589,173471,23837,2787,8228085,2688915,8225010
208,193310,3137791,1045,177339,177339,0,2584476,174631,24006,2797,8282556,2713747,8279460
209,194667,3168342,1050,178509,178509,0,2611354,175795,24175,2807,8337601,2738440,8334505
