Backup ID, Logical chunk num, Unique chunk num, Base chunk num, Delta chunk num, Logical chunk size, Unique chunk size, Base chunk size, Delta chunk size, LZ4_save size, Delta_save size, 
0,598076,118229,113336,4893,8588886016,1032135022,621293656,6851066,361004761,42985539
1,1195194,131087,123220,7867,17177772032,1171401480,671627716,13202418,414009530,72561816
2,1791173,149943,138618,11325,25766658048,1368358678,757018132,21025890,484732393,105582263
3,2386184,164814,150353,14461,34355544064,1528865472,817678904,28260431,547726248,135199889
4,2980525,182825,164877,17948,42944430080,1719207135,898905076,36262367,615697860,168341832
5,3572942,204438,182702,21736,51533316096,1951922178,994286184,45453026,710026115,202156853
6,4164755,221561,196206,25355,60122202112,2137587443,1065738718,53657309,781495421,236695995
7,4755932,242885,213822,29063,68711088128,2361052678,1163842289,62542293,865219034,269449062
8,5346585,262903,229901,33002,77299974144,2573569874,1250606769,71366432,946443119,305153554
9,5936829,281759,244903,36856,85888860160,2774054407,1331553419,79592522,1023166812,339741654
10,6526705,307464,266138,41326,94477746176,3045410776,1444987211,89791633,1133830678,376801254
11,7117376,326216,281172,45044,103066632192,3242865686,1527444628,97850706,1208278982,409291370
12,7708121,347836,298728,49108,111655518208,3473193093,1621968907,106696782,1299353015,445174389
13,8299588,374837,321249,53588,120244404224,3759205714,1744509230,116818253,1414315387,483562844
14,8891445,396422,338674,57748,128833290240,3992611430,1838571086,125796482,1506756162,521487700
15,9483489,417887,355931,61956,137422176256,4224877819,1930152094,134830248,1600139728,559755749
16,10077606,443648,377314,66334,146011062272,4498147302,2049255047,144564780,1705762911,598564564
17,10672558,470248,399477,70771,154599948288,4782863934,2169787437,154349834,1820847181,637879482
18,11268152,494813,419635,75178,163188834304,5047681626,2280377147,163972448,1925613793,677718238
19,11865051,517318,438135,79183,171777720320,5289461317,2380856745,172762988,2022937873,712903711
20,12462550,542802,459111,83691,180366606336,5563245113,2494229555,182589753,2134042430,752383375
21,13060779,568100,479776,88324,188955492352,5836765923,2606415287,192262078,2244156394,793932164
22,13661032,598836,505682,93154,197544378368,6163336318,2750255403,202690053,2374403192,835987670
23,14263100,625524,527887,97637,206133264384,6450494513,2871261342,212449546,2490990209,875793416
24,14866184,651870,549579,102291,214722150400,6735758417,2987195116,222475465,2608834676,917253160
25,15472152,686885,579368,107517,223311036416,7109281814,3151322013,234078867,2761697494,962183440
26,16079762,719004,606637,112367,231899922432,7452798290,3299559678,245270915,2904853513,1003114184
27,16689366,753044,635418,117626,240488808448,7818860463,3456750105,256907645,3056618207,1048584506
28,17301791,788203,665252,122951,249077694464,8196526159,3619601078,269053694,3214003257,1093868130
29,17916474,824183,695888,128295,257666580480,8581486572,3786883261,281418736,3375042237,1138142338
