Backup ID, FPindex, SFindex, Deltaindex
0,9458320,21490304,211648
1,10486960,23387968,361824
2,11995440,26344320,518624
3,13185120,28597440,657216
4,14626000,31385920,812864
5,16355040,34808256,976608
6,17724880,37400896,1138272
7,19430800,40783168,1298880
8,21032240,43870208,1475040
9,22540720,46750272,1646208
10,24597120,50827264,1841792
11,26097280,53713792,2008192
12,27826880,57084416,2190816
13,29986960,61408448,2388096
14,31713760,64754048,2576352
15,33430960,68067328,2768768
16,35491840,72172864,2964416
17,37619840,76428160,3163904
18,39585040,80298496,3363072
19,41385440,83850496,3543520
20,43424160,87877888,3746848
21,45448000,91845568,3959904
22,47906880,96819520,4178656
23,50041920,101082880,4380928
24,52149600,105247680,4591936
25,54950800,110967168,4827968
26,57520320,116202816,5043872
27,60243520,121728512,5282464
28,63056240,127456640,5521344
29,65934640,133338752,5760448
