BackupID, OnlineSpeed(MB/s), Encalve ProcessTime(s), BackupSize, OnlineSize, OfflineSize, OfflineTime(s)
0, 440.988, 18.5742, 8588886016, 628144722, 628144722, 0.00105
1, 694.014, 11.8024, 8588886016, 684830134, 684830134, 0.001066
2, 665.812, 12.3023, 8588886016, 778044022, 778044022, 0.001192
3, 673.153, 12.1681, 8588886016, 845939335, 845939335, 0.00127
4, 657.077, 12.4658, 8588886016, 935167443, 935167443, 0.001413
5, 636.453, 12.8698, 8588886016, 1039739210, 1039739210, 0.001525
6, 657.891, 12.4504, 8588886016, 1119396027, 1119396027, 0.001633
7, 626.825, 13.0674, 8588886016, 1226384582, 1226384582, 0.001792
8, 634.322, 12.913, 8588886016, 1321973201, 1321973201, 0.001902
9, 639.575, 12.8069, 8588886016, 1411145941, 1411145941, 0.002017
10, 609.502, 13.4388, 8588886016, 1534778844, 1534778844, 0.002188
11, 624.404, 13.1181, 8588886016, 1625295334, 1625295334, 0.002322
12, 619.945, 13.2125, 8588886016, 1728665689, 1728665689, 0.002493
13, 580.828, 14.1023, 8588886016, 1861327483, 1861327483, 0.002645
14, 608.661, 13.4574, 8588886016, 1964367568, 1964367568, 0.002779
15, 601.649, 13.6143, 8588886016, 2064982342, 2064982342, 0.002937
16, 580.79, 14.1032, 8588886016, 2193819827, 2193819827, 0.003197
17, 577.855, 14.1748, 8588886016, 2324137271, 2324137271, 0.003372
18, 593.748, 13.7954, 8588886016, 2444349595, 2444349595, 0.003456
19, 595.685, 13.7506, 8588886016, 2553619733, 2553619733, 0.003647
20, 582.184, 14.0694, 8588886016, 2676819308, 2676819308, 0.003807
21, 556.58, 14.7167, 8588886016, 2798677365, 2798677365, 0.003965
22, 567.789, 14.4261, 8588886016, 2952945456, 2952945456, 0.004233
23, 569.57, 14.381, 8588886016, 3083710888, 3083710888, 0.004433
24, 561.226, 14.5948, 8588886016, 3209670581, 3209670581, 0.0046
25, 547.544, 14.9595, 8588886016, 3385400880, 3385400880, 0.004839
26, 547.183, 14.9694, 8588886016, 3544830593, 3544830593, 0.00508
27, 525.725, 15.5804, 8588886016, 3713657750, 3713657750, 0.005276
28, 525.992, 15.5725, 8588886016, 3888654772, 3888654772, 0.005591
29, 531.546, 15.4098, 8588886016, 4068301997, 4068301997, 0.005809
