Backup ID, Ecall, Inline_Ocall, Offline_Ocall, _Inline_FPOcall, _Inline_SFOcall, _Inline_LocalOcall, _Inline_LoadOcall, _Inline_DeltaOcall, _Inline_RecipeOcall, _Inline_Write_ContainerOcall, _inline_have_similar_chunk_num, _inline_need_load_container_num
0,4675,8574,5,1143,1143,0,1031,4673,584,159,6586,1364,
1,9342,15126,10,1693,1693,0,1235,9338,1167,174,9561,2262,
2,14001,21805,15,2278,2278,0,1505,13995,1749,199,13019,3461,
3,18652,28495,20,2860,2860,0,1801,18644,2330,217,16155,4765,
4,23298,35320,25,3457,3457,0,2208,23288,2910,241,19643,6330,
5,27929,42294,30,4097,4097,0,2695,27917,3488,268,23431,8076,
6,32555,49265,35,4706,4706,0,3247,32541,4065,289,27052,9877,
7,37176,56351,40,5354,5354,0,3841,37160,4642,317,30760,11708,
8,41793,63593,45,6007,6007,0,4586,41775,5218,342,34700,13729,
9,46407,70924,50,6660,6660,0,5423,46387,5794,366,38556,15784,
10,51018,78468,55,7378,7378,0,6346,50996,6370,398,43027,18068,
11,55635,85834,60,8054,8054,0,7169,55611,6946,422,46745,20063,
12,60253,93301,65,8756,8756,0,8040,60227,7522,449,50809,22273,
13,64876,100967,70,9522,9522,0,8976,64848,8099,483,55289,24581,
14,69502,108555,75,10255,10255,0,9897,69472,8676,510,59449,26910,
15,74130,116274,80,11004,11004,0,10914,74098,9254,537,63657,29351,
16,78774,124093,85,11796,11796,0,11927,78740,9834,570,68035,31812,
17,83425,131976,90,12610,12610,0,12952,83389,10415,604,72472,34342,
18,88081,139902,95,13426,13426,0,14011,88043,10996,635,76879,36910,
19,92747,147664,100,14223,14223,0,14933,92707,11578,664,80884,39225,
20,97417,155751,105,15093,15093,0,16029,97375,12161,696,85392,41830,
21,102093,163946,110,16029,16029,0,17094,102049,12745,728,90025,44500,
22,106785,172287,115,17015,17015,0,18187,106739,13331,768,94855,47325,
23,111491,180606,120,18021,18021,0,19203,111443,13918,802,99338,49908,
24,116205,189068,125,19026,19026,0,20355,116155,14506,835,103992,52687,
25,120942,197773,130,20108,20108,0,21570,120890,15097,881,109218,55764,
26,125691,206590,135,21291,21291,0,22681,125637,15690,923,114068,58544,
27,130456,215637,140,22507,22507,0,23938,130400,16285,967,119327,61695,
28,135243,224855,145,23772,23772,0,25243,135185,16883,1012,124652,64894,
29,140048,234185,150,25105,25105,0,26504,139988,17483,1059,129996,68025,
