Backup ID, Logical chunk num, Unique chunk num, Base chunk num, Delta chunk num, Logical chunk size, Unique chunk size, Base chunk size, Delta chunk size, LZ4_save size, Delta_save size, 
0,24641,24495,24431,64,208250880,207122891,100416478,213418,106103224,389771
1,49838,39626,31402,8224,420976640,343883169,130385917,1785297,137120619,74591336
2,75769,54678,37357,17321,640409600,480951594,155420286,3607915,163776766,158146627
3,102154,69374,43036,26338,864501760,615776387,179732269,5996101,188971695,241076322
4,128934,85204,49604,35600,1092659200,760639837,207728701,8719337,218325960,325865839
5,156457,101934,56782,45152,1326612480,913110906,238400716,11957790,250190659,412561741
6,184290,118788,63510,55278,1563217920,1067086366,267195257,15445933,279852902,504592274
7,212510,136407,70873,65534,1803356160,1227283855,298687121,19347053,312523709,596725972
8,241451,155151,78502,76649,2049822720,1397466120,331249102,23391116,345939071,696886831
9,270745,172102,84133,87969,2300139520,1554665685,355424831,26627245,371481072,801132537
10,300593,189672,90300,99372,2554542080,1715971804,381425387,30269314,399095229,905181874
11,331389,208165,97396,110769,2817464320,1885698253,411331030,34411171,430815672,1009140380
12,362473,226816,104740,122076,3082168320,2056620195,442672055,38608101,463357477,1111982562
13,394467,248136,114230,133906,3355002880,2249505687,483323328,44209778,505316304,1216656277
14,427730,269719,124464,145255,3639654400,2446105951,527261169,49059994,551172389,1318612399
15,461573,291289,133683,157606,3929231360,2642868685,566639364,54535691,592409081,1429284549
16,495907,313484,145029,168455,4223057920,2845343213,615304967,59600312,643794860,1526643074
17,533891,338250,159555,178695,4533319680,3055374134,671603916,64789060,704031611,1614949547
18,573226,363914,172286,191628,4869498880,3288730076,725602084,70073823,762422376,1730631793
19,614460,390057,184241,205816,5222645760,3527677934,776264332,75403918,816685604,1859324080
20,657190,416136,195193,220943,5588357120,3767058441,822204110,80510011,866329403,1998014917
21,701984,444128,207338,236790,5970749440,4022803683,872784607,85997656,921823089,2142198331
22,748244,472329,218730,253599,6365849600,4281805935,920647083,91877800,973788723,2295492329
23,795533,500237,228774,271463,6770524160,4539452538,962754147,98457037,1019342556,2458898798
24,843831,528928,239159,289769,7183421440,4803542209,1005819071,104218732,1066467174,2627037232
25,892453,557325,249247,308078,7597076480,5064122709,1047319127,110317338,1111680145,2794806099
26,943081,588339,261743,326596,8028426240,5347599334,1098837029,117402114,1168796869,2962563322
27,994732,617593,271714,345879,8468920320,5618093235,1140362444,123356365,1214034917,3140339509
28,1047519,648825,282395,366430,8918517760,5905656166,1184896922,130222933,1262932428,3327603883
29,1100481,678191,291718,386473,9369497600,6177498332,1223850235,146714325,1304606465,3502327307
30,1161683,730293,331753,398540,9891061760,6631310292,1386789946,161326942,1486826505,3596366899
31,1224165,764459,343815,420644,10425190400,6949135668,1437262967,167190878,1543126574,3801555249
32,1287906,799067,355273,443794,10969159680,7270247371,1484604558,172582342,1595375430,4017685041
33,1352398,833924,365662,468262,11518976000,7592912324,1527274382,179049122,1642702249,4243886571
34,1418053,869731,376680,493051,12079032320,7925229976,1572268327,186373269,1693268103,4473320277
35,1485051,906885,388547,518338,12650547200,8269312100,1620653741,193922548,1748165374,4706570437
36,1552883,943650,399614,544036,13229209600,8610980264,1665664143,201790102,1799188930,4944337089
37,1620506,980487,410700,569787,13805813760,8953041890,1710780794,209683505,1850360219,5182217372
38,1688546,1017268,420437,596831,14386237440,9294603528,1750884255,217649168,1894545966,5431524139
39,1757006,1054333,431200,623133,14970695680,9640069539,1795356722,226483694,1944405365,5673823758
40,1810412,1083547,439750,643797,15425167360,9911406345,1831225199,235240522,1983741313,5861199311
41,1864540,1113534,448459,665075,15886080000,10189212551,1867657755,243397235,2023633601,6054523960
42,1919273,1143338,456510,686828,16352163840,10465661096,1901329917,251840543,2061037480,6251453156
43,1974837,1173737,464763,708974,16824729600,10747386683,1935847130,261504220,2098899160,6451136173
44,2031182,1204027,472732,731295,17304453120,11028976023,1968999774,270596435,2135602481,6653777333
45,2088613,1233728,479486,754242,17793658880,11306693526,1997030847,278788993,2166762440,6864111246
46,2147190,1264387,486759,777628,18292684800,11593204633,2027292461,287867234,2200955951,7077088987
47,2206496,1294554,492811,801743,18798346240,11876362472,2052589800,296794097,2229183415,7297795160
48,2266715,1323504,497324,826180,19312179200,12150398334,2071299023,304361088,2250208029,7524530194
49,2335940,1359838,507370,852468,19902177280,12489094108,2112560316,326723031,2296998352,7752812409
50,2419066,1426420,554084,872336,20615280640,13077690238,2298322118,347724224,2518301806,7913342090
51,2503193,1471068,568329,902739,21337559040,13492750308,2357095506,357677943,2584563571,8193413288
52,2593570,1520912,586859,934053,22117294080,13956496725,2424156678,367647212,2682991765,8481701070
53,2687808,1568890,601594,967296,22935326720,14407514754,2480077060,377006835,2759764937,8790665922
54,2782874,1615142,615528,999614,23760384000,14838437071,2536088160,391603298,2824172021,9086573592
55,2878878,1662942,629057,1033885,24594739200,15284296250,2591257611,403242086,2887549249,9402247304
56,2975128,1710128,642320,1067808,25430681600,15725714597,2644584220,415346738,2950374773,9715408866
57,3070965,1757037,656175,1100862,26264494080,16164609531,2700396997,426250840,3016320953,10021640741
58,3166442,1803100,668640,1134460,27094425600,16595252208,2751128229,437602136,3074881394,10331640449
59,3262959,1849992,681928,1168064,27933890560,17033027647,2805182925,449754225,3136620515,10641469982
60,3332759,1886832,691199,1195633,28529817600,17377600787,2843850279,458295120,3179987110,10895468278
61,3430872,1934164,704641,1229523,29384591360,17821510252,2898165145,472824445,3244444541,11206076121
62,3504712,1972423,714396,1258027,30015549440,18178220181,2938414092,482112079,3289316567,11468377443
63,3579605,2009807,722794,1287013,30656389120,18529206646,2973185147,492225166,3328684094,11735112239
64,3655420,2047926,731104,1316822,31304744960,18886528805,3007180474,504003972,3367331465,12008012894
65,3732183,2085663,738378,1347285,31962798080,19242462056,3037492096,514687352,3401367774,12288914834
66,3809922,2124329,746448,1377881,32629002240,19606090117,3071294418,526139652,3439181337,12569474710
67,3888789,2162403,753136,1409267,33305978880,19966345083,3099276928,536373528,3470338786,12860355841
68,3968924,2200450,759809,1440641,33992949760,20325995601,3126890354,546999549,3501191420,13150914278
69,4050053,2237353,764976,1472377,34688532480,20677381896,3148255588,556854772,3525344896,13446926640
70,4149217,2284535,778937,1505598,35551836160,21119663880,3204432727,593886260,3592325582,13729019311
71,4265450,2371143,841014,1530129,36571084800,21893659608,3440293886,645267089,3902692491,13905406142
72,4386386,2425654,858450,1567204,37635307520,22408755401,3505982739,658234667,3992943594,14251594401
73,4508081,2477154,871867,1605287,38705633280,22895215145,3559888185,669230438,4056754920,14609341602
74,4632072,2531806,886974,1644832,39797422080,23410168790,3618711818,681516679,4131089085,14978851208
75,4732223,2578458,898073,1680385,40669081600,23848856535,3664700234,677808839,4183371379,15322976083
76,4832181,2625447,911892,1713555,41540311040,24291221580,3720225592,716642654,4249016759,15605336575
77,4936619,2671964,922619,1749345,42453647360,24729783746,3763712529,731562089,4299158143,15935350985
78,5043629,2718584,932474,1786110,43391784960,25170334985,3803538076,744565899,4345738241,16276492769
79,5152164,2765822,942433,1823389,44339476480,25614745161,3842856896,757460535,4392400124,16622027606
80,5261707,2811976,950682,1861294,45297090560,26053001409,3876025535,769784037,4431315232,16975876605
81,5372102,2858319,958619,1899700,46262865920,26494109032,3908330132,782113281,4468769003,17334896616
82,5484739,2905801,966808,1938993,47246745600,26944336428,3940949673,796336685,4507102432,17699947638
83,5615274,2974727,1025619,1949108,48257761280,27443678836,4129627486,814093182,4725225860,17774732308
84,5746948,3029093,1043066,1986027,49277388800,27828197717,4181188283,823815353,4786598079,18036596002
85,5878524,3079049,1049620,2029429,50296289280,28176859675,4198065891,827616804,4808611811,18342565169
86,6010103,3128955,1055258,2073697,51315240960,28525163481,4212437738,831646938,4827686393,18653392412
87,6141701,3178812,1059909,2118903,52334305280,28872958077,4224291241,835278222,4843501015,18969887599
88,6273302,3228688,1063943,2164745,53353441280,29220978790,4234940393,838267792,4857565213,19290205392
89,6404919,3278502,1068400,2210102,54372648960,29568467799,4246596817,842488866,4873318527,19606063589
90,6536540,3328324,1072269,2256055,55391866880,29916062621,4256522661,846199461,4886646711,19926693788
91,6668160,3378140,1075550,2302590,56411105280,30263561394,4264765099,880889258,4898173094,20219733943
92,6804565,3431960,1086048,2345912,57475010560,30644138614,4296906282,872798399,4936015278,20538418655
93,6940979,3482283,1089832,2392451,58538915840,30995265413,4306521058,875679575,4948744414,20864320366
94,7077386,3532627,1093304,2439323,59602872320,31346808615,4315447530,879021579,4960692307,21191647199
95,7213812,3582970,1096731,2486239,60666920960,31698289312,4324151110,883783303,4972485083,21517869816
96,7350241,3633269,1100767,2532502,61731000320,32049460760,4334558583,887446983,4986668791,21840786403
97,7486674,3683528,1103661,2579867,62795130880,32400320490,4341894930,891160678,4996687673,22170577209
98,7623116,3733785,1106367,2627418,63859322880,32751090403,4348732522,895257800,5006123839,22500976242
99,7759591,3784184,1109696,2674488,64923535360,33102591715,4357035418,947089435,5017660689,22780806173
100,7896734,3837918,1119037,2718881,65993605120,33482551991,4385733058,967695895,5051191408,23077931630
101,8033918,3888530,1123145,2765385,67063715840,33836062449,4396217572,942148467,5066030934,23431665476
102,8171098,3939120,1126469,2812651,68133888000,34189542680,4404853909,942831019,5077494571,23764363181
103,8308293,3989691,1129390,2860301,69204070400,34542631238,4412413177,945501509,5087580664,24097135888
104,8445492,4040213,1132462,2907751,70274324480,34895496730,4420063293,949125178,5098147210,24428161049
105,8582680,4090615,1134813,2955802,71344588800,35247383444,4425852486,952489603,5106234623,24762806732
106,8719869,4141100,1138086,3003014,72414894080,35599950429,4433820152,956352151,5117264849,25092513277
107,8857075,4191540,1140262,3051278,73485209600,35952016244,4439126798,959970618,5124703918,25428214910
108,8994276,4241970,1142513,3099457,74555525120,36304049595,4444376040,1027665214,5132584949,25699423392
109,9133868,4296766,1151940,3144826,75646996480,36692624072,4473953725,1002128424,5167283986,26049257937
110,9273476,4347897,1155250,3192647,76738498560,37049737902,4482397701,1004025684,5178405979,26384908538
111,9413087,4398892,1157950,3240942,77830031360,37405820556,4489183631,1006629557,5187776199,26722231169
112,9552710,4449914,1160297,3289617,78921687040,37762308541,4495266066,1010058755,5195986919,27060996801
113,9692345,4500877,1162810,3338067,80013373440,38118104505,4501636654,1013911364,5204634010,27397922477
114,9831983,4551835,1165392,3386443,81105090560,38473884103,4508142174,1017704481,5213530961,27734506487
115,9971637,4602922,1170376,3432546,82196858880,38830540205,4522686306,1021648941,5231684605,28054520353
116,10111284,4653852,1173085,3480767,83288637440,39186071420,4529370105,1100923007,5241274859,28314503449
117,10254480,4719071,1188421,3530650,84415191040,39665633935,4578070045,1073355778,5307585987,28706622125
118,10397681,4770973,1191993,3578980,85541744640,40028724542,4587338350,1073428336,5319669774,29048288082
119,10540871,4822680,1194819,3627861,86668339200,40390617824,4594690625,1076227353,5329530991,29390168855
120,10684073,4874361,1197341,3677020,87794995200,40752012280,4601271163,1079520800,5338200021,29733020296
121,10827281,4926037,1200204,3725833,88921692160,41113288654,4608531882,1084183003,5348166629,30072407140
122,10970483,4977636,1202531,3775105,90048409600,41473895648,4614514948,1087121255,5356318830,30415940615
123,11113686,5029199,1204927,3824272,91175137280,41834152531,4620520224,1091877197,5364500842,30757254268
124,11256922,5081046,1207472,3873574,92301875200,42196440001,4626857463,1182710292,5373508166,31013364080
125,11401515,5143663,1220066,3923597,93438638080,42646913920,4668432880,1142287533,5420917774,31415275733
126,11546098,5195868,1223465,3972403,94575441920,43011697796,4677155428,1140806334,5432469496,31761266538
127,11690685,5248179,1225965,4022214,95712296960,43377614779,4683534013,1143117811,5440890704,32110072251
128,11835284,5300501,1228851,4071650,96849203200,43743443888,4691375862,1146447262,5450824876,32454795888
129,11979903,5352677,1231599,4121078,97986140160,44107982046,4698249188,1151197205,5460378468,32798157185
130,12124509,5404840,1233954,4170886,99123118080,44472661525,4704114288,1154112570,5468461137,33145973530
131,12269135,5456984,1235933,4221051,100260126720,44837198007,4709109428,1158830166,5475260008,33493998405
132,12413757,5509206,1238410,4270796,101397145600,45202159037,4715057237,1261426531,5483994199,33741681070
133,12560306,5573743,1251611,4322132,102548971520,45669972107,4758186364,1215263011,5535659373,34160863359
134,12706853,5626534,1254656,4371878,103700848640,46039405097,4766280335,1214132753,5546138483,34512853526
135,12853388,5679316,1257480,4421836,104852684800,46408795222,4773531693,1217909740,5555814311,34861539478
136,12999928,5732016,1259803,4472213,106004572160,46777402158,4779545790,1221356264,5563906033,35212594071
137,13146491,5784871,1262099,4522772,107156520960,47147233419,4785312460,1225506650,5571738298,35564676011
138,13293046,5837477,1264196,4573281,108308500480,47515049838,4790576680,1228775026,5578965491,35916732641
139,13439601,5890056,1266619,4623437,109460500480,47882533659,4796501031,1233147681,5587267080,36265617867
140,13586157,5942529,1268551,4673978,110612520960,48249044660,4801255355,1237618761,5593788604,36616381940
141,13732717,5995056,1270834,4724222,111764551680,48616124200,4806679132,1354472148,5601870510,36853102410
142,13880344,6058499,1283046,4775453,112924149760,49073860100,4846931571,1295873364,5648423808,37282631357
143,14027988,6111925,1286525,4825400,114083829760,49447891995,4855818270,1294787239,5660314753,37636971733
144,14175645,6165186,1289271,4875915,115243581440,49820445302,4862752740,1298278225,5669670488,37989743849
145,14323303,6218305,1291674,4926631,116403353600,50191733991,4868776259,1302326225,5677831628,38342799879
146,14470960,6271425,1293977,4977448,117563146240,50563113252,4874723401,1306788572,5685865342,38695735937
147,14618628,6324581,1296379,5028202,118722969600,50934898919,4880727397,1310311602,5694252028,39049607892
148,14766300,6377676,1298749,5078927,119882823680,51306102127,4886721221,1314463632,5702467437,39402449837
149,14913989,6430735,1301255,5129480,121042739200,51676783287,4892897980,1319779219,5711110916,39752995172
150,15061697,6483725,1304706,5179019,122202654720,52046653921,4901652749,1444185326,5723325779,39977490067
151,15215081,6551594,1320320,5231274,123417743360,52542126172,4950105729,1389335894,5790817701,40411866848
152,15368526,6606120,1324466,5281654,124632862720,52923284157,4961004509,1391427452,5804836710,40766015486
153,15521904,6659947,1327726,5332221,125848002560,53299309398,4969721635,1391907232,5816482687,41121197844
154,15675282,6713636,1329959,5383677,127063162880,53674073370,4975356672,1395858728,5824342443,41478515527
155,15828675,6767498,1332585,5434913,128278353920,54050239508,4982065972,1400532129,5833537555,41834103852
156,15982054,6821147,1334789,5486358,129493575680,54424765409,4987533847,1403125990,5841138600,42192966972
157,16135440,6874760,1337063,5537697,130708828160,54798978754,4993041315,1407558387,5848944305,42549434747
158,16288844,6928446,1339651,5588795,131924111360,55173626794,4999158390,1539479356,5858125689,42776863359
159,16447881,6997829,1356394,5641435,133193082880,55683897240,5049710963,1480702204,5933450938,43220033135
160,16606926,7052409,1359603,5692806,134462105600,56065143765,5057901808,1477209909,5944533463,43585498585
161,16765974,7106802,1362150,5744652,135731159040,56444802879,5064263687,1479032885,5953260517,43948245790
162,16925032,7161385,1365182,5796203,137000273920,56826044878,5072259891,1484383305,5963981927,44305419755
163,17084103,7215812,1367874,5847938,138269419520,57205869603,5079054442,1488605379,5973237325,44664972457
164,17243196,7270287,1370063,5900224,139538606080,57586041595,5084566256,1490755491,5980884051,45029835797
165,17402274,7324836,1371970,5952866,140807864320,57967173406,5089406953,1494441421,5987471024,45395854008
166,17561357,7379256,1374182,6005074,142077163520,58347083586,5094918864,1501557624,5995156723,45755450375
167,17720447,7433609,1376697,6056912,143346462720,58726475359,5100716014,1643910079,6003879458,45977969808
168,17886817,7504752,1393747,6111005,144686612480,59254482293,5151352521,1726002699,6084085143,46293041930
169,18053209,7560224,1397444,6162780,146026874880,59642371034,5160666293,1746046925,6096793390,46638864426
170,18219602,7615541,1400234,6215307,147367178240,60028979932,5167778691,1757530455,6106475666,46997195120
171,18386010,7670761,1402838,6267923,148707522560,60414563771,5174288412,1767803752,6115499885,47356971722
172,18552417,7725971,1405084,6320887,150047897600,60800172108,5179861007,1774259169,6123297857,47722754075
173,18718807,7781013,1407214,6373799,151388272640,61184458625,5185050204,1780642799,6130671033,48088094589
174,18885225,7836302,1409791,6426511,152728668160,61570577496,5191243767,1788581832,6139476413,48451275484
175,19051640,7891501,1412588,6478913,154069084160,61956043340,5197961813,1831600704,6149263004,48777217819
176,19220179,7958927,1425524,6533403,155427061760,62443904441,5239188994,1837286841,6200603736,49166824870
177,19388737,8014877,1428658,6586219,156785070080,62834909536,5247394103,1841126900,6211410310,49534978223
178,19557303,8070715,1431804,6638911,158143150080,63225012328,5255195187,1848603954,6222259341,49898953846
179,19725862,8126473,1434248,6692225,159501301760,63614575920,5261349708,1853079852,6230754507,50269391853
180,19894446,8182287,1436932,6745355,160859504640,64004795765,5267924628,1860041297,6240081572,50636748268
181,20063015,8238008,1439265,6798743,162217748480,64394128344,5273850458,1864103709,6248416237,51007757940
182,20231579,8293687,1441382,6852305,163576023040,64783161592,5279153273,1869591992,6255680193,51378736134
183,20400159,8349256,1443232,6906024,164934318080,65171073852,5283673917,1875820359,6262069044,51749510532
184,20568769,8405097,1446373,6958724,166292643840,65560730580,5291549631,1943003121,6273187758,52052990070
185,20738884,8474319,1462279,7012040,167663482880,66060826530,5340085962,1936425452,6336402808,52447912308
186,20909007,8530654,1465704,7064950,169034342400,66453771629,5348259911,1939073893,6348403743,52818034082
187,21079149,8586848,1468194,7118654,170405335040,66846099255,5354388031,1942914887,6356945846,53191850491
188,21249296,8643194,1470980,7172214,171776348160,67239456128,5361329513,1949500795,6366627129,53561998691
189,21419516,8699712,1474400,7225312,173147402240,67633595012,5370031554,1959109265,6378412394,53926041799
190,21589668,8755882,1476705,7279177,174518487040,68025605366,5375774335,1961034594,6386473308,54302323129
191,21759830,8812170,1478859,7333311,175889612800,68418780233,5381153246,1964369769,6393928818,54679328400
192,21930000,8868495,1481207,7387288,177260769280,68811767293,5387061770,1969974528,6402139099,55052591896
193,22100177,8924695,1483776,7440919,178631946240,69203938386,5393086559,2055178599,6411130343,55344542885
194,22271074,8992244,1497865,7494379,180008775680,69690705773,5438410694,2036317209,6465140106,55750837764
195,22441790,9048642,1501149,7547493,181384151040,70084352759,5446733520,2035290904,6476350704,56125977631
196,22612511,9105227,1504062,7601165,182759546880,70479646678,5454242181,2040513186,6486426857,56498464454
197,22783370,9163082,1509028,7654054,184135034880,70884113696,5467556569,2052426706,6504142493,56859987928
198,22954098,9219404,1511115,7708289,185510543360,71277231023,5472734650,2051647994,6511543691,57241304688
199,23124824,9275749,1513324,7762425,186886082560,71670617640,5478338321,2056078975,6519266941,57616933403
200,23295551,9332065,1515616,7816449,188261662720,72063721272,5484062034,2061277543,6527223756,57991157939
201,23466280,9388353,1518230,7870123,189637253120,72456450053,5490347377,2158605415,6536413587,58271083674
202,23639562,9457474,1532059,7925415,191035084800,72958078126,5533817870,2131336643,6593684693,58699238920
203,23812842,9514409,1535812,7978597,192432936960,73355640238,5542908328,2128930782,6606536599,59077264529
204,23986132,9571470,1538759,8032711,193830850560,73754512241,5550185478,2134463834,6616746850,59453116079
205,24159416,9628351,1541427,8086924,195228815360,74151741452,5556889102,2139462894,6626019822,59829369634
206,24332721,9685313,1543774,8141539,196626831360,74549606383,5562841111,2145903987,6634181329,60206679956
207,24506020,9742188,1545809,8196379,198024888320,74946933668,5567900512,2147663376,6641363207,60590006573
208,24679332,9799081,1548581,8250500,199422986240,75344383951,5574933154,2152863535,6651184059,60965403203
209,24852683,9856049,1551137,8304912,200821135360,75742099691,5581050694,2265166854,6660224881,61235657262
