Backup ID, FPindex, SFindex, Deltaindex
0,1959600,4683840,3392
1,3170080,6020992,523584
2,4374240,7159232,942368
3,5549920,8242112,1325440
4,6816320,9494144,1717568
5,8154720,10864192,2126400
6,9503040,12145152,2562176
7,10912560,13547520,2996704
8,12412080,15000128,3478912
9,13768160,16069952,3958336
10,15173760,17238592,4421440
11,16653200,18587648,4884576
12,18145280,19983552,5354624
13,19850880,21792768,5851968
14,21577520,23743552,6333088
15,23303120,25498496,6870016
16,25078720,27662080,7332512
17,27060000,30430528,7784192
18,29113120,32854016,8349504
19,31204560,35130496,8975360
20,33290880,37216128,9618784
21,35530240,39528320,10278688
22,37786320,41693440,10983008
23,40018960,43598976,11725472
24,42314240,45574528,12477024
25,44586000,47491264,13217952
26,47067120,49869376,13965472
27,49407440,51762816,14755552
28,51906000,53794368,15581728
29,54255280,55567104,16383904
30,58423440,63238464,16873888
31,61156720,65540480,18077440
32,63925360,67724736,19035488
33,66713920,69700416,20008224
34,69578480,71793920,20984768
35,72550800,74049024,21981088
36,75492000,76145984,22989824
37,78438960,78249984,23993184
38,81381440,80095168,25055296
39,84346640,82137408,26063712
40,86683760,83743424,26855584
41,89082720,85378688,27675328
42,91467040,86888640,28516032
43,93898960,88434304,29361088
44,96322160,89926144,30210976
45,98698240,91182912,31081344
46,101150960,92538496,31950944
47,103564320,93652928,32849184
48,105880320,94467776,33735136
49,108787040,96364032,34742720
50,114113600,105301568,35528544
51,117685440,108014400,37085152
52,121672960,111536832,38360576
53,125511200,114334656,39685632
54,129211360,116978944,40936544
55,133035360,119534720,42282304
56,136810240,122046208,43596064
57,140562960,124677184,44878080
58,144248000,127035008,46189056
59,147999360,129551680,47481184
60,150946560,131283072,48511392
61,154733120,133826688,49812864
62,157793840,135646976,50892000
63,160784560,137208448,51977472
64,163834080,138756352,53082784
65,166853040,140102208,54202368
66,169946320,141593600,55316960
67,172992240,142821824,56456672
68,176036000,144049856,57581920
69,178988240,144981952,58708256
70,182762800,147620608,59982336
71,189691440,159483328,60991232
72,194052320,162801856,62963744
73,198172320,165349504,64492320
74,202544480,168216512,66020128
75,206276640,170276992,67356352
76,210035760,172855872,68601792
77,213757120,174849408,70000416
78,217486720,176680768,71361024
79,221265760,178531968,72731456
80,224958080,180057152,74111520
81,228665520,181525632,75493632
82,232464080,183032320,76905344
83,237978160,194295168,77364096
84,242327440,197625344,79581344
85,246323920,198833472,81362080
86,250316400,199850304,82932384
87,254304960,200676608,84495552
88,258295040,201381824,86071680
89,262280160,202160384,87611936
90,266265920,202815488,89172768
91,270251200,203373888,90733984
92,274556800,205308160,92232928
93,278582640,205959936,93937440
94,282610160,206557952,95522336
95,286637600,207151424,97096032
96,290661520,207863744,98648288
97,294682240,208355520,100228320
98,298702800,208803072,101810112
99,302734720,209363712,103378304
100,307033440,211101312,104885472
101,311082400,211824896,106556064
102,315129600,212390464,108149728
103,319175280,212872256,109742528
104,323217040,213376448,111322016
105,327249200,213760064,112917088
106,331288000,214318336,114477856
107,335323200,214668032,116073824
108,339357600,215042880,117661312
109,343741280,216791872,119195584
110,347831760,217352704,120915264
111,351911360,217792384,122529376
112,355993120,218180288,124146144
113,360070160,218586688,125747392
114,364146800,219011264,127348000
115,368233760,219876800,128911168
116,372308160,220412928,130500992
117,377525680,223255360,132239200
118,381677840,223845248,133984672
119,385814400,224302144,135626848
120,389948880,224712448,137257632
121,394082960,225173376,138876736
122,398210880,225545792,140507808
123,402335920,225934016,142129728
124,406483680,226347904,143762048
125,411493040,228692032,145476032
126,415669440,229279872,147206208
127,419854320,229689728,148867456
128,424040080,230163392,150510432
129,428214160,230630592,152148992
130,432387200,231016000,153795360
131,436558720,231326016,155447456
132,440736480,231733440,157086560
133,445899440,234191936,158847328
134,450122720,234694208,160619904
135,454345280,235162944,162287040
136,458561280,235541504,163958176
137,462789680,235907840,165628928
138,466998160,236233024,167293344
139,471204480,236623616,168941344
140,475402320,236916608,170605248
141,479604480,237299520,172250016
142,484679920,239575232,173999264
143,488954000,240172160,175773024
144,493214880,240640192,177455968
145,497464400,241027968,179136640
146,501714000,241400320,180810624
147,505966480,241789184,182482272
148,510214080,242164544,184152192
149,514458800,242584448,185816128
150,518698000,243179584,187452064
151,524127520,246083968,189259552
152,528489600,246807552,191075776
153,532795760,247354752,192771328
154,537090880,247734400,194480288
155,541399840,248157568,196177728
156,545691760,248502272,197872384
157,549980800,248858368,199565152
158,554275680,249274880,201248000
159,559826320,252409984,203064864
160,564192720,252945216,204906240
161,568544160,253355840,206632384
162,572910800,253859008,208341696
163,577264960,254305728,210049632
164,581622960,254648576,211772352
165,585986880,254937344,213503904
166,590340480,255293952,215216704
167,594688720,255695424,216920672
168,600380160,258897728,218791488
169,604817920,259533056,220651296
170,609243280,259989184,222406880
171,613660880,260418496,224147392
172,618077680,260774848,225898528
173,622481040,261113408,227641216
174,626904160,261530752,229372288
175,631320080,262004480,231097632
176,636714160,264403648,232962080
177,641190160,264941440,234828256
178,645657200,265470272,236580672
179,650117840,265863744,238345504
180,654582960,266299392,240101152
181,659040640,266674944,241858592
182,663494960,267019968,243616288
183,667940480,267301504,245378944
184,672407760,267836416,247112640
185,677945520,270818240,248945920
186,682452320,271398656,250830816
187,686947840,271788352,252619744
188,691455520,272239744,254394304
189,695976960,272840832,256153280
190,700470560,273199168,257925984
191,704973600,273545664,259703648
192,709479600,273926208,261479104
193,713975600,274346240,263245920
194,719379520,276940224,265077568
195,723891360,277523136,266965984
196,728418160,277996096,268758784
197,733046560,278871488,270526624
198,737552320,279192768,272317472
199,742059920,279531840,274097184
200,746565200,279894400,275871904
201,751068240,280341696,277635232
202,756597920,282913472,279527744
203,761152720,283549056,281413024
204,765717600,284037632,283215552
205,770268080,284472960,285006560
206,774825040,284838848,286808512
207,779375040,285147648,288615072
208,783926480,285602240,290398432
209,788483920,286045888,292186816
