Backup ID, Online Delta_save, Offline Delta_save, Offline delta time, Offline dedelta time, Offline delete time, Offline Delta chunk num
0,0,389771,64,0,11,64
1,0,74591336,8266,42,47,8224
2,0,158146627,22509,5188,102,17321
3,0,241076322,41457,15119,169,26338
4,0,325865839,64339,28739,246,35600
5,0,412561741,90488,45336,337,45152
6,0,504592274,120155,64877,445,55278
7,0,596725972,152547,87013,566,65534
8,0,696886831,187898,111249,703,76649
9,0,801132537,226567,138598,851,87969
10,0,905181874,269408,170036,1013,99372
11,0,1009140380,315462,204693,1186,110769
12,0,1111982562,361998,239922,1375,122076
13,0,1216656277,410493,276587,1585,133906
14,0,1318612399,458138,312883,1816,145255
15,0,1429284549,508127,350521,2065,157606
16,0,1526643074,551899,383444,2321,168455
17,0,1614949547,591046,412351,2613,178695
18,0,1730631793,642166,450538,2911,191628
19,0,1859324080,697227,491411,3227,205816
20,0,1998014917,758087,537144,3543,220943
21,0,2142198331,825468,588678,3873,236790
22,0,2295492329,899238,645639,4234,253599
23,0,2458898798,979445,707982,4604,271463
24,0,2627037232,1065072,775303,4987,289769
25,0,2794806099,1156325,848247,5391,308078
26,0,2962563322,1251811,925215,5816,326596
27,0,3140339509,1352844,1006965,6242,345879
28,0,3327603883,1461835,1095405,6734,366430
29,0,3502327307,1575416,1188943,7198,386473
30,0,3596366899,1645225,1246685,7808,398540
31,0,3801555249,1722594,1301950,8266,420644
32,0,4017685041,1812909,1369115,8737,443794
33,0,4243886571,1920306,1452044,9210,468262
34,0,4473320277,2038892,1545841,9699,493051
35,0,4706570437,2167670,1649332,10219,518338
36,0,4944337089,2307015,1762979,10750,544036
37,0,5182217372,2455853,1886066,11307,569787
38,0,5431524139,2617537,2020706,11832,596831
39,0,5673823758,2786590,2163457,12431,623133
40,0,5861199311,2946929,2303132,13259,643797
41,0,6054523960,3117156,2452081,14067,665075
42,0,6251453156,3296417,2609589,14848,686828
43,0,6451136173,3481738,2772764,15666,708974
44,0,6653777333,3675823,2944528,16470,731295
45,0,6864111246,3880960,3126718,17269,754242
46,0,7077088987,4097369,3319741,18087,777628
47,0,7297795160,4325707,3523964,18900,801743
48,0,7524530194,4567697,3741517,19669,826180
49,0,7752812409,4785595,3933127,20565,852468
50,0,7913342090,4947134,4074798,21663,872336
51,0,8193413288,5113948,4211209,22513,902739
52,0,8481701070,5294834,4360781,23316,934053
53,0,8790665922,5496617,4529321,24114,967296
54,0,9086573592,5702486,4702872,25008,999614
55,0,9402247304,5924185,4890300,25918,1033885
56,0,9715408866,6157089,5089281,26764,1067808
57,0,10021640741,6383853,5282991,27570,1100862
58,0,10331640449,6619026,5484566,28440,1134460
59,0,10641469982,6862969,5694905,29382,1168064
60,0,10895468278,7153588,5957955,30674,1195633
61,0,11206076121,7410537,6181014,31647,1229523
62,0,11468377443,7714065,6456038,32910,1258027
63,0,11735112239,8034924,6747911,34061,1287013
64,0,12008012894,8364164,7047342,35248,1316822
65,0,12288914834,8711736,7364451,36400,1347285
66,0,12569474710,9071016,7693135,37589,1377881
67,0,12860355841,9448934,8039667,38736,1409267
68,0,13150914278,9840607,8399966,39950,1440641
69,0,13446926640,10250904,8778527,41087,1472377
70,0,13729019311,10553252,9047654,42371,1505598
71,0,13905406142,10724767,9194638,44062,1530129
72,0,14251594401,10899034,9331830,45083,1567204
73,0,14609341602,11094135,9488848,46123,1605287
74,0,14978851208,11313109,9668277,47133,1644832
75,0,15322976083,11658221,9977836,48501,1680385
76,0,15605336575,11944885,10231330,49860,1713555
77,0,15935350985,12238861,10489516,51043,1749345
78,0,16276492769,12546664,10760554,52193,1786110
79,0,16622027606,12871033,11047644,53355,1823389
80,0,16975876605,13212438,11351144,54487,1861294
81,0,17334896616,13572129,11672429,55647,1899700
82,0,17699947638,13944734,12005741,56828,1938993
83,0,17774732308,13983031,12033923,58649,1949108
84,0,18036596002,14042124,12056097,59397,1986027
85,0,18342565169,14136120,12106691,59681,2029429
86,0,18653392412,14268012,12194315,59980,2073697
87,0,18969887599,14437494,12318591,60291,2118903
88,0,19290205392,14643809,12479064,60635,2164745
89,0,19606063589,14883498,12673396,60965,2210102
90,0,19926693788,15159396,12903341,61309,2256055
91,0,20219733943,15474074,13171484,61678,2302590
92,0,20538418655,15785726,13439814,62475,2345912
93,0,20864320366,16132567,13740116,62921,2392451
94,0,21191647199,16514295,14074972,63412,2439323
95,0,21517869816,16929341,14443102,63918,2486239
96,0,21840786403,17370910,14838408,64466,2532502
97,0,22170577209,17854893,15275026,64978,2579867
98,0,22500976242,18374824,15747406,65525,2627418
99,0,22780806173,18919489,16245001,66166,2674488
100,0,23077931630,19448445,16729564,67165,2718881
101,0,23431665476,20002205,17236820,67815,2765385
102,0,23764363181,20593673,17781022,68495,2812651
103,0,24097135888,21223794,18363493,69192,2860301
104,0,24428161049,21879902,18972151,69894,2907751
105,0,24762806732,22576217,19620415,70588,2955802
106,0,25092513277,23299015,20296001,71311,3003014
107,0,25428214910,24063294,21012016,72035,3051278
108,0,25699423392,24863145,21763688,72787,3099457
109,0,26049257937,25617936,22473110,74055,3144826
110,0,26384908538,26399757,23207110,74926,3192647
111,0,26722231169,27217057,23976115,75753,3240942
112,0,27060996801,28068404,24778787,76551,3289617
113,0,27397922477,28951865,25613798,77387,3338067
114,0,27734506487,29859880,26473437,78269,3386443
115,0,28054520353,30684559,27252013,79272,3432546
116,0,28314503449,31650164,28169397,80183,3480767
117,0,28706622125,32565757,29035107,82274,3530650
118,0,29048288082,33496512,29917532,83355,3578980
119,0,29390168855,34460320,30832459,84437,3627861
120,0,29733020296,35467607,31790587,85503,3677020
121,0,30072407140,36494553,32768720,86559,3725833
122,0,30415940615,37551633,33776528,87603,3775105
123,0,30757254268,38652130,34827858,88705,3824272
124,0,31013364080,39775263,35901689,89862,3873574
125,0,31415275733,40861705,36938108,91997,3923597
126,0,31761266538,41977908,38005505,93187,3972403
127,0,32110072251,43132582,39110368,94401,4022214
128,0,32454795888,44292198,40220548,95597,4071650
129,0,32798157185,45496544,41375466,96860,4121078
130,0,33145973530,46744227,42573341,98033,4170886
131,0,33493998405,48027115,43806064,99196,4221051
132,0,33741681070,49321638,45050842,100467,4270796
133,0,34160863359,50577723,46255591,102766,4322132
134,0,34512853526,51839805,47467927,104142,4371878
135,0,34861539478,53136282,48714446,105468,4421836
136,0,35212594071,54474529,50002316,106784,4472213
137,0,35564676011,55847664,51324892,108078,4522772
138,0,35916732641,57256051,52682770,109414,4573281
139,0,36265617867,58688995,54065558,110806,4623437
140,0,36616381940,60150067,55476089,112079,4673978
141,0,36853102410,61649336,56925114,113537,4724222
142,0,37282631357,63090020,58314567,115912,4775453
143,0,37636971733,64535674,59710274,117493,4825400
144,0,37989743849,66025240,61149325,119000,4875915
145,0,38342799879,67548603,62621972,120506,4926631
146,0,38695735937,69106456,64129008,122012,4977448
147,0,39049607892,70687860,65659658,123464,5028202
148,0,39402449837,72284954,67206027,125028,5078927
149,0,39752995172,73918689,68789209,126523,5129480
150,0,39977490067,75543477,70364458,128107,5179019
151,0,40411866848,77116875,71885601,130720,5231274
152,0,40766015486,78686153,73404499,132534,5281654
153,0,41121197844,80278470,74946249,134200,5332221
154,0,41478515527,81942418,76558741,135711,5383677
155,0,41834103852,83619267,78184354,137348,5434913
156,0,42192966972,85344182,79857824,138960,5486358
157,0,42549434747,87088985,81551288,140514,5537697
158,0,42776863359,88850589,83261794,142119,5588795
159,0,43220033135,90532286,84890851,144901,5641435
160,0,43585498585,92242682,86549876,146676,5692806
161,0,43948245790,93993703,88249051,148316,5744652
162,0,44305419755,95742946,89946743,150019,5796203
163,0,44664972457,97539802,91691864,151768,5847938
164,0,45029835797,99387641,93487417,153449,5900224
165,0,45395854008,101275970,95323104,155066,5952866
166,0,45755450375,103190650,97185576,156752,6005074
167,0,45977969808,105115562,99058650,158507,6056912
168,0,46293041930,106949288,100838283,161406,6111005
169,0,46638864426,108784869,102622089,163392,6162780
170,0,46997195120,110661721,104446414,165272,6215307
171,0,47356971722,112570635,106302712,167206,6267923
172,0,47722754075,114504657,108183770,169023,6320887
173,0,48088094589,116490022,110116223,170866,6373799
174,0,48451275484,118500050,112073539,172890,6426511
175,0,48777217819,120524730,114045817,174904,6478913
176,0,49166824870,122486890,115953487,177941,6533403
177,0,49534978223,124472861,117886642,179945,6586219
178,0,49898953846,126476230,119837319,182121,6638911
179,0,50269391853,128527505,121835280,184185,6692225
180,0,50636748268,130605220,123859865,186292,6745355
181,0,51007757940,132714178,125915435,188272,6798743
182,0,51378736134,134867197,128014892,190291,6852305
183,0,51749510532,137043994,130137970,192213,6906024
184,0,52052990070,139201827,132243103,194612,6958724
185,0,52447912308,141279425,134267385,197872,7012040
186,0,52818034082,143404992,136340042,200029,7064950
187,0,53191850491,145571401,138452747,202095,7118654
188,0,53561998691,147744661,140572447,204358,7172214
189,0,53926041799,149928502,142703190,206587,7225312
190,0,54302323129,152191386,144912209,208789,7279177
191,0,54679328400,154487123,147153812,210796,7333311
192,0,55052591896,156798583,149411295,212924,7387288
193,0,55344542885,159136723,151695804,215269,7440919
194,0,55750837764,161234903,153740524,218636,7494379
195,0,56125977631,163464601,155917108,220908,7547493
196,0,56498464454,165724024,158122859,223194,7601165
197,0,56859987928,167934608,160280554,225658,7654054
198,0,57241304688,170278725,162570436,227713,7708289
199,0,57616933403,172646029,164883604,229870,7762425
200,0,57991157939,175022894,167206445,232036,7816449
201,0,58271083674,177444587,169574464,234290,7870123
202,0,58699238920,179774707,171849292,237567,7925415
203,0,59077264529,182082666,174104069,239828,7978597
204,0,59453116079,184465006,176432295,242091,8032711
205,0,59829369634,186864521,178777597,244378,8086924
206,0,60206679956,189309947,181168408,246639,8141539
207,0,60590006573,191795364,183598985,248775,8196379
208,0,60965403203,194270721,186020221,250960,8250500
209,0,61235657262,196799331,188494419,253224,8304912
