BackupID, OnlineSpeed(MB/s), Encalve ProcessTime(s), BackupSize, OnlineSize, OfflineSize, OfflineTime(s)
0, 97.032, 2.04678, 208250880, 100654960, 100629896, 0.269224
1, 135.851, 1.49334, 212725760, 167831635, 132171214, 14.2803
2, 136.046, 1.53821, 219432960, 198868730, 159028201, 19.3386
3, 138.828, 1.53939, 224092160, 224713969, 185728370, 22.8424
4, 136.967, 1.58862, 228157440, 256421935, 216448038, 25.8241
5, 134.023, 1.66475, 233953280, 290895356, 250358506, 29.3419
6, 132.266, 1.706, 236605440, 325660133, 282641190, 31.6111
7, 130.139, 1.75976, 240138240, 361117483, 318034174, 34.3068
8, 127.565, 1.84258, 246466560, 401631310, 354640218, 37.3649
9, 135.94, 1.75608, 250316800, 431319603, 382052076, 39.886
10, 130.526, 1.85876, 254402560, 460409303, 411694701, 43.1311
11, 132.163, 1.89722, 262922240, 494184460, 445742201, 45.7936
12, 132.999, 1.89807, 264704000, 529131704, 481280156, 45.9513
13, 125.592, 2.07175, 272834560, 575405691, 527533106, 47.4616
14, 128.017, 2.12054, 284651520, 623409714, 576321163, 47.1086
15, 128.5, 2.14912, 289576960, 672108776, 621175055, 49.5726
16, 126.325, 2.2182, 293826560, 720087592, 674905279, 44.4321
17, 126.3, 2.34274, 310261760, 776602225, 736392976, 40.5502
18, 124.053, 2.58443, 336179200, 849197282, 795675907, 50.5235
19, 125.605, 2.68131, 353146880, 911098273, 851668250, 56.0392
20, 133.628, 2.61001, 365711360, 967005270, 902714121, 61.5276
21, 128.867, 2.82988, 382392320, 1025552612, 958782263, 67.0529
22, 131.765, 2.85961, 395100160, 1082999760, 1012524883, 72.9987
23, 135.104, 2.85652, 404674560, 1136279578, 1061211184, 78.103
24, 130.796, 3.01055, 412897280, 1187494599, 1110037803, 83.1713
25, 114.407, 3.44816, 413655040, 1234883466, 1157636465, 87.3767
26, 127.513, 3.22608, 431349760, 1293088424, 1216239143, 90.8928
27, 134.82, 3.11593, 440494080, 1345336960, 1263718809, 95.759
28, 130.975, 3.27367, 449597440, 1401344486, 1315119855, 103.617
29, 135.087, 3.18379, 450979840, 1445422169, 1370564560, 107.95
30, 103.897, 4.78745, 521564160, 1585675737, 1548116888, 67.9738
31, 136.805, 3.72345, 534128640, 1699070478, 1604453845, 82.1729
32, 132.671, 3.9102, 543969280, 1756937353, 1657186900, 93.3307
33, 138.084, 3.7973, 549816320, 1810624831, 1706323504, 106.322
34, 139.406, 3.83133, 560056320, 1863744674, 1758641596, 115.866
35, 138.024, 3.94888, 571514880, 1921258693, 1814576289, 124.13
36, 139.482, 3.95645, 578662400, 1976036565, 1867454245, 131.326
37, 136.817, 4.01919, 576604160, 2029113033, 1920464299, 138.333
38, 140.19, 3.94846, 580423680, 2082408384, 1968533423, 148.739
39, 139.511, 3.99526, 584458240, 2132195686, 2021840416, 153.839
40, 137.171, 3.15969, 454471680, 2151342217, 2066465721, 130.657
41, 136.528, 3.21956, 460912640, 2199267617, 2111054990, 150.645
42, 136.741, 3.2506, 466083840, 2243027264, 2153170460, 156.834
43, 136.179, 3.30941, 472565760, 2287925118, 2197351350, 161.055
44, 137.374, 3.33032, 479723520, 2331625155, 2239596209, 166.771
45, 140.545, 3.31953, 489205760, 2371617306, 2275819840, 175.406
46, 140.676, 3.38301, 499025920, 2411706096, 2315159695, 183.537
47, 144.177, 3.34474, 505661440, 2449475718, 2349383897, 191.419
48, 146.477, 3.34544, 513832960, 2479009325, 2375660111, 200.707
49, 140.611, 4.00157, 589998080, 2535676084, 2439283347, 183.629
50, 108.843, 6.24818, 713103360, 2710326155, 2646046342, 144.022
51, 135.716, 5.07545, 722278400, 2840904363, 2714773449, 157.696
52, 142.083, 5.23364, 779735040, 2920871085, 2791803890, 168.309
53, 147.876, 5.27562, 818032640, 2995689537, 2857083895, 185.4
54, 153.895, 5.1128, 825057280, 3057898320, 2927691458, 189.029
55, 150.358, 5.29207, 834355200, 3135816238, 2994499697, 201.401
56, 151.264, 5.27038, 835942400, 3199173440, 3059930958, 209.34
57, 152.172, 5.22558, 833812480, 3263268988, 3126647837, 204.119
58, 154.561, 5.12085, 829931520, 3327781242, 3188730365, 209.381
59, 152.729, 5.24182, 839464960, 3393170935, 3254937150, 217.276
60, 137.225, 4.14151, 595927040, 3418003164, 3302145399, 216.123
61, 150.759, 5.40713, 854773760, 3507537757, 3370989590, 223.303
62, 139.301, 4.31964, 630958080, 3539318215, 3420526171, 241.519
63, 143.679, 4.25359, 640839680, 3585885575, 3465410313, 267.067
64, 142.678, 4.33367, 648355840, 3633890609, 3511184446, 273.786
65, 147.525, 4.25399, 658053120, 3678839120, 3552179448, 285.161
66, 145.44, 4.36841, 666204160, 3723649218, 3597434070, 294.448
67, 150.114, 4.30084, 676976640, 3766974991, 3635650456, 308.066
68, 149.579, 4.37994, 686970880, 3804782624, 3673889903, 316.797
69, 154.715, 4.28763, 695582720, 3838536048, 3705110360, 329.342
70, 155.716, 5.28727, 863303680, 3909776546, 3798318987, 251.466
71, 120.204, 8.08651, 1019248640, 4136581615, 4085560975, 161.693
72, 164.356, 6.17515, 1064222720, 4313624865, 4164217406, 174.229
73, 168.119, 6.07153, 1070325760, 4386173032, 4229118623, 188.835
74, 165.669, 6.28488, 1091788800, 4461540247, 4300228497, 209.408
75, 156.041, 5.32732, 871659520, 4503985758, 4342509073, 272.821
76, 156.721, 5.30159, 871229440, 4546405638, 4436868246, 248.772
77, 160.872, 5.41442, 913336320, 4638865402, 4495274618, 259.278
78, 163.863, 5.45991, 938137600, 4697655157, 4548103975, 268.554
79, 167.074, 5.4095, 947691520, 4751719510, 4600317431, 280.004
80, 168.927, 5.4062, 957614080, 4800969908, 4645809572, 291.877
81, 167.537, 5.49751, 965775360, 4848140431, 4690443413, 304.616
82, 167.979, 5.58582, 983879680, 4896356025, 4737286358, 315.807
83, 145.65, 6.61984, 1011015680, 4968098742, 4943720668, 57.5438
84, 184.321, 5.27553, 1019627520, 5120491849, 5005003636, 87.0447
85, 196.009, 4.95743, 1018900480, 5164551000, 5025682695, 117.165
86, 193.668, 5.0176, 1018951680, 5185032142, 5044084676, 148.189
87, 199.42, 4.87341, 1019064320, 5203274193, 5059569463, 176.431
88, 194.402, 4.99956, 1019136000, 5218838517, 5073208185, 204.063
89, 197.572, 4.91967, 1019207680, 5232277577, 5089085683, 224.856
90, 194.644, 4.99375, 1019217920, 5248096558, 5102722122, 251.428
91, 195.777, 4.96495, 1019238400, 5261506265, 5145654357, 279.223
92, 187.758, 5.40387, 1063905280, 5320405229, 5169704681, 278.737
93, 197.532, 5.13649, 1063905280, 5330217212, 5182200633, 303.892
94, 198.404, 5.11416, 1063956480, 5342953199, 5194469109, 327.312
95, 199.239, 5.09315, 1064048640, 5355107901, 5207934413, 350.194
96, 196.635, 5.16076, 1064079360, 5368465187, 5222005566, 367.3
97, 199.603, 5.08425, 1064130560, 5382313311, 5233055608, 397.455
98, 198.418, 5.11493, 1064192000, 5393379035, 5243990322, 421.423
99, 196.887, 5.1548, 1064212480, 5404447116, 5304124853, 439.811
100, 192.323, 5.30618, 1070069760, 5479026642, 5353428953, 430.386
101, 197.468, 5.16812, 1070110720, 5514903605, 5338366039, 446.19
102, 196.88, 5.18384, 1070172160, 5499894078, 5347684928, 474.782
103, 198.359, 5.14523, 1070182400, 5509008495, 5357914686, 500.237
104, 198.253, 5.14834, 1070254080, 5519079177, 5369188471, 518.582
105, 201.572, 5.06363, 1070264320, 5529909056, 5378342089, 545.239
106, 198.026, 5.15448, 1070305280, 5539394131, 5390172303, 563.472
107, 199.5, 5.11646, 1070315520, 5550993418, 5399097416, 591.851
108, 195.339, 5.22545, 1070315520, 5559669296, 5472041254, 615.837
109, 187.415, 5.55402, 1091471360, 5650214126, 5476082149, 589.066
110, 202.14, 5.14958, 1091502080, 5639005213, 5486423385, 605.966
111, 201.077, 5.17696, 1091532800, 5648813144, 5495813188, 629.941
112, 201.944, 5.15532, 1091655680, 5658430917, 5505324821, 655.854
113, 203.26, 5.12208, 1091686400, 5667630470, 5515548018, 674.216
114, 199.678, 5.2141, 1091717120, 5677843856, 5525846655, 698.828
115, 199.74, 5.21273, 1091768320, 5688578655, 5544335247, 630.273
116, 199.38, 5.22219, 1091778560, 5706291251, 5630293112, 708.847
117, 172.756, 6.21899, 1126553600, 5846171384, 5651425823, 705.659
118, 200.738, 5.35209, 1126553600, 5817100854, 5660766686, 711.019
119, 203.805, 5.27173, 1126594560, 5825717121, 5670917978, 733.07
120, 203.062, 5.2913, 1126656000, 5835752855, 5680791963, 762.776
121, 201.588, 5.33019, 1126696960, 5845441466, 5692714885, 777.387
122, 202.594, 5.30383, 1126717440, 5857113912, 5701636203, 802.217
123, 202.758, 5.29958, 1126727680, 5865838326, 5712397421, 823.952
124, 204.267, 5.26047, 1126737920, 5877330784, 5809567755, 851.87
125, 176.625, 6.13789, 1136762880, 6017319148, 5810720413, 823.958
126, 202.464, 5.35473, 1136803840, 5977027738, 5817961762, 838.274
127, 202.202, 5.36192, 1136855040, 5984780857, 5826651824, 870.23
128, 204.427, 5.30378, 1136906240, 5993469196, 5837823124, 870.306
129, 204.427, 5.30393, 1136936960, 6003966904, 5849446393, 899.047
130, 199.132, 5.44517, 1136977920, 6015640362, 5858226858, 929.719
131, 200.573, 5.40619, 1137008640, 6024339716, 5867939594, 957.234
132, 203.509, 5.32825, 1137018880, 6034036752, 5976483768, 966.868
133, 175.433, 6.26146, 1151825920, 6191213133, 5973449375, 940.931
134, 200.762, 5.47172, 1151877120, 6141811585, 5980413088, 948.323
135, 203.012, 5.41091, 1151836160, 6148662012, 5991441433, 967.633
136, 203.565, 5.39643, 1151887360, 6159361496, 6000902054, 997.339
137, 201.992, 5.43875, 1151948800, 6169367050, 6010819110, 1023.71
138, 203.216, 5.40613, 1151979520, 6178319016, 6019351706, 1050.72
139, 204.82, 5.3639, 1152000000, 6186735945, 6029648712, 1063.84
140, 204.087, 5.38326, 1152020480, 6196552851, 6038874116, 1099.45
141, 181.108, 6.06633, 1152030720, 6205790889, 6161151280, 1105.81
142, 180.042, 6.14234, 1159598080, 6372009217, 6142804935, 1079.2
143, 204.756, 5.40135, 1159680000, 6313082075, 6150605509, 1076.19
144, 202.873, 5.45181, 1159751680, 6320273016, 6161030965, 1101.62
145, 203.103, 5.44573, 1159772160, 6329998345, 6171102484, 1128.44
146, 203.109, 5.44567, 1159792640, 6340190195, 6181511973, 1153.13
147, 202.483, 5.46266, 1159823360, 6350751177, 6191038999, 1168.43
148, 203.465, 5.43643, 1159854080, 6360010906, 6201184853, 1172.81
149, 200.991, 5.50364, 1159915520, 6369914613, 6212677199, 1205.55
150, 207.987, 5.3185, 1159915520, 6380709554, 6345838075, 1192.36
151, 179.804, 6.44479, 1215088640, 6567225360, 6339441623, 1166.46
152, 207.735, 5.57841, 1215119360, 6513060991, 6352431961, 1159.24
153, 209.113, 5.54172, 1215139840, 6523608304, 6361628867, 1172.49
154, 207.303, 5.5902, 1215160320, 6532184168, 6371215400, 1226.75
155, 212.157, 5.46245, 1215191040, 6542431619, 6382598101, 1236.13
156, 209.475, 5.53253, 1215221760, 6553015322, 6390659837, 1272.65
157, 210.796, 5.49799, 1215252480, 6560927740, 6400599702, 1280.69
158, 209.167, 5.54095, 1215283200, 6570802823, 6538637746, 1298.84
159, 183.028, 6.61204, 1268971520, 6763642072, 6530413167, 1240.72
160, 213.141, 5.67809, 1269022720, 6703659478, 6535111717, 1268.43
161, 215.407, 5.61849, 1269053440, 6707611561, 6543296572, 1294.98
162, 212.977, 5.68287, 1269114880, 6716506292, 6556643196, 1295.08
163, 212.987, 5.68276, 1269145600, 6729163073, 6567659821, 1310.49
164, 214.129, 5.65263, 1269186560, 6740267139, 6575321747, 1355.22
165, 216.996, 5.57826, 1269258240, 6748534901, 6583848374, 1400.17
166, 216.615, 5.58824, 1269299200, 6756449149, 6596476488, 1406.66
167, 212.236, 5.70354, 1269299200, 6768579449, 6744626093, 1408.97
168, 182.644, 6.99759, 1340149760, 6973899881, 6877355220, 1356.8
169, 218.633, 5.8462, 1340262400, 7053062821, 6906713218, 1363.01
170, 216.866, 5.89402, 1340303360, 7081934400, 6925309146, 1384.56
171, 219.185, 5.83185, 1340344320, 7099959587, 6942092164, 1401.78
172, 219.168, 5.83243, 1340375040, 7116814206, 6954120176, 1420.84
173, 219.062, 5.83526, 1340375040, 7128096550, 6965693003, 1452.35
174, 219.098, 5.83439, 1340395520, 7140604913, 6979825599, 1486.07
175, 218.054, 5.86239, 1340416000, 7154185065, 7029562517, 1481.52
176, 193.405, 6.69615, 1357977600, 7251275845, 7076475835, 1456.31
177, 217.236, 5.96171, 1358008320, 7253563677, 7088521003, 1472.05
178, 217.134, 5.96484, 1358080000, 7265126195, 7103799141, 1469.56
179, 219.604, 5.89804, 1358151680, 7280137682, 7114429560, 1502.16
180, 218.496, 5.92819, 1358202880, 7291038257, 7127965925, 1521.61
181, 216.434, 5.98483, 1358243840, 7304143574, 7137954167, 1557.86
182, 220.098, 5.88534, 1358274560, 7314084691, 7148745265, 1574.93
183, 219.713, 5.89574, 1358295040, 7324290798, 7159494276, 1615.22
184, 220.668, 5.87036, 1358325760, 7335727220, 7234552752, 1572.57
185, 185.032, 7.06544, 1370839040, 7460420166, 7276511414, 1518.48
186, 221.072, 5.9137, 1370859520, 7453973444, 7287333804, 1557.82
187, 221.532, 5.90199, 1370992640, 7464842015, 7297302918, 1586.69
188, 220.524, 5.92907, 1371013120, 7475325435, 7310830308, 1591.62
189, 218.786, 5.97633, 1371054080, 7489217381, 7329140819, 1600.03
190, 220.705, 5.92451, 1371084800, 7506473604, 7336808929, 1646.91
191, 220.316, 5.93514, 1371125760, 7514643663, 7345523015, 1671.99
192, 220.349, 5.9344, 1371156480, 7523331554, 7357036298, 1684.74
193, 218.472, 5.98547, 1371176960, 7534244676, 7448265158, 1697.06
194, 187.616, 6.99858, 1376829440, 7670538062, 7474727903, 1540.66
195, 217.928, 6.01878, 1375375360, 7652707726, 7482024424, 1606.04
196, 219.884, 5.96534, 1375395840, 7660851949, 7494755367, 1659.92
197, 215.638, 6.0832, 1375488000, 7677368294, 7519983275, 1614.72
198, 219.12, 5.98662, 1375508480, 7697663372, 7524382644, 1700.34
199, 221.128, 5.93239, 1375539200, 7702337380, 7534417296, 1723.42
200, 217.248, 6.03852, 1375580160, 7712122358, 7545339577, 1731.85
201, 219.346, 5.9808, 1375590400, 7722688013, 7648952792, 1758.67
202, 195.027, 6.83533, 1397831680, 7874326731, 7665154513, 1702.59
203, 220.737, 6.0393, 1397852160, 7844793796, 7671839110, 1688.47
204, 222.754, 5.98486, 1397913600, 7852023964, 7684649312, 1733.16
205, 217.801, 6.12121, 1397964800, 7864064906, 7696351996, 1749.03
206, 217.552, 6.12844, 1398016000, 7876127748, 7708745098, 1782.31
207, 220.916, 6.03529, 1398056960, 7888188221, 7715563888, 1805.87
208, 222.665, 5.98805, 1398097920, 7895103900, 7727796689, 1814.87
209, 221.868, 6.0098, 1398149120, 7907218172, 7846217548, 1830.95
