Backup ID, Ecall, Inline_Ocall, Offline_Ocall, _Inline_FPOcall, _Inline_SFOcall, _Inline_LocalOcall, _Inline_LoadOcall, _Inline_DeltaOcall, _Inline_RecipeOcall, _Inline_Write_ContainerOcall, _inline_have_similar_chunk_num, _inline_need_load_container_num
0,195,603,10989,193,193,31,0,162,24,26,64,33,
1,394,1218,76490,390,390,228,0,162,48,44,8224,287,
2,599,1852,179636,593,593,431,0,162,73,61,17321,734,
3,808,2498,313183,800,800,638,0,162,98,78,26338,1352,
4,1020,3154,474158,1010,1010,848,0,162,124,96,35600,2137,
5,1238,3828,661869,1226,1226,1063,0,163,150,115,45152,3057,
6,1458,4509,879074,1444,1444,1281,0,163,177,135,55278,4016,
7,1681,5199,1120402,1665,1665,1502,0,163,204,155,65534,5089,
8,1910,5908,1390710,1892,1892,1729,0,163,232,177,76649,6224,
9,2141,6623,1686920,2121,2121,1958,0,163,260,197,87969,7274,
10,2377,7354,2013652,2355,2355,2192,0,163,289,217,99372,8382,
11,2620,8107,2363565,2596,2596,2431,0,165,319,238,110769,9593,
12,2865,8866,2731341,2839,2839,2674,0,165,349,260,122076,10814,
13,3117,9647,3123792,3089,3089,2923,0,166,380,284,133906,12255,
14,3379,10459,3531024,3349,3349,3183,0,166,412,309,145255,13622,
15,3646,11287,3965220,3614,3614,3448,0,166,445,334,157606,15023,
16,3917,12127,4387670,3883,3883,3716,0,167,478,360,168455,16365,
17,4216,13055,4828774,4180,4180,4010,0,170,515,386,178706,17879,
18,4526,14017,5321172,4488,4488,4314,0,174,553,415,191639,19479,
19,4851,15026,5844881,4811,4811,4637,0,174,593,445,205827,21002,
20,5187,16069,6393409,5145,5145,4971,0,174,634,475,220954,22540,
21,5539,17162,6978404,5495,5495,5320,0,175,677,507,236801,24218,
22,5903,18293,7614692,5857,5857,5681,0,176,722,539,253610,25993,
23,6275,19449,8283595,6227,6227,6051,0,176,768,571,271474,27936,
24,6655,20630,8987558,6605,6605,6428,0,177,815,604,289780,29846,
25,7037,21817,9729476,6985,6985,6806,0,179,862,636,308089,31810,
26,7435,23054,10511011,7381,7381,7195,0,186,911,671,326607,33990,
27,7841,24316,11319790,7785,7785,7599,0,186,961,704,345890,35953,
28,8256,25606,12208819,8198,8198,8012,0,186,1012,739,366441,38430,
29,8672,26899,13098709,8612,8612,8426,0,186,1063,773,386484,40516,
30,9153,28395,13961163,9091,9091,8901,0,190,1122,828,398551,44124,
31,9644,29923,14754184,9580,9580,9385,0,195,1183,867,420655,45471,
32,10144,31479,15585961,10078,10078,9881,0,197,1245,906,443805,47016,
33,10650,33053,16486665,10582,10582,10385,0,197,1307,945,468273,48985,
34,11165,34656,17442980,11095,11095,10897,0,198,1371,986,493062,51180,
35,11691,36293,18465927,11619,11619,11419,0,200,1436,1028,518349,53652,
36,12223,37949,19543758,12149,12149,11949,0,200,1502,1070,544047,56189,
37,12754,39602,20677825,12678,12678,12478,0,200,1568,1112,569798,58868,
38,13288,41264,21822895,13210,13210,13010,0,200,1634,1154,596842,61432,
39,13825,42935,23062481,13745,13745,13545,0,200,1700,1196,623144,64283,
40,14245,44241,24445145,14163,14163,13963,0,200,1752,1229,643808,68283,
41,14670,45562,25861222,14586,14586,14386,0,200,1804,1263,665086,71749,
42,15100,46899,27307617,15014,15014,14814,0,200,1857,1297,686839,74880,
43,15537,48258,28803449,15449,15449,15249,0,200,1911,1332,708985,78289,
44,15980,49636,30334413,15890,15890,15690,0,200,1966,1367,731306,81700,
45,16431,51039,31885730,16339,16339,16139,0,200,2022,1401,754253,85045,
46,16891,52470,33495019,16797,16797,16597,0,200,2079,1436,777639,88891,
47,17357,53919,35126175,17261,17261,17061,0,200,2136,1471,801754,92828,
48,17830,55390,36770779,17732,17732,17532,0,200,2194,1504,826191,96689,
49,18373,57080,38452382,18273,18273,18073,0,200,2261,1545,852479,100739,
50,19025,59111,40149425,18923,18923,18708,0,215,2342,1615,872347,106473,
51,19685,61167,41703466,19581,19581,19364,0,217,2424,1665,902750,108889,
52,20394,63376,43251260,20288,20288,20054,0,234,2512,1718,934065,111486,
53,21133,65679,44880680,21025,21025,20772,0,253,2604,1770,967308,114414,
54,21878,68000,46612847,21768,21768,21479,0,289,2696,1822,999626,117700,
55,22631,70344,48398854,22518,22518,22196,0,323,2789,1875,1033897,121404,
56,23385,72671,50157024,23259,23259,22915,0,356,2882,1928,1067820,124976,
57,24136,74957,51867274,23981,23981,23628,0,392,2975,1980,1100874,128557,
58,24884,77228,53669149,24697,24697,24341,0,425,3068,2032,1134472,132364,
59,25641,79529,55566074,25423,25423,25063,0,458,3162,2085,1168076,136193,
60,26189,81235,57853476,25969,25969,25609,0,458,3230,2127,1195645,142280,
61,26958,83571,59902011,26706,26706,26343,0,491,3325,2180,1229535,146695,
62,27537,85372,62266787,27282,27282,26919,0,492,3397,2223,1258039,151616,
63,28125,87201,64639781,27867,27867,27504,0,493,3470,2266,1287025,155835,
64,28720,89052,67080850,28459,28459,28095,0,495,3544,2309,1316834,160172,
65,29322,90924,69537673,29058,29058,28694,0,496,3618,2352,1347297,164699,
66,29932,92821,72071514,29665,29665,29301,0,497,3693,2396,1377893,169427,
67,30551,94747,74602923,30281,30281,29917,0,498,3770,2440,1409279,174093,
68,31180,96704,77248548,30907,30907,30543,0,499,3848,2483,1440653,179013,
69,31816,98683,79855436,31540,31540,31176,0,500,3927,2525,1472389,184025,
70,32593,101036,82301899,32281,32281,31913,0,538,4023,2578,1505610,189447,
71,33504,103816,84754354,33160,33160,32778,0,582,4136,2665,1530145,197788,
72,34451,106705,86683655,34073,34073,33655,0,650,4254,2724,1567222,200576,
73,35404,109610,88616115,34991,34991,34515,0,741,4372,2781,1605305,203609,
74,36375,112568,90623091,35925,35925,35393,0,832,4493,2841,1644850,207246,
75,37160,114940,93340342,36671,36671,36135,0,873,4590,2893,1680403,213320,
76,37943,117308,95908463,37416,37416,36880,0,909,4687,2945,1713573,218816,
77,38761,119781,98298973,38194,38194,37637,0,968,4788,2997,1749363,223485,
78,39600,122322,100730189,38994,38994,38410,0,1032,4892,3049,1786128,228275,
79,40450,124891,103175437,39802,39802,39194,0,1096,4997,3101,1823407,233183,
80,41308,127465,105633055,40608,40608,39987,0,1159,5103,3153,1861312,238034,
81,42173,130043,108155905,41412,41412,40788,0,1221,5210,3205,1899718,242946,
82,43055,132678,110724503,42235,42235,41607,0,1282,5319,3258,1939011,248339,
83,44077,135745,112891912,43195,43195,42533,0,1376,5446,3318,1949126,255094,
84,45108,138834,114087034,44161,44161,43490,0,1448,5574,3364,1986045,257312,
85,46138,141912,114877900,45122,45122,44445,0,1521,5702,3406,2029447,259277,
86,47168,144990,115812201,46083,46083,45400,0,1594,5830,3448,2073715,261836,
87,48199,148073,116869249,47046,47046,46358,0,1665,5958,3490,2118921,264878,
88,49230,151150,118091236,48006,48006,47316,0,1736,6086,3532,2164763,268091,
89,50261,154223,119418320,48964,48964,48271,0,1810,6214,3574,2210120,271915,
90,51292,157296,120885610,49922,49922,49228,0,1882,6342,3616,2256073,275992,
91,52323,160365,122495483,50878,50878,50184,0,1955,6470,3658,2302608,280116,
92,53391,163558,124614457,51875,51875,51157,0,2048,6603,3704,2345930,285530,
93,54459,166749,126444751,52871,52871,52131,0,2140,6736,3746,2392469,289875,
94,55527,169944,128436159,53869,53869,53107,0,2230,6869,3788,2439341,294280,
95,56595,173129,130576703,54862,54862,54081,0,2322,7002,3830,2486257,298798,
96,57663,176310,132847178,55853,55853,55055,0,2414,7135,3872,2532520,303592,
97,58731,179481,135230115,56839,56839,56028,0,2507,7268,3914,2579885,308323,
98,59799,182654,137784499,57826,57826,57003,0,2598,7401,3956,2627436,313037,
99,60868,185820,140563713,58809,58809,57979,0,2689,7534,3998,2674506,318158,
100,61942,188995,143667311,59794,59794,58961,0,2779,7667,4044,2718899,324670,
101,63016,192162,146481880,60775,60775,59941,0,2871,7800,4086,2765403,329428,
102,64090,195329,149457885,61756,61756,60921,0,2963,7933,4129,2812669,334700,
103,65164,198494,152593590,62736,62736,61901,0,3055,8066,4171,2860319,339873,
104,66238,201659,155832858,63716,63716,62881,0,3147,8199,4213,2907769,345107,
105,67312,204824,159192843,64696,64696,63861,0,3239,8332,4255,2955820,350241,
106,68386,207989,162688926,65676,65676,64841,0,3331,8465,4297,3003032,355485,
107,69460,211154,166326190,66656,66656,65821,0,3423,8598,4339,3051296,360615,
108,70534,214319,170116939,67636,67636,66801,0,3515,8731,4381,3099475,365974,
109,71627,217548,174353459,68637,68637,67793,0,3614,8867,4428,3144844,373012,
110,72720,220777,178288572,69638,69638,68788,0,3710,9003,4471,3192665,378328,
111,73813,224004,182273095,70638,70638,69780,0,3809,9139,4514,3240960,383692,
112,74906,227229,186379814,71637,71637,70773,0,3907,9275,4557,3289635,388515,
113,75999,230454,190602459,72636,72636,71766,0,4005,9411,4600,3338085,393894,
114,77092,233679,194986612,73635,73635,72759,0,4103,9547,4643,3386461,399005,
115,78186,236909,199201651,74636,74636,73753,0,4201,9683,4686,3432564,405930,
116,79279,240134,203814848,75635,75635,74746,0,4299,9819,4729,3480785,411339,
117,80400,243444,209431605,76661,76661,75768,0,4396,9958,4785,3530668,421295,
118,81521,246754,214170323,77687,77687,76778,0,4505,10097,4829,3578998,426744,
119,82642,250066,219013391,78714,78714,77790,0,4612,10236,4872,3627879,432216,
120,83763,253376,223978389,79740,79740,78802,0,4719,10375,4915,3677038,437750,
121,84884,256674,229045590,80760,80760,79810,0,4830,10514,4958,3725851,443256,
122,86005,259976,234206433,81782,81782,80820,0,4939,10653,5001,3775123,448615,
123,87126,263278,239522787,82804,82804,81830,0,5048,10792,5044,3824290,454572,
124,88248,266581,244997505,83826,83826,82840,0,5158,10931,5087,3873592,460120,
125,89380,269920,251288773,84860,84860,83862,0,5266,11072,5141,3923615,469458,
126,90512,273255,256810210,85892,85892,84882,0,5376,11213,5185,3972421,475200,
127,91644,276590,262482399,86924,86924,85902,0,5486,11354,5229,4022232,480996,
128,92776,279919,268200350,87953,87953,86921,0,5597,11495,5273,4071668,486724,
129,93908,283246,274067329,88981,88981,87939,0,5709,11636,5317,4121096,492856,
130,95040,286569,280042710,90007,90007,88958,0,5820,11777,5361,4170904,498539,
131,96172,289882,286160787,91028,91028,89978,0,5930,11918,5405,4221069,503843,
132,97304,293195,292420754,92049,92049,90998,0,6040,12059,5449,4270814,509830,
133,98451,296559,299529799,93087,93087,92034,0,6149,12202,5505,4322150,519632,
134,99598,299923,305823241,94125,94125,93069,0,6259,12345,5549,4371896,525672,
135,100745,303283,312175282,95161,95161,94103,0,6370,12488,5593,4421854,531591,
136,101892,306643,318712910,96197,96197,95137,0,6481,12631,5637,4472231,537180,
137,103040,310010,325341168,97236,97236,96173,0,6591,12774,5681,4522790,543079,
138,104187,313370,332099222,98272,98272,97206,0,6703,12917,5725,4573299,549029,
139,105334,316732,338977759,99309,99309,98240,0,6814,13060,5769,4623455,555047,
140,106481,320092,345879283,100345,100345,99273,0,6926,13203,5813,4673996,560479,
141,107628,323454,353045586,101382,101382,100307,0,7037,13346,5857,4724240,566920,
142,108784,326846,360888580,102429,102429,101350,0,7148,13490,5912,4775471,576141,
143,109940,330240,368059028,103477,103477,102390,0,7262,13634,5957,4825418,582581,
144,111096,333630,375312739,104523,104523,103431,0,7375,13778,6002,4875933,588609,
145,112252,337020,382652383,105569,105569,104473,0,7487,13922,6046,4926649,594773,
146,113408,340410,390121176,106615,106615,105515,0,7599,14066,6090,4977466,600921,
147,114564,343798,397690915,107660,107660,106556,0,7712,14210,6135,5028220,606914,
148,115720,347184,405370293,108704,108704,107596,0,7826,14354,6179,5078945,613448,
149,116876,350574,413142371,109750,109750,108640,0,7936,14498,6223,5129498,619764,
150,118032,353956,421007169,110792,110792,109681,0,8049,14642,6267,5179038,626385,
151,119233,357486,429662847,111883,111883,110770,0,8159,14791,6325,5231293,636131,
152,120434,361014,437577757,112973,112973,111835,0,8293,14940,6371,5281673,642697,
153,121635,364542,445408880,114063,114063,112900,0,8427,15089,6416,5332240,649248,
154,122836,368070,453376312,115153,115153,113968,0,8558,15238,6461,5383696,654982,
155,124037,371598,461507336,116243,116243,115036,0,8689,15387,6506,5434932,661391,
156,125238,375120,469755202,117330,117330,116103,0,8821,15536,6551,5486377,667765,
157,126439,378640,478015896,118416,118416,117168,0,8955,15685,6596,5537716,674210,
158,127640,382164,486449059,119504,119504,118235,0,9087,15834,6641,5588814,680487,
159,128885,385826,495707796,120636,120636,119343,0,9222,15989,6700,5641454,690694,
160,130130,389478,504136516,121763,121763,120425,0,9383,16144,6746,5692825,696972,
161,131375,393138,512591287,122894,122894,121512,0,9539,16299,6791,5744671,702897,
162,132620,396798,521096453,124025,124025,122601,0,9693,16454,6837,5796222,709264,
163,133865,400452,529757330,125153,125153,123688,0,9849,16609,6882,5847957,715556,
164,135110,404110,538570759,126283,126283,124779,0,10001,16764,6927,5900243,721670,
165,136355,407760,547495255,127409,127409,125868,0,10155,16919,6973,5952885,727329,
166,137600,411410,556533330,128535,128535,126958,0,10308,17074,7018,6005093,733561,
167,138845,415052,565669399,129657,129657,128046,0,10463,17229,7063,6056931,740087,
168,140147,418876,575572763,130838,130838,129191,0,10618,17391,7123,6111026,750140,
169,141449,422684,584615521,132011,132011,130302,0,10807,17553,7169,6162801,756782,
170,142751,426482,593716029,133179,133179,131417,0,10992,17715,7215,6215328,762919,
171,144054,430281,602899298,134347,134347,132532,0,11178,17877,7261,6267944,769363,
172,145357,434080,612121401,135515,135515,133647,0,11364,18039,7307,6320908,775205,
173,146659,437874,621490171,136681,136681,134762,0,11549,18201,7353,6373820,781063,
174,147962,441669,631094180,137847,137847,135875,0,11737,18363,7399,6426532,787575,
175,149265,445464,640763844,139013,139013,136991,0,11922,18525,7445,6478934,793962,
176,150584,449305,651179488,140193,140193,138123,0,12107,18689,7503,6533424,803832,
177,151903,453146,660816629,141373,141373,139251,0,12296,18853,7550,6586240,809701,
178,153222,456975,670530078,142547,142547,140380,0,12484,19017,7596,6638932,816499,
179,154541,460790,680341356,143714,143714,141509,0,12672,19181,7642,6692246,822959,
180,155861,464606,690281119,144881,144881,142638,0,12861,19345,7688,6745376,829716,
181,157180,468411,700258737,146043,146043,143765,0,13051,19509,7734,6798764,835849,
182,158499,472212,710394759,147203,147203,144893,0,13240,19673,7780,6852326,842108,
183,159819,476014,720563650,148363,148363,146022,0,13429,19837,7826,6906045,847893,
184,161139,479808,730969314,149519,149519,147150,0,13619,20001,7872,6958745,855343,
185,162471,483646,741970224,150690,150690,148289,0,13810,20167,7931,7012061,865863,
186,163803,487484,752235069,151861,151861,149428,0,14001,20333,7978,7064971,872134,
187,165135,491322,762571063,153032,153032,150569,0,14190,20499,8025,7118675,878366,
188,166467,495154,773015038,154200,154200,151710,0,14379,20665,8072,7172235,885165,
189,167799,498976,783560147,155363,155363,152852,0,14567,20831,8119,7225333,891656,
190,169131,502788,794239906,156521,156521,153993,0,14756,20997,8166,7279198,898423,
191,170463,506598,804987107,157678,157678,155136,0,14943,21163,8213,7333332,904618,
192,171795,510404,815849893,158833,158833,156280,0,15129,21329,8260,7387309,911172,
193,173127,514198,826941975,159982,159982,157422,0,15317,21495,8307,7440940,918245,
194,174465,518004,838243760,161134,161134,158569,0,15506,21661,8365,7494400,929205,
195,175801,521800,849042040,162282,162282,159712,0,15697,21827,8412,7547514,935782,
196,177137,525594,859957629,163429,163429,160855,0,15888,21993,8459,7601186,942301,
197,178474,529393,870966441,164578,164578,161995,0,16083,22159,8507,7654076,949472,
198,179810,533181,881995224,165722,165722,163135,0,16277,22325,8554,7708311,955510,
199,181146,536973,893148325,166868,166868,164279,0,16467,22491,8601,7762447,962200,
200,182482,540765,904394053,168014,168014,165423,0,16657,22657,8648,7816471,968866,
201,183818,544555,915825021,169159,169159,166566,0,16848,22823,8695,7870145,975753,
202,185174,548420,927933240,170330,170330,167736,0,17032,22992,8754,7925439,986211,
203,186530,552279,939112151,171498,171498,168900,0,17222,23161,8801,7978621,992665,
204,187886,556142,950488660,172668,172668,170065,0,17411,23330,8848,8032735,999360,
205,189242,560001,961931580,173836,173836,171228,0,17602,23499,8895,8086948,1006113,
206,190598,563860,973506859,175004,175004,172392,0,17792,23668,8942,8141563,1012954,
207,191954,567717,985142612,176171,176171,173555,0,17983,23837,8989,8196403,1019312,
208,193310,571576,996833035,177339,177339,174715,0,18177,24006,9036,8250524,1025806,
209,194667,575440,1008735622,178509,178509,175878,0,18369,24175,9083,8304936,1032520,
