Backup ID, Logical chunk num, Unique chunk num, Base chunk num, Delta chunk num, Logical chunk size, Unique chunk size, Base chunk size, Delta chunk size, LZ4_save size, Delta_save size, 
0,349658,181563,72620,108943,2869463040,1586581660,318612888,92628973,297868286,877471513
1,700527,225166,81284,143882,5748879360,2005085802,355646775,124895422,331445830,1193097775
2,1048641,266111,85722,180389,8606402560,2401076896,372654858,156698094,347957507,1523766437
3,1400928,309641,95639,214002,11506227200,2823542516,416450654,205448139,380443392,1821200331
4,1749773,350273,99912,250361,14379182080,3221877633,432804461,240713610,396148092,2152211470
5,2102412,391624,104496,287128,17284945920,3626123370,451087670,272124730,415124086,2487786884
6,2454706,434179,108703,325476,20191088640,4041790630,467055845,309210761,430789653,2834734371
7,2812109,475940,117329,358611,23129180160,4435403046,501590871,349799978,461136599,3122875598
8,3167314,516183,121525,394658,26049710080,4815972298,518798076,381970332,477151586,3438052304
9,3522400,556670,125579,431091,28969748480,5198324110,535049956,420468589,492421096,3750384469
10,3874982,595347,130015,465332,31867842560,5565605388,551003455,448437247,507033172,4059131514
11,4227381,634533,133379,501154,34764001280,5937267741,564840519,477928852,519889855,4374608515
12,4585507,676861,137792,539069,37705349120,6332317969,582942692,508505131,535938395,4704931751
13,4940662,717180,141266,575914,40626268160,6713959396,597288140,544784663,549318965,5022567628
14,5298219,756126,143991,612135,43568435200,7082753289,608495181,568756567,559681996,5345819545
15,5655036,794396,147755,646641,46505267200,7445443641,621552274,604020250,571760739,5648110378
16,6017260,834554,152801,681753,49483950080,7823476615,637199249,637540893,587149966,5961586507
17,6381829,874758,157604,717154,52483553280,8201432140,652928930,676406242,602154020,6269942948
18,6746630,914145,161733,752412,55485675520,8572341154,667646524,711709499,615610589,6577374542
19,7108426,954067,164810,789257,58467983360,8948973987,679249623,745575739,626857363,6897291262
20,7464498,993174,169211,823963,61400565760,9319044274,693905594,769487003,640467737,7215183940
21,7815621,1032218,172238,859980,64291246080,9690481972,704330861,801849465,650865043,7533436603
22,8163270,1070694,174956,895738,67153766400,10057353438,715718200,832050485,661569172,7848015581
23,8509462,1109121,178692,930429,70005688320,10423757412,728598381,863835548,673845350,8157478133
24,8857126,1147034,180822,966212,72872611840,10785938053,737343230,895918540,681865746,8470810537
25,9205823,1184724,182708,1002016,75747768320,11145427019,744925145,911174640,689127986,8800199248
26,9553238,1223126,186505,1036621,78613667840,11511966758,757941664,960303391,701252419,9092469284
27,9900471,1260887,188797,1072090,81478348800,11872768927,767441938,989022852,710346488,9405957649
28,10248239,1299161,192453,1106708,84350238720,12237946237,779704859,1018569856,721838422,9717833100
29,10596588,1337206,194623,1142583,87226378240,12600596594,788299000,1047543960,730148137,10034605497
30,10946481,1375853,198523,1177330,90117150720,12968055455,801557403,1078318780,742592252,10345587020
31,11291923,1413211,200447,1212764,92970352640,13325556050,809945116,1103086001,750367517,10662157416
32,11633491,1450134,203629,1246505,95788369920,13679895037,820610915,1132962882,760094053,10966227187
33,11980449,1491772,206372,1285400,98655385600,14076093037,831526954,1175801030,770143285,11298621768
34,12328874,1532659,210403,1322256,101536942080,14465034928,845281297,1211214541,782949272,11625589818
35,12678852,1573224,213598,1359626,104431165440,14850849290,856466895,1254792356,793860479,11945729560
36,13027926,1613137,217721,1395416,107317770240,15231135114,870420704,1272398716,806780141,12281535553
37,13379379,1652971,220872,1432099,110227466240,15609136396,883561639,1311488450,818928532,12595157775
38,13728163,1691563,223276,1468287,113113917440,15977195134,893091436,1344535415,827870175,12911698108
39,14076885,1730035,225711,1504324,116000757760,16345283035,902589384,1375025761,836972793,13230695097
40,14428208,1769259,229788,1539471,118909593600,16718145370,916239712,1411508402,850074838,13540322418
41,14776888,1807925,232313,1575612,121795717120,17086806716,926296120,1444764669,859745188,13856000739
42,15125521,1846954,236179,1610775,124680949760,17458129194,939582526,1480143969,872139849,14166262850
43,15474430,1885464,238804,1646660,127569377280,17824633621,950042628,1522160997,882027038,14470402958
44,15821608,1923538,241186,1682352,130441646080,18187892099,959952064,1561771787,891126619,14775041629
45,16170670,1961503,244623,1716880,133332664320,18550291606,971762226,1584643287,902008356,15091877737
46,16521828,1999608,248074,1751534,136244039680,18912830265,983158581,1623073387,912649779,15393948518
47,16873063,2038050,250662,1787388,139155404800,19278065298,993244625,1654694410,922604717,15707521546
48,17225102,2076957,253137,1823820,142071173120,19646653058,1002930908,1689883584,932125670,16021712896
49,17574419,2115318,256798,1858520,144962355200,20012221789,1015368109,1722152089,943795126,16330906465
50,17926301,2154337,259304,1895033,147876433920,20382505558,1025498247,1765921641,953458143,16637627527
51,18271894,2192243,262985,1929258,150738626560,20744929295,1038167989,1801292160,965129617,16940339529
52,18617702,2229865,265026,1964839,153603604480,21104158522,1046688587,1829967863,973106248,17254395824
53,18965640,2267172,268397,1998775,156488765440,21459879139,1058680150,1862451676,983970918,17554776395
54,19314713,2305354,270615,2034739,159383644160,21823151729,1067932051,1902144670,992834759,17860240249
55,19663418,2344057,274469,2069588,162274867200,22191381180,1081366858,1927260234,1005323505,18177430583
56,20013675,2383448,276957,2106491,165181665280,22565614286,1091549561,1965968568,1015240284,18492855873
57,20362245,2421236,278915,2142321,168073625600,22926259665,1099428909,2006177559,1022790114,18797863083
58,20711122,2460140,281280,2178860,170970521600,23297321455,1109219967,2022847047,1032154065,19133100376
59,21060301,2497568,284773,2212795,173870110720,23653978445,1120530957,2056169917,1042707324,19434570247
60,21409582,2535174,286596,2248578,176770754560,24012391341,1128019125,2100246597,1049930727,19734194892
61,21758839,2573456,290158,2283298,179671726080,24376710915,1139713268,2128562504,1061175692,20047259451
62,22110179,2612534,292885,2319649,182588170240,24746247844,1150908723,2150465921,1071959520,20372913680
63,22458283,2651107,296419,2354688,185476454400,25113522953,1162891191,2189440948,1083450627,20677740187
64,22807536,2689545,298687,2390858,188373995520,25479224907,1172316957,2210959263,1092373084,21003575603
65,23153242,2727239,300431,2426808,191239946240,25840016130,1179664185,2204066799,1099361198,21356923948
66,23501375,2764639,303403,2461236,194128947200,26197711913,1189627907,2275220391,1108568728,21624294887
67,23849800,2802055,306401,2495654,197020743680,26555483219,1199382946,2309006961,1117636878,21929456434
68,24197521,2840113,308447,2531666,199907051520,26919495546,1208066936,2343451987,1125776717,22242199906
69,24546857,2878491,311828,2566663,202809763840,27285992635,1219666874,2378220011,1136939237,22551166513
70,24897909,2916854,313842,2603012,205728215040,27651087447,1228064847,2404608451,1145010254,22873403895
71,25251386,2955664,317490,2638174,208668569600,28019890005,1240495632,2430114410,1156684920,23192595043
72,25602695,2993999,319435,2674564,211589539840,28385267946,1248551542,2435385166,1164396077,23536935161
73,25952879,3031642,322638,2709004,214500464640,28744357655,1258967422,2490577811,1174039967,23820772455
74,26306780,3069665,326116,2743549,217447301120,29106010902,1270700240,2521942788,1184873727,24128494147
75,26661969,3108343,328666,2779677,220407265280,29473586437,1280354344,2565021013,1194378371,24433832709
76,27016854,3147052,332245,2814807,223364904960,29841213287,1292458300,2597711287,1205882624,24745161076
77,27372834,3185939,334291,2851648,226333276160,30210618529,1300901203,2572966482,1214147557,25122603287
78,27727488,3224888,337917,2886971,229288622080,30580456393,1312936088,2657679646,1225577763,25384262896
79,28083712,3263563,340091,2923472,232259921920,30947402258,1321274200,2686219509,1233884567,25706023982
80,28435875,3301590,343388,2958202,235194050560,31309801095,1331842380,2728976704,1243959163,26005022848
81,28788926,3339470,345140,2994330,238136698880,31670932755,1339153107,2748552206,1250901158,26332326284
82,29143842,3378802,347884,3030918,241094256640,32043527381,1349942482,2798513935,1260660179,26634410785
83,29499437,3417432,351454,3065978,244057620480,32411265351,1362314021,2821345407,1272283122,26955322801
84,29855034,3456001,353464,3102537,247020236800,32778427332,1370359472,2846039718,1280152681,27281875461
