Backup ID, FPindex, SFindex, Deltaindex
0,14525040,13185664,3789056
1,18013280,14670080,5074368
2,21288880,15436864,6360704
3,24771280,17242176,7474336
4,28021840,17978048,8808576
5,31329920,18691648,10045088
6,34734320,19422144,11316928
7,38075200,20815360,12425024
8,41294640,21519552,13692608
9,44533600,22165568,14920128
10,47627760,22670080,16071264
11,50762640,23179008,17265696
12,54148880,23925056,18527264
13,57374400,24493824,19755232
14,60490080,24923968,20962304
15,63551680,25294272,22111040
16,66764320,25749696,23290880
17,69980640,26289664,24472576
18,73131600,26819712,25654048
19,76325360,27253248,26879392
20,79453920,27761472,28038208
21,82577440,28132992,29232736
22,85655520,28659904,30418944
23,88729680,29063296,31570784
24,91762720,29393280,32755712
25,94777920,29676800,33934560
26,97850080,30036928,35080448
27,100870960,30405568,36249472
28,103932880,30745280,37392544
29,106976480,31068224,38574240
30,110068240,31430784,39724768
31,113056880,31726528,40893664
32,116010720,31990720,42001376
33,119341760,32416768,43295072
34,122612720,32839680,44518400
35,125857920,33190784,45767776
36,129050960,33634048,46966144
37,132237680,34208896,48190784
38,135325040,34599936,49395808
39,138402800,34980032,50592768
40,141540720,35398400,51759104
41,144634000,35785216,52958752
42,147756320,36178240,54127232
43,150837120,36544192,55316672
44,153883040,36927552,56500256
45,156920240,37234496,57645728
46,159968640,37551040,58789952
47,163044000,37944256,59977696
48,166156560,38330496,61181984
49,169225440,38676864,62334272
50,172346960,39061504,63543616
51,175379440,39386688,64676640
52,178389200,39701696,65852128
53,181373760,40001984,66976000
54,184428320,40329728,68160224
55,187524560,40722240,69308960
56,190675840,41112064,70524736
57,193698880,41387968,71706112
58,196811200,41765696,72908832
59,199805440,42025664,74034656
60,202813920,42317632,75211424
61,205876480,42614528,76355200
62,209002720,43051200,77559840
63,212088560,43392448,78714528
64,215163600,43752640,79906240
65,218179120,44017152,81087904
66,221171120,44254592,82218784
67,224164400,44493248,83348640
68,227209040,44775552,84530816
69,230279280,45109248,85680544
70,233348320,45412224,86874656
71,236453120,45767104,88033184
72,239519920,46050816,89228544
73,242531360,46330368,90360608
74,245573200,46639872,91495488
75,248667440,46939072,92687616
76,251764160,47332608,93845408
77,254875120,47650880,95054944
78,257991040,47996224,96216704
79,261085040,48330752,97417408
80,264127200,48576576,98558688
81,267157600,48866368,99744928
82,270304160,49156544,100951520
83,273394560,49584640,102106944
84,276480080,49881920,103308160
