Backup ID, Online Delta_save, Offline Delta_save, Offline delta time, Offline dedelta time, Offline delete time, Offline Delta chunk num
0,1769857,875701656,108936,223,214,108713
1,9083632,1184014143,189042,46206,433,142836
2,36012467,1487753970,293830,117291,676,176539
3,54288805,1766911526,420537,212230,955,208307
4,90463109,2061748361,577121,335920,1225,241201
5,102972761,2384814123,763107,486645,1524,276462
6,133177255,2701557116,976360,664355,1848,312005
7,141366989,2981508609,1195482,851535,2220,343947
8,163913997,3274138307,1428771,1052232,2590,376539
9,180379049,3570005420,1689838,1279631,2993,410207
10,187097910,3872033604,1975649,1532039,3410,443610
11,201893323,4172715192,2280413,1803521,3859,476892
12,217728316,4487203435,2599568,2087429,4341,512139
13,231392828,4791174800,2944374,2397780,4840,546594
14,247952872,5097866673,3324073,2744006,5373,580067
15,258028528,5390081850,3700511,3087204,5876,613307
16,261449408,5700137099,4081807,3433807,6496,648000
17,270530022,5999412926,4474770,3792512,7085,682258
18,274566540,6302808002,4926393,4209411,7706,716982
19,284661709,6612629553,5369139,4617209,8353,751930
20,287789400,6927394540,5825713,5039457,9039,786256
21,298396647,7235039956,6255472,5435231,9733,820241
22,306532311,7541483270,6746711,5892454,10437,854257
23,314454061,7843024072,7252363,6364361,11150,888002
24,327721429,8143089108,7790553,6869045,11860,921508
25,342091556,8458107692,8341256,7386396,12560,954860
26,347659178,8744810106,8909131,7920356,13326,988775
27,361866951,9044090698,9499220,8477377,14070,1021843
28,367101903,9350731197,10099136,9043285,14886,1055851
29,382048689,9652556808,10714563,9625246,15708,1089317
30,388500699,9957086321,11344094,10220797,16577,1123297
31,401786970,10260370446,11981133,10824709,17391,1156424
32,408756377,10557470810,12644397,11455130,18166,1189267
33,418013638,10880608130,13303573,12077189,19213,1226384
34,421539949,11204049869,13989008,12726154,20227,1262854
35,429342648,11516386912,14604050,13305531,21296,1298519
36,433422533,11848113020,15257754,13923927,22256,1333827
37,442423673,12152734102,15959160,14590511,23330,1368649
38,452708467,12458989641,16673733,15270862,24346,1402871
39,462265430,12768429667,17406706,15969690,25364,1437016
40,467156058,13073166360,18155906,16684324,26405,1471582
41,476652441,13379348298,18901568,17395687,27450,1505881
42,481626260,13684636590,19647253,18106791,28537,1540462
43,492398209,13978004749,20380613,18806214,29585,1574399
44,502377748,14272663881,21137153,19528923,30691,1608230
45,507867970,14584009767,21917366,20275267,31747,1642099
46,511363622,14882584896,22723881,21047550,32846,1676331
47,521035751,15186485795,23536231,21825899,33950,1710332
48,531182151,15490530745,24352222,22607326,35103,1744896
49,535365695,15795540770,25179355,23400229,36218,1779126
50,545810468,16091817059,25998463,24184888,37346,1813575
51,550980872,16389358657,26814900,24967700,38361,1847200
52,563308701,16691087123,27669303,25788690,39430,1880613
53,570494859,16984281536,28517892,26604178,40425,1913714
54,583476621,17276763628,29374670,27427280,41440,1947390
55,591407054,17586023529,30236322,28255055,42573,1981267
56,602956117,17889899756,31130546,29114465,43639,2016081
57,614683767,18183179316,32035616,29985862,44679,2049754
58,627877505,18505222871,32961120,30877104,45834,2084016
59,634153883,18800416364,33861176,31743958,46979,2117218
60,644407528,19089787364,34802736,32651697,48037,2151039
61,652396320,19394863131,35744062,33559168,49137,2184894
62,663067331,19709846349,36721885,34502479,50339,2219406
63,669494857,20008245330,37708781,35455064,51484,2253717
64,683002924,20320572679,38710869,36423340,52659,2287529
65,696923145,20660000803,39734016,37412918,53780,2321098
66,705231671,20919063216,40786120,38431574,54906,2354546
67,712336152,21217120282,41857734,39469631,56063,2388103
68,722993946,21519205960,42923857,40501755,57204,2422102
69,728920569,21822245944,44018674,41562251,58381,2456423
70,741999536,22131404359,45130732,42640251,59625,2490481
71,748662514,22443932529,46253403,43728535,60847,2524868
72,761910677,22775024484,47398720,44839792,62062,2558928
73,768085850,23052686605,48543943,45951330,63218,2592613
74,774390782,23354103365,49693734,47067311,64461,2626423
75,782784768,23651047941,50809027,48148253,65765,2660774
76,786672438,23958488638,51994625,49299161,67004,2695464
77,802366959,24320236328,53159164,50429369,68188,2729795
78,807831955,24576430941,54390573,51626184,69446,2764389
79,823149791,24882874191,55624938,52826559,70672,2798379
80,827607704,25177415144,56845351,54012748,71862,2832603
81,838101931,25494224353,58104581,55237853,73099,2866728
82,845369229,25789041556,59295009,56393304,74518,2901705
83,847472905,26107849896,60571407,57634889,75820,2936518
84,859951274,26421924187,61863261,58892360,77091,2970901
