BackupID, OnlineSpeed(MB/s), Encalve ProcessTime(s), BackupSize, OnlineSize, OfflineSize, OfflineTime(s)
0, 154.547, 17.7068, 2869463040, 837663968, 411241861, 200.002
1, 302.115, 9.08932, 2879416320, 643712953, 480542197, 97.3272
2, 320.975, 8.49022, 2857523200, 690939108, 529352952, 112.288
3, 310.452, 8.90794, 2899824640, 758336356, 621898793, 125.89
4, 324.102, 8.45371, 2872954880, 828971079, 673518071, 148.444
5, 315.959, 8.77061, 2905763840, 894419896, 723212400, 168.94
6, 320.856, 8.63786, 2906142720, 942328632, 776266606, 188.426
7, 320.198, 8.75078, 2938091520, 996218758, 851390849, 191.38
8, 324.156, 8.59228, 2920529920, 1056870576, 900768408, 199.046
9, 322.393, 8.63781, 2920038400, 1110575100, 955518545, 220.166
10, 328.125, 8.42311, 2898094080, 1162579392, 999440702, 237.449
11, 328.001, 8.42067, 2896158720, 1204690215, 1042769371, 249.329
12, 320.922, 8.7407, 2941347840, 1260861219, 1091447823, 260.461
13, 318.508, 8.74579, 2920919040, 1302239961, 1142072803, 283.771
14, 327.424, 8.56952, 2942167040, 1344722879, 1177251748, 304.415
15, 327.672, 8.54752, 2936832000, 1379797651, 1225572524, 304.449
16, 323.374, 8.78455, 2978682880, 1439464294, 1274740142, 298.392
17, 325.112, 8.79896, 2999603200, 1485768135, 1329335172, 310.599
18, 324.979, 8.80995, 3002122240, 1539418243, 1379356023, 343.786
19, 327.146, 8.69382, 2982307840, 1589213269, 1424825362, 345.771
20, 325.795, 8.58431, 2932582400, 1634800088, 1463392597, 356.716
21, 321.593, 8.57223, 2890680320, 1670313150, 1506180326, 339.12
22, 324.646, 8.4089, 2862520320, 1712321054, 1547768685, 374.259
23, 314.227, 8.65553, 2851921920, 1753392550, 1592433929, 395.745
24, 326.207, 8.38153, 2866923520, 1793483653, 1633261770, 416.08
25, 321.47, 8.52946, 2875156480, 1832170217, 1656099785, 424.243
26, 324.998, 8.4097, 2865899520, 1863151817, 1718245055, 437.124
27, 328.975, 8.3045, 2864680960, 1917859283, 1756464790, 450.527
28, 317.946, 8.6142, 2871889920, 1962914200, 1798274715, 456.14
29, 324.337, 8.45695, 2876139520, 1998465123, 1835842960, 460.973
30, 324.655, 8.49164, 2890772480, 2042761073, 1879876183, 478.485
31, 325.8, 8.35182, 2853201920, 2078365276, 1913031117, 474.588
32, 317.342, 8.4687, 2818017280, 2113229138, 1953573797, 496.997
33, 315.378, 8.66959, 2867015680, 2177001290, 2007327984, 505.789
34, 317.53, 8.65452, 2881556480, 2229212006, 2056495838, 512.593
35, 316.746, 8.71406, 2894223360, 2274178385, 2111259251, 460.878
36, 318.584, 8.64099, 2886604800, 2327462568, 2142819420, 495.641
37, 320.429, 8.65996, 2909696000, 2355152449, 2195050089, 513.742
38, 325.259, 8.46322, 2886451200, 2401369873, 2237626851, 528.939
39, 325.032, 8.47027, 2886840320, 2444173029, 2277615145, 541.746
40, 323.531, 8.57439, 2908835840, 2488898362, 2327748114, 551.694
41, 323.351, 8.51219, 2886123520, 2534586630, 2371060789, 551.33
42, 321.057, 8.57035, 2885232640, 2581347529, 2419726495, 547.92
43, 325.278, 8.4685, 2888427520, 2624604147, 2472203625, 538.843
44, 324.603, 8.43864, 2872268800, 2675743096, 2521723851, 551.616
45, 324.665, 8.4921, 2891018240, 2726917833, 2556405513, 576.04
46, 326.078, 8.51485, 2911375360, 2762708084, 2606231968, 591.052
47, 330.146, 8.40989, 2911365120, 2810768866, 2647939035, 599.667
48, 320.738, 8.66968, 2915768320, 2854074646, 2692814492, 597.599
49, 326.284, 8.45046, 2891182080, 2900333510, 2737520198, 606.474
50, 325.313, 8.5428, 2914078720, 2944554522, 2791419888, 604.82
51, 318.409, 8.57261, 2862192640, 2996416342, 2839460149, 601.748
52, 325.487, 8.39436, 2864977920, 3039331265, 2876656450, 623.358
53, 328.921, 8.36525, 2885160960, 3077193166, 2921131826, 621.935
54, 326.438, 8.45727, 2894878720, 3122619573, 2970076721, 626.661
55, 323.909, 8.51252, 2891223040, 3176766395, 3008627092, 630.746
56, 326.847, 8.48145, 2906798080, 3216615836, 3057518129, 655.845
57, 328.32, 8.40031, 2891960320, 3258230874, 3105606468, 662.564
58, 327.543, 8.4346, 2896896000, 3310900942, 3132067014, 673.375
59, 327.796, 8.43592, 2899589120, 3333534128, 3176700874, 664.959
60, 334.502, 8.26981, 2900643840, 3377013740, 3228265722, 683.299
61, 324.377, 8.5289, 2900971520, 3432553319, 3268275772, 691.782
62, 323.646, 8.59376, 2916444160, 3474220352, 3301374644, 709.602
63, 320.522, 8.59375, 2888284160, 3508331929, 3352332139, 720.515
64, 323.477, 8.54253, 2897541120, 3554717517, 3383276220, 726.692
65, 323.619, 8.44568, 2865950720, 3583130283, 3383730984, 738.614
66, 327.19, 8.42068, 2889000960, 3584673372, 3464848298, 757.458
67, 326.495, 8.44679, 2891796480, 3666438507, 3508389907, 777.417
68, 329.592, 8.35152, 2886307840, 3711536531, 3551518923, 785.645
69, 329.031, 8.41333, 2902712320, 3758001831, 3597886885, 796.18
70, 325.884, 8.54063, 2918451200, 3800241484, 3632673298, 800.068
71, 314.591, 8.91362, 2940354560, 3840110792, 3670610042, 814.095
72, 326.996, 8.51892, 2920970240, 3873073342, 3683936708, 834.43
73, 327.132, 8.48609, 2910924800, 3886718461, 3749545233, 824.437
74, 325.281, 8.63966, 2946836480, 3953414242, 3792643028, 836.814
75, 324.299, 8.70445, 2959964160, 3998670576, 3845375357, 807.988
76, 329.975, 8.54801, 2957639680, 4053512631, 3890169587, 845.526
77, 327, 8.65706, 2968371200, 4093028265, 3873867685, 841.622
78, 326.311, 8.63727, 2955345920, 4082399908, 3970615734, 893.408
79, 326.997, 8.6657, 2971299840, 4172574321, 4007493709, 892.256
80, 327.786, 8.53668, 2934128640, 4212650295, 4060819084, 881.918
81, 329.668, 8.51259, 2942648320, 4262319682, 4087705313, 909.54
82, 326.647, 8.63485, 2957557760, 4297366705, 4148456417, 865.914
83, 328.974, 8.5906, 2963363840, 4357748113, 4183659428, 905.752
84, 325.33, 8.68462, 2962616320, 4387335931, 4216399190, 937.024
