Backup ID, Ecall, Inline_Ocall, Offline_Ocall, _Inline_FPOcall, _Inline_SFOcall, _Inline_LocalOcall, _Inline_LoadOcall, _Inline_DeltaOcall, _Inline_RecipeOcall, _Inline_Write_ContainerOcall, _inline_have_similar_chunk_num, _inline_need_load_container_num
0,2734,9508,641046,2732,2732,2688,971,44,341,214,109909,37350,
1,5478,18500,1155680,5474,5474,5339,1395,135,683,274,145416,56763,
2,8200,27071,1777028,8194,8194,7809,1467,385,1022,328,181928,71375,
3,10955,35775,2500722,10947,10947,10362,1568,585,1366,387,215568,86458,
4,13683,44370,3326512,13673,13673,12904,1645,769,1706,440,251938,100989,
5,16440,53044,4276340,16428,16428,15518,1710,910,2050,497,289198,116242,
6,19195,61690,5340132,19181,19181,18144,1753,1037,2394,553,327551,131630,
7,21990,71451,6464386,21974,21974,20806,2786,1168,2743,610,361677,147915,
8,24768,80206,7643723,24750,24750,23364,2867,1386,3089,663,397729,162065,
9,27545,88951,8940851,27525,27525,26002,2941,1523,3435,717,434177,177701,
10,30302,97623,10319827,30280,30280,28642,3004,1638,3779,770,469783,193511,
11,33058,106311,11805038,33034,33034,31257,3086,1777,4123,823,505627,209249,
12,35858,115125,13370488,35832,35832,33908,3157,1924,4472,879,543547,225166,
13,38635,123875,15033848,38607,38607,36567,3236,2040,4818,933,580400,241435,
14,41431,132681,16837572,41401,41401,39206,3311,2195,5167,985,616625,256900,
15,44221,141475,18616433,44189,44189,41841,3393,2348,5515,1037,652506,272629,
16,47053,150436,20490400,47019,47019,44592,3511,2427,5868,1092,689094,291381,
17,49904,159449,22416064,49868,49868,47290,3621,2578,6224,1146,726010,308403,
18,52757,168408,24523655,52718,52718,50057,3673,2662,6580,1200,762503,326179,
19,55586,177348,26659146,55545,55545,52793,3779,2753,6933,1254,799400,344261,
20,58370,186092,28841754,58327,58327,55510,3830,2818,7280,1308,835597,363235,
21,61116,194731,30975976,61071,61071,58171,3895,2901,7622,1361,871625,381541,
22,63835,203258,33318787,63787,63787,60835,3934,2954,7961,1414,907383,399964,
23,66542,211766,35721974,66492,66492,63439,3989,3055,8299,1467,943310,416076,
24,69261,220314,38235332,69209,69209,66049,4047,3162,8638,1519,979095,431822,
25,71988,228901,40789794,71934,71934,68649,4119,3287,8978,1570,1014905,447424,
26,74705,237443,43487959,74649,74649,71273,4177,3378,9317,1623,1050942,463600,
27,77420,245991,46216303,77362,77362,73858,4247,3506,9656,1674,1086419,479270,
28,80139,254535,49062687,80079,80079,76492,4301,3589,9995,1727,1122414,495790,
29,82863,263113,51971664,82801,82801,79086,4373,3717,10335,1778,1158360,511079,
30,85599,271719,54959329,85535,85535,81724,4436,3813,10676,1831,1194589,527590,
31,88300,280226,57946241,88234,88234,84313,4509,3923,11013,1882,1230032,543489,
32,90971,288631,60985349,90903,90903,86876,4574,4029,11346,1934,1265197,559052,
33,93684,297132,64191317,93614,93614,89529,4604,4087,11684,1991,1304092,576899,
34,96409,305672,67483111,96337,96337,92195,4635,4144,12024,2048,1342228,594352,
35,99146,314244,70597841,99072,99072,94883,4661,4191,12365,2104,1379598,614070,
36,101876,322823,73816687,101800,101800,97547,4716,4255,12705,2160,1416611,632863,
37,104624,331444,77222485,104546,104546,100228,4756,4320,13048,2215,1453301,651521,
38,107351,340005,80668099,107271,107271,102871,4802,4402,13388,2268,1489490,668270,
39,110078,348573,84186943,109996,109996,105524,4855,4474,13728,2321,1525535,685442,
40,112825,357202,87777708,112741,112741,108186,4906,4557,14071,2375,1562164,702593,
41,115552,365755,91379710,115466,115466,110830,4944,4638,14411,2428,1598359,719389,
42,118278,374328,94986003,118190,118190,113478,5005,4714,14751,2482,1634886,737546,
43,121006,382893,98537710,120916,120916,116126,5052,4792,15091,2535,1670774,755448,
44,123721,391419,102199275,123629,123629,118770,5100,4861,15430,2587,1706512,772492,
45,126451,400001,105912818,126357,126357,121413,5158,4946,15770,2640,1742388,789427,
46,129197,408673,109741646,129101,129101,124092,5256,5011,16112,2693,1778401,806416,
47,131944,417303,113617856,131846,131846,126765,5308,5083,16455,2746,1814260,823309,
48,134697,425941,117531414,134597,134597,129442,5350,5157,16798,2799,1850695,839658,
49,137429,434555,121470847,137327,137327,132098,5433,5231,17139,2853,1886809,857106,
50,140181,443207,125429436,140077,140077,134760,5492,5319,17482,2906,1923325,873501,
51,142883,451701,129308221,142777,142777,137376,5549,5403,17819,2959,1958965,889615,
52,145587,460199,133329107,145479,145479,139980,5604,5501,18156,3010,1994552,905045,
53,148308,468745,137294924,148198,148198,142597,5654,5603,18495,3062,2029771,920394,
54,151038,477328,141295174,150926,150926,145216,5713,5712,18835,3114,2065738,936321,
55,153765,485903,145376253,153651,153651,147823,5773,5830,19175,3167,2101909,951747,
56,156504,494522,149530236,156388,156388,150465,5839,5925,19517,3220,2138820,968049,
57,159230,503089,153716105,159112,159112,153085,5894,6029,19857,3272,2174650,983527,
58,161958,511668,158050074,161838,161838,155709,5955,6131,20197,3325,2211191,999171,
59,164688,520261,162307235,164566,164566,158336,6024,6232,20537,3377,2246528,1015166,
60,167419,528847,166624296,167295,167295,160985,6082,6312,20878,3429,2282319,1032201,
61,170150,537446,170967761,170024,170024,163612,6153,6414,21219,3482,2318407,1047960,
62,172897,546077,175498202,172769,172769,166266,6206,6505,21562,3535,2354762,1064655,
63,175619,554640,180070865,175489,175489,168893,6270,6598,21901,3588,2391086,1081574,
64,178350,563258,184692465,178218,178218,171513,6360,6707,22242,3640,2427284,1097551,
65,181053,571768,189344747,180919,180919,174094,6430,6827,22579,3691,2463242,1113384,
66,183775,580336,194111662,183639,183639,176692,6499,6949,22918,3743,2499024,1128694,
67,186500,588917,198970529,186362,186362,179308,6571,7056,23258,3795,2534818,1144822,
68,189219,597458,203820529,189079,189079,181945,6622,7136,23597,3847,2570833,1161545,
69,191951,606037,208767458,191809,191809,184590,6670,7221,23938,3900,2607106,1178193,
70,194696,614667,213837982,194552,194552,187233,6729,7321,24280,3952,2643458,1194378,
71,197460,623354,218948325,197314,197314,189895,6785,7421,24625,4006,2680023,1211280,
72,200207,631993,224148414,200059,200059,192526,6846,7535,24968,4058,2716413,1226956,
73,202945,640606,229327778,202795,202795,195160,6910,7637,25309,4110,2752196,1243298,
74,205712,649304,234557463,205560,205560,197824,6968,7738,25654,4163,2788147,1259162,
75,208489,658025,239712095,208335,208335,200531,7018,7806,26000,4216,2824277,1277084,
76,211264,666741,245049513,211108,211108,203235,7069,7875,26346,4270,2860762,1294995,
77,214048,675506,250310765,213890,213890,205895,7141,7997,26693,4322,2897606,1310626,
78,216821,684234,255867237,216661,216661,208568,7210,8095,27039,4376,2934382,1327134,
79,219606,692993,261446888,219444,219444,211219,7273,8227,27386,4428,2970883,1342806,
80,222360,701651,266949594,222196,222196,213898,7332,8300,27729,4481,3006967,1360221,
81,225121,710331,272589690,224955,224955,216571,7391,8386,28073,4533,3043097,1377293,
82,227896,719026,278155188,227728,227728,219299,7421,8431,28419,4587,3079691,1395811,
83,230677,727749,283900434,230507,230507,222027,7460,8482,28766,4641,3116130,1414602,
84,233458,736486,289731271,233286,233286,224709,7513,8579,29113,4693,3152691,1431520,
