#Backup ID,Process Time
0,198.839
1,199.715
2,194.588
3,200.35
4,201.641
5,205.066
6,203.29
7,200.422
8,199.762
9,204.169
10,198.141
11,198.945
12,206.213
13,204.815
14,204.879
15,203.22
16,205.597
17,207.345
18,207.142
19,209.539
20,201.866
21,202.921
22,199.673
23,198.441
24,199.747
25,195.768
26,195.269
27,200.411
28,196.017
29,196.59
30,197.487
31,194.637
32,196.71
33,200.164
34,196.271
35,198.038
36,201.408
37,202.445
38,196.464
39,197.696
40,203.68
41,197.682
42,197.798
43,201.334
44,201.344
45,197.926
46,203.641
47,199.726
48,200.77
49,199.626
50,202.436
51,198.589
52,199.251
53,200.686
54,199.394
55,200.667
56,200.883
57,200.773
58,205.937
59,205.434
60,202.181
61,201.949
62,206.93
63,209.692
64,206.294
65,204.075
66,205.419
67,206.297
68,204.607
69,211.658
70,206.755
71,207.675
72,208.756
73,207.182
74,210.228
75,215.345
76,211.238
77,212.183
78,211.21
79,217.556
80,213.4
81,215.252
82,215.572
83,217.022
84,216.289
85,213.609
86,212.744
87,213.455
88,216.031
89,213.615
90,212.754
91,214.586
92,213.467
93,214.577
94,213.347
95,213.762
96,213.77
97,219.551
98,222.134
99,218.556
100,217.704
101,205.276
