2737
2747
2726
2766
2740
2772
2772
2802
2786
2785
2764
2762
2806
2786
2806
2801
2841
2861
2864
2845
2797
2757
2730
2720
2735
2742
2734
2732
2739
2743
2757
2722
2688
2735
2749
2761
2753
2775
2753
2754
2775
2753
2752
2755
2740
2758
2777
2777
2781
2758
2780
2730
2733
2752
2761
2758
2773
2758
2763
2766
2767
2767
2782
2755
2764
2734
2756
2758
2753
2769
2784
2805
2786
2777
2811
2823
2821
2831
2819
2834
2799
2807
2821
2827
2826
2797
2803
2796
2822
2827
2809
2837
2836
2839
2838
2842
2825
2842
2894
2879
2864
2844
