Backup ID, Logical chunk num, Unique chunk num, Base chunk num, Delta chunk num, Logical chunk size, Unique chunk size, Base chunk size, Delta chunk size, LZ4_save size, Delta_save size, 
0,349658,181563,78878,102685,2869463040,1586581660,347322881,85759697,323560270,829938812
1,700527,225166,88069,137097,5748879360,2005085802,387374236,118690764,358312133,1140708669
2,1048641,266111,92779,173332,8606402560,2401076896,405607960,148002477,375931102,1471535357
3,1400928,309641,102952,206689,11506227200,2823542516,450387061,180917835,409375845,1782861775
4,1749773,350273,107627,242646,14379182080,3221877633,468479911,212665129,426924064,2113808529
5,2102412,391624,111937,279687,17284945920,3626123370,484949845,247560237,443001258,2450612030
6,2454706,434179,116237,317942,20191088640,4041790630,501350959,282318593,458897212,2799223866
7,2812109,475940,125597,350343,23129180160,4435403046,537862879,306694470,490976936,3099868761
8,3167314,516183,129763,386420,26049710080,4815972298,554381357,334514267,506483461,3420593213
9,3522400,556670,133826,422844,28969748480,5198324110,570154205,373833088,521614069,3732722748
10,3874982,595347,136505,458842,31867842560,5565605388,580426271,390563236,531549287,4063066594
11,4227381,634533,140264,494269,34764001280,5937267741,596929041,417074601,546429657,4376834442
12,4585507,676861,144366,532495,37705349120,6332317969,612810386,450850613,560641945,4708015025
13,4940662,717180,147698,569482,40626268160,6713959396,626097312,512043591,573165368,5002653125
14,5298219,756126,150287,605839,43568435200,7082753289,636182824,519695482,582606727,5344268256
15,5655036,794396,152419,641977,46505267200,7445443641,644363871,559490507,590482100,5651107163
16,6017260,834554,157157,677397,49483950080,7823476615,663239702,581804502,607850978,5970581433
17,6381829,874758,161343,713415,52483553280,8201432140,680561585,607551997,623407274,6289911284
18,6746630,914145,164232,749913,55485675520,8572341154,692940089,635129847,634972814,6609298404
19,7108426,954067,168022,786045,58467983360,8948973987,709163920,657649595,649539261,6932621211
20,7464498,993174,170634,822540,61400565760,9319044274,719024350,701292245,659070848,7239656831
21,7815621,1032218,174644,857574,64291246080,9690481972,735802688,733893351,674097445,7546688488
22,8163270,1070694,176902,893792,67153766400,10057353438,744636176,756409029,682819348,7873488885
23,8509462,1109121,179191,929930,70005688320,10423757412,753425273,786453369,691656512,8192222258
24,8857126,1147034,180850,966184,72872611840,10785938053,759400567,808723571,697635511,8520178404
25,9205823,1184724,182510,1002214,75747768320,11145427019,765839330,854717159,703876151,8820994379
26,9553238,1223126,185131,1037995,78613667840,11511966758,777048629,879121213,714138684,9141658232
27,9900471,1260887,187091,1073796,81478348800,11872768927,784620912,891343562,721812913,9474991540
28,10248239,1299161,189015,1110146,84350238720,12237946237,791692037,918868280,728949423,9798436497
29,10596588,1337206,191225,1145981,87226378240,12600596594,800817744,928973377,737603410,10133202063
30,10946481,1375853,193473,1182380,90117150720,12968055455,809772680,967775988,746365275,10444141512
31,11291923,1413211,195066,1218145,92970352640,13325556050,815965938,981469905,752443556,10775676651
32,11633491,1450134,196420,1253714,95788369920,13679895037,821153311,1015095572,757524529,11086121625
33,11980449,1491772,198705,1293067,98655385600,14076093037,829429679,1053322782,765596466,11427744110
34,12328874,1532659,201512,1331147,101536942080,14465034928,840434899,1089941906,775777495,11758880628
35,12678852,1573224,205464,1367760,104431165440,14850849290,856493975,1131685816,790237483,12072432016
36,13027926,1613137,208869,1404268,107317770240,15231135114,870890698,1194799955,803173990,12362270471
37,13379379,1652971,211944,1441027,110227466240,15609136396,883847874,1191922028,815283645,12718082849
38,13728163,1691563,214228,1477335,113113917440,15977195134,892828175,1203807212,823559487,13057000260
39,14076885,1730035,216510,1513525,116000757760,16345283035,901586510,1235644735,832111451,13375940339
40,14428208,1769259,218848,1550411,118909593600,16718145370,910200599,1265030691,840969608,13701944472
41,14776888,1807925,221110,1586815,121795717120,17086806716,918864450,1291032411,849400305,14027509550
42,15125521,1846954,223367,1623587,124680949760,17458129194,927485614,1307879052,857791821,14364972707
43,15474430,1885464,225924,1659540,127569377280,17824633621,937205029,1392357067,867062510,14628009015
44,15821608,1923538,227816,1695722,130441646080,18187892099,944576710,1364339857,874063540,15004911992
45,16170670,1961503,229837,1731666,133332664320,18550291606,953069429,1416253176,882119083,15298849918
46,16521828,1999608,231514,1768094,136244039680,18912830265,958965754,1444742379,888263653,15620858479
47,16873063,2038050,233988,1804062,139155404800,19278065298,968444577,1501713528,897769791,15910137402
48,17225102,2076957,236317,1840640,142071173120,19646653058,977444899,1511107870,906590071,16251510218
49,17574419,2115318,238232,1877086,144962355200,20012221789,984698070,1583197837,913859652,16530466230
50,17926301,2154337,240614,1913723,147876433920,20382505558,994090643,1553433137,922961941,16912019837
51,18271894,2192243,242711,1949532,150738626560,20744929295,1002259714,1620261288,930718027,17191690266
52,18617702,2229865,244689,1985176,153603604480,21104158522,1010342538,1624144729,938191302,17531479953
53,18965640,2267172,246755,2020417,156488765440,21459879139,1019024084,1660439565,946171388,17834244102
54,19314713,2305354,248693,2056661,159383644160,21823151729,1026492288,1679924868,953533965,18163200608
55,19663418,2344057,250951,2093106,162274867200,22191381180,1035482886,1676124502,962253563,18517520229
56,20013675,2383448,253222,2130226,165181665280,22565614286,1044092231,1721112625,971019582,18829389848
57,20362245,2421236,255184,2166052,168073625600,22926259665,1052114873,1758515247,978823720,19136805825
58,20711122,2460140,257300,2202840,170970521600,23297321455,1060544494,1788786623,987186953,19460803385
59,21060301,2497568,259556,2238012,173870110720,23653978445,1070078523,1776391296,995906142,19811602484
60,21409582,2535174,260956,2274218,176770754560,24012391341,1075119478,1851272298,1001209730,20084789835
61,21758839,2573456,263175,2310281,179671726080,24376710915,1083437075,1876722915,1009618990,20406931935
62,22110179,2612534,265734,2346800,182588170240,24746247844,1093547837,1916515692,1019532121,20716652194
63,22458283,2651107,267768,2383339,185476454400,25113522953,1101463007,1979115812,1027416183,21005527951
64,22807536,2689545,269671,2419874,188373995520,25479224907,1108927900,1959516835,1034788800,21375991372
65,23153242,2727239,271307,2455932,191239946240,25840016130,1115678230,1998828799,1041227134,21684281967
66,23501375,2764639,272541,2492098,194128947200,26197711913,1120258314,1976261050,1046001701,22055190848
67,23849800,2802055,273981,2528074,197020743680,26555483219,1125949394,2003410705,1051600154,22374522966
68,24197521,2840113,276036,2564077,199907051520,26919495546,1134722907,2035585540,1059832757,22689354342
69,24546857,2878491,277890,2600601,202809763840,27285992635,1142173538,2138235957,1067533226,22938049914
70,24897909,2916854,279813,2637041,205728215040,27651087447,1150315174,2117856467,1075504533,23307411273
71,25251386,2955664,281915,2673749,208668569600,28019890005,1158489720,2252513473,1083687198,23525199614
72,25602695,2993999,283937,2710062,211589539840,28385267946,1167022790,2166584909,1091549598,23960110649
73,25952879,3031642,285556,2746086,214500464640,28744357655,1173263662,2178876838,1097795218,24294421937
74,26306780,3069665,287427,2782238,217447301120,29106010902,1180795343,2309378913,1105031190,24510805456
75,26661969,3108343,290811,2817532,220407265280,29473586437,1195772314,2336739514,1118016219,24823058390
76,27016854,3147052,292602,2854450,223364904960,29841213287,1202717941,2316590948,1125112772,25196791626
77,27372834,3185939,294670,2891269,226333276160,30210618529,1211606941,2343200888,1133760813,25522049887
78,27727488,3224888,296438,2928450,229288622080,30580456393,1217898566,2411839298,1140349960,25810368569
79,28083712,3263563,298569,2964994,232259921920,30947402258,1225904597,2379361069,1148493572,26193643020
80,28435875,3301590,300177,3001413,235194050560,31309801095,1231553876,2439264072,1154269967,26484713180
81,28788926,3339470,301531,3037939,238136698880,31670932755,1236651776,2437310956,1159453470,26837516553
82,29143842,3378802,304801,3074001,241094256640,32043527381,1250864995,2497786467,1171469538,27123406381
83,29499437,3417432,306932,3110500,244057620480,32411265351,1259934849,2539425267,1179963490,27431941745
84,29855034,3456001,308747,3147254,247020236800,32778427332,1267150973,2600177338,1187070621,27724028400
