Backup ID, FPindex, SFindex, Deltaindex
0,14525040,13546688,3588640
1,18013280,15147328,4859456
2,21288880,15989696,6141504
3,24771280,17855552,7242688
4,28021840,18647104,8559072
5,31329920,19400512,9808448
6,34734320,20155776,11078848
7,38075200,21605248,12160928
8,41294640,22357696,13432896
9,44533600,23072128,14659968
10,47627760,23554112,15867264
11,50762640,24123520,17046240
12,54148880,24858304,18314624
13,57374400,25426176,19541984
14,60490080,25856448,20750048
15,63551680,26224384,21945472
16,66764320,26884288,23128576
17,69980640,27453312,24328832
18,73131600,27875392,25540192
19,76325360,28380608,26742400
20,79453920,28808576,27948704
21,82577440,29353408,29109312
22,85655520,29724416,30301312
23,88729680,30113024,31489408
24,91762720,30410368,32679552
25,94777920,30682688,33858048
26,97850080,31043584,35032768
27,100870960,31372672,36203904
28,103932880,31711488,37393376
29,106976480,32037440,38564192
30,110068240,32409280,39759552
31,113056880,32669376,40931200
32,116010720,32906496,42089536
33,119341760,33293824,43390624
34,122612720,33753536,44645568
35,125857920,34304512,45865216
36,129050960,34764224,47082848
37,132237680,35225280,48300800
38,135325040,35584256,49501600
39,138402800,35960064,50694560
40,141540720,36351232,51910368
41,144634000,36726272,53110848
42,147756320,37106560,54321824
43,150837120,37523328,55505760
44,153883040,37843968,56698624
45,156920240,38147136,57880256
46,159968640,38443648,59077824
47,163044000,38824640,60259648
48,166156560,39196992,61460384
49,169225440,39511360,62658816
50,172346960,39899520,63865728
51,175379440,40233856,65040704
52,178389200,40527040,66212064
53,181373760,40825792,67369568
54,184428320,41152128,68554560
55,187524560,41541632,69745888
56,190675840,41928128,70960064
57,193698880,42201088,72134112
58,196811200,42543808,73336736
59,199805440,42854720,74493088
60,202813920,43094976,75675840
61,205876480,43431296,76850688
62,209002720,43835648,78050304
63,212088560,44169088,79242912
64,215163600,44484416,80435456
65,218179120,44743424,81610976
66,221171120,44956736,82789632
67,224164400,45183040,83961536
68,227209040,45492672,85133248
69,230279280,45794944,86325600
70,233348320,46095744,87513152
71,236453120,46419904,88711136
72,239519920,46720512,89897088
73,242531360,46986624,91071520
74,245573200,47275904,92252288
75,248667440,47686720,93410656
76,251764160,47967104,94614976
77,254875120,48287104,95814656
78,257991040,48605440,97029248
79,261085040,48959552,98222080
80,264127200,49224576,99413184
81,267157600,49448064,100604128
82,270304160,49881792,101786112
83,273394560,50181504,102978240
84,276480080,50474368,104178176
