Backup ID, Online Delta_save, Offline Delta_save, Offline delta time, Offline dedelta time, Offline delete time, Offline Delta chunk num
0,351996969,477941843,99216,40578,172,58638
1,648225893,492482776,137476,76927,305,60549
2,975996367,495538990,157072,96428,397,60644
3,1280960552,501901223,216408,154935,568,61473
4,1604684689,509123840,275107,212719,739,62388
5,1942099536,508512494,343761,280947,931,62814
6,2280423773,518800093,435137,370851,1149,64286
7,2569837230,530031531,506446,441616,1372,64830
8,2884028393,536564820,583950,518569,1599,65381
9,3201337760,531384988,649749,583804,1852,65945
10,3513576843,549489751,771987,705522,2138,66465
11,3820425013,556409429,854780,787544,2423,67236
12,4150856760,557158265,981513,913628,2740,67885
13,4468719851,533933274,1098291,1029349,3087,68942
14,4781286660,562981596,1229096,1159417,3437,69679
15,5096641128,554466035,1343254,1273248,3757,70006
16,5399190533,571390900,1474557,1403558,4128,70999
17,5709441246,580470038,1608223,1536651,4515,71572
18,6021334426,587963978,1779324,1706966,4950,72358
19,6325498507,607122704,1922106,1848397,5392,73709
20,6639922391,599734440,2110101,2035427,5886,74674
21,6943638684,603049804,2228326,2152776,6289,75550
22,7259091338,614397547,2393404,2317222,6745,76182
23,7577240751,614981507,2461837,2385375,7096,76462
24,7894648368,625530036,2633787,2556801,7575,76986
25,8207864808,613129571,2806256,2728613,8047,77643
26,8513807534,627850698,2958528,2879720,8548,78808
27,8826459875,648531665,3125907,3046511,9053,79396
28,9142254103,656182394,3315040,3234826,9597,80214
29,9454730222,678471841,3509956,3429174,10132,80782
30,9771952594,672188918,3677070,3595622,10653,81448
31,10085758981,689917670,3887882,3805818,11241,82064
32,10398669575,687452050,4050898,3968270,11738,82628
33,10725925766,701818344,4418856,4333712,12590,85144
34,11057076581,701804047,4628249,4542171,13227,86078
35,11371942432,700489584,4911468,4824068,13998,87400
36,11683219027,679051444,5147927,5059289,14728,88638
37,11998560254,719522595,5405551,5315762,15460,89789
38,12314834037,742166223,5702764,5612191,16161,90573
39,12633866662,742073677,5934375,5843188,16822,91187
40,12951481762,750462710,6166846,6074555,17478,92291
41,13269873384,757636166,6378433,6285527,18103,92906
42,13585944933,779027774,6677673,6583565,18901,94108
43,13900021232,727987783,6902857,6808130,19541,94727
44,14214175082,790736910,7166236,7070872,20292,95364
45,14529871706,768978212,7359005,7263151,20850,95854
46,14849337845,771520634,7481124,7384864,21304,96260
47,15160734092,749403310,7786697,7689540,22106,97157
48,15479265213,772245005,8036567,7938893,22806,97674
49,15792626391,737839839,8399968,8301234,23708,98734
50,16106306069,805713768,8761393,8661660,24575,99733
51,16417308164,774382102,9149956,9049258,25426,100698
52,16725317176,806162777,9441877,9340328,26276,101549
53,17033331925,800912177,9720240,9618074,27007,102166
54,17346188390,817012218,10031104,9928030,27888,103074
55,17664023068,853497161,10261270,10157735,28619,103535
56,17985954756,843435092,10522451,10418087,29423,104364
57,18299198389,837607436,10772861,10668059,30129,104802
58,18616368918,844434467,11040880,10934977,31002,105903
59,18925284476,886318008,11328152,11221723,31834,106429
60,19241392574,843397261,11619515,11512400,32642,107115
61,19556878073,850053862,11806443,11698735,33360,107708
62,19871732088,844920106,12131610,12022992,34298,108618
63,20191154138,814373813,12420225,12311018,35108,109207
64,20507454361,868537011,12785446,12675440,36120,110006
65,20823741529,860540438,13044803,12934320,36823,110483
66,21138631923,916558925,13476817,13365611,37787,111206
67,21453472846,921050120,13721364,13609482,38588,111882
68,21770361789,918992553,13977176,13864763,39398,112413
69,22087194976,850854938,14329948,14216603,40363,113345
70,22405756372,901654901,14611378,14497650,41208,113728
71,22723138286,802061328,15116214,15001523,42232,114691
72,23036457570,923653079,15435780,15320352,43116,115428
73,23352988798,941433139,15828076,15712134,44127,115942
74,23669089140,841716316,16150372,16033834,45077,116538
75,23972319163,850739227,16324633,16207197,45959,117436
76,24286765091,910026535,16729147,16610425,47154,118722
77,24609920800,912129087,16805183,16686186,47688,118997
78,24931432856,878935713,17075662,16955752,48737,119910
79,25249972697,943670323,17377371,17256807,49709,120564
80,25572222328,912490852,17505162,17384298,50564,120864
81,25891892258,945624295,17813626,17692242,51594,121384
82,26200421487,922984894,18271777,18149250,52865,122527
83,26514552703,917389042,18626517,18502955,53899,123562
84,26837248923,886779477,18841701,18717701,54592,124000
