BackupID, OnlineSpeed(MB/s), Encalve ProcessTime(s), BackupSize, OnlineSize, OfflineSize, OfflineTime(s)
0, 102.796, 26.621, 2869463040, 663697330, 433082578, 140.465
1, 149.535, 18.3638, 2879416320, 512819985, 506065000, 32.1281
2, 148.171, 18.3919, 2857523200, 556328748, 553610437, 15.6911
3, 128.952, 21.4459, 2899824640, 633978759, 631304896, 43.8856
4, 127.496, 21.4897, 2872954880, 684492643, 681145040, 44.4648
5, 123.327, 22.47, 2905763840, 730169935, 732510082, 50.3601
6, 122.479, 22.6285, 2906142720, 787319734, 783669552, 67.1642
7, 124.568, 22.4935, 2938091520, 853418924, 844557349, 52.9715
8, 122.21, 22.7906, 2920529920, 892984370, 888895624, 56.1409
9, 122.666, 22.7019, 2920038400, 936433468, 943987293, 49.498
10, 116.863, 23.6503, 2898094080, 987059396, 970989507, 85.6037
11, 127.739, 21.6222, 2896158720, 1017620826, 1014003642, 60.354
12, 115.554, 24.275, 2941347840, 1061541550, 1063660999, 90.0435
13, 115.846, 24.0457, 2920919040, 1110377802, 1138140903, 85.7195
14, 115.057, 24.3868, 2942167040, 1181773417, 1155878306, 94.1407
15, 117.545, 23.8272, 2936832000, 1193950560, 1203854378, 82.2813
16, 116.948, 24.2903, 2978682880, 1257465708, 1245044204, 92.9856
17, 121.335, 23.5763, 2999603200, 1294682296, 1288113582, 95.1781
18, 115.219, 24.8488, 3002122240, 1332235090, 1328069936, 120.978
19, 115.076, 24.7153, 2982307840, 1379944555, 1366813515, 103.525
20, 106.16, 26.3444, 2932582400, 1408699451, 1420316595, 133.6
21, 115.143, 23.9422, 2890680320, 1468958575, 1469696039, 88.1786
22, 106.497, 25.6336, 2862520320, 1509496279, 1501045205, 117.467
23, 108.305, 25.1125, 2851921920, 1539204646, 1539878642, 52.2066
24, 109.48, 24.9736, 2866923520, 1576488195, 1568124138, 123.584
25, 110.715, 24.7661, 2875156480, 1605363944, 1620556489, 124.352
26, 114.14, 23.9454, 2865899520, 1665397321, 1656169842, 111.711
27, 109.281, 24.9996, 2864680960, 1693947354, 1675964474, 118.941
28, 111.099, 24.6524, 2871889920, 1714547775, 1710560317, 133.856
29, 109.038, 25.1555, 2876139520, 1749578506, 1729791121, 139.452
30, 113.752, 24.2356, 2890772480, 1768326663, 1777548668, 122.325
31, 109.522, 24.8446, 2853201920, 1812514059, 1797435843, 150.159
32, 107.939, 24.8981, 2818017280, 1831162116, 1836248883, 117.501
33, 102.315, 26.7234, 2867015680, 1886834679, 1882752461, 249.736
34, 116.942, 23.4994, 2881556480, 1926086109, 1930376805, 153.734
35, 110.303, 25.0234, 2894223360, 1981262498, 1988179791, 201.527
36, 112.645, 24.4386, 2886604800, 2038862138, 2065690653, 170.214
37, 106.689, 26.0092, 2909696000, 2111149450, 2075769902, 185.861
38, 107.144, 25.692, 2886451200, 2115893911, 2096635387, 206.769
39, 108.436, 25.3893, 2886840320, 2134452011, 2137231245, 167.967
40, 108.86, 25.483, 2908835840, 2178692258, 2175231290, 167.357
41, 105.085, 26.1924, 2886123520, 2214216117, 2209896861, 153.059
42, 105.133, 26.1722, 2885232640, 2251337583, 2235364666, 214.79
43, 109.035, 25.2635, 2888427520, 2275753269, 2329562096, 161.842
44, 104.766, 26.1459, 2872268800, 2368970293, 2308916567, 189.465
45, 107.305, 25.694, 2891018240, 2345477772, 2369322605, 140.707
46, 106.532, 26.0627, 2911375360, 2404453419, 2403708133, 89.9757
47, 102.263, 27.1506, 2911365120, 2444246917, 2470158105, 217.554
48, 99.9203, 27.8291, 2915768320, 2509295896, 2488552769, 179.632
49, 102.296, 26.9536, 2891182080, 2529121976, 2567895907, 257.579
50, 103.319, 26.8982, 2914078720, 2611032017, 2547523780, 259.502
51, 108.63, 25.1274, 2862192640, 2587164704, 2622521002, 274.047
52, 101.54, 26.9081, 2864977920, 2662696867, 2634487267, 210.109
53, 107.982, 25.4812, 2885160960, 2671691595, 2679463649, 202.059
54, 103.439, 26.6898, 2894878720, 2718656450, 2706417156, 223.681
55, 103.151, 26.7305, 2891223040, 2746118856, 2711607388, 168.739
56, 100.069, 27.7022, 2906798080, 2751485946, 2765204856, 188.707
57, 99.7354, 27.6531, 2891960320, 2802866276, 2810630120, 178.875
58, 100.492, 27.4918, 2896896000, 2851185372, 2849331117, 191.114
59, 102.026, 27.1035, 2899589120, 2886061338, 2846469819, 205.12
60, 99.6188, 27.7686, 2900643840, 2880317587, 2926391776, 208.138
61, 104.234, 26.542, 2900971520, 2964030700, 2960159990, 137.535
62, 100.538, 27.6646, 2916444160, 3001203724, 3010063529, 231.327
63, 101.127, 27.2378, 2888284160, 3047599520, 3080578819, 209.421
64, 98.0247, 28.1899, 2897541120, 3119212149, 3068444735, 262.093
65, 101.787, 26.852, 2865950720, 3104669627, 3114507029, 187.558
66, 99.7909, 27.6094, 2889000960, 3149211426, 3096519364, 305.384
67, 102.358, 26.9431, 2891796480, 3130686708, 3129360099, 178.441
68, 100.621, 27.3561, 2886307840, 3166019864, 3170308447, 181.896
69, 98.6305, 28.0668, 2902712320, 3208119561, 3280409495, 252.902
70, 98.5671, 28.2371, 2918451200, 3317266575, 3268171641, 204.275
71, 95.4717, 29.3714, 2940354560, 3307198052, 3411003193, 360.134
72, 98.7467, 28.2101, 2920970240, 3451766240, 3333607699, 230.145
73, 100.29, 27.6806, 2910924800, 3367662994, 3352140500, 282.396
74, 99.7198, 28.1822, 2946836480, 3387867270, 3490174256, 233.93
75, 101.98, 27.6803, 2959964160, 3537268678, 3532511828, 130.02
76, 96.0809, 29.3568, 2957639680, 3573167579, 3519308889, 285.455
77, 102.508, 27.616, 2968371200, 3555652428, 3554807829, 58.5397
78, 100.85, 27.9468, 2955345920, 3592363767, 3629737864, 197.075
79, 99.1304, 28.5851, 2971299840, 3666938760, 3605265666, 219.795
80, 101.695, 27.5156, 2934128640, 3638062747, 3670817948, 95.0835
81, 99.319, 28.2557, 2942648320, 3704754677, 3673962732, 220.806
82, 98.9391, 28.5079, 2957557760, 3721083353, 3748651462, 322.359
83, 97.1652, 29.0853, 2963363840, 3789151561, 3799360116, 251.967
84, 99.242, 28.4695, 2962616320, 3834716795, 3867328311, 158.956
