Backup ID, Ecall, Inline_Ocall, Offline_Ocall, _Inline_FPOcall, _Inline_SFOcall, _Inline_LocalOcall, _Inline_LoadOcall, _Inline_DeltaOcall, _Inline_RecipeOcall, _Inline_Write_ContainerOcall, _inline_have_similar_chunk_num, _inline_need_load_container_num
0,2734,17318,554237,2732,2732,1364,8781,1368,341,172,110287,34895,
1,5478,34847,866401,5474,5474,1426,17742,4048,683,195,146002,53038,
2,8200,51437,1112993,8194,8194,1431,25833,6763,1022,210,182711,70614,
3,10955,70322,1561285,10947,10947,1462,36115,9485,1366,233,216595,89125,
4,13683,89219,2026304,13673,13673,1489,46494,12184,1706,249,253238,108087,
5,16440,109025,2560208,16428,16428,1507,57691,14921,2050,264,290821,127940,
6,19195,128986,3198881,19181,19181,1548,69049,17633,2394,281,329492,148268,
7,21990,150611,3784177,21974,21974,1564,81946,20410,2743,302,363931,167201,
8,24768,170653,4408279,24750,24750,1583,93314,23167,3089,317,400331,186717,
9,27545,190605,5022556,27525,27525,1600,104595,25925,3435,332,437199,206171,
10,30302,211452,5869846,30280,30280,1626,116833,28654,3779,346,473410,226505,
11,33058,231412,6596350,33034,33034,1651,128187,31383,4123,361,509797,246026,
12,35858,252746,7516625,35832,35832,1672,140778,34160,4472,376,548364,266611,
13,38635,273862,8439164,38607,38607,1702,153223,36905,4818,391,585794,287248,
14,41431,295460,9418955,41401,41401,1732,166090,39669,5167,405,622501,308199,
15,44221,316584,10315630,44189,44189,1746,178502,42443,5515,418,658895,328546,
16,47053,339435,11327649,47019,47019,1780,192510,45239,5868,435,695868,349480,
17,49904,361618,12385762,49868,49868,1800,205790,48068,6224,451,733321,370018,
18,52757,384500,13608999,52718,52718,1837,219765,50882,6580,465,770690,391477,
19,55586,407362,14729484,55545,55545,1881,233793,53665,6933,481,808097,412661,
20,58370,431007,16085155,58327,58327,1920,248745,56408,7280,494,845012,434671,
21,61116,453194,17112483,61071,61071,1944,262358,59128,7622,509,881387,454937,
22,63835,475691,18370157,63787,63787,1969,276367,61820,7961,523,917990,476024,
23,66542,498053,19171566,66492,66492,1978,290276,64516,8299,536,954458,496611,
24,69261,520145,20497680,69209,69209,2001,303878,67210,8638,549,990815,517086,
25,71988,542296,21834684,71934,71934,2024,317514,69912,8978,561,1027131,537826,
26,74705,564226,23136485,74649,74649,2059,330960,72592,9317,575,1063709,558478,
27,77420,586505,24491038,77362,77362,2079,344761,75285,9656,587,1099800,579108,
28,80139,608265,25980170,80079,80079,2105,358031,77976,9995,599,1136325,599554,
29,82863,630841,27503939,82801,82801,2125,372101,80678,10335,612,1172776,620335,
30,85599,652472,28917065,85535,85535,2146,385189,83391,10676,625,1209540,640392,
31,88300,674839,30550920,88234,88234,2169,399122,86067,11013,637,1245573,661110,
32,90971,696784,31936341,90903,90903,2186,412727,88719,11346,649,1281292,681549,
33,93684,720063,34316394,93614,93614,2302,427535,91314,11684,664,1320764,704082,
34,96409,740982,36022820,96337,96337,2333,439945,94006,12024,679,1359379,723888,
35,99146,763872,38106258,99072,99072,2389,454289,96685,12365,694,1397174,745103,
36,101876,786411,39989748,101800,101800,2438,468304,99364,12705,710,1434734,766175,
37,104624,810286,41965477,104546,104546,2480,483598,102068,13048,724,1472275,788192,
38,107351,833402,44038961,107271,107271,2513,498199,104760,13388,737,1509071,809631,
39,110078,856111,45847367,109996,109996,2535,512393,107463,13728,750,1545680,830502,
40,112825,878748,47623949,112741,112741,2569,526452,110174,14071,763,1582904,851858,
41,115552,902141,49308141,115466,115466,2593,541330,112875,14411,776,1619694,873218,
42,118278,925404,51485580,118190,118190,2632,556081,115560,14751,789,1656782,894668,
43,121006,948089,53238345,120916,120916,2655,570248,118263,15091,802,1693215,915324,
44,123721,971294,55263009,123629,123629,2680,584975,120951,15430,815,1729663,936241,
45,126451,994554,56789997,126357,126357,2694,599711,123665,15770,827,1766177,957059,
46,129197,1017822,57929460,129101,129101,2705,614405,126398,16112,839,1802775,977951,
47,131944,1042141,60167758,131846,131846,2736,630146,129112,16455,852,1839263,999828,
48,134697,1066830,62132959,134597,134597,2756,646239,131843,16798,865,1876279,1021617,
49,137429,1090981,64712256,137327,137327,2804,661859,134525,17139,878,1912988,1043571,
50,140181,1115102,67261708,140077,140077,2835,677387,137244,17482,892,1950036,1065392,
51,142883,1137977,69895969,142777,142777,2868,691825,139911,17819,905,1986221,1086017,
52,145587,1162332,72151629,145479,145479,2900,707737,142581,18156,918,2022383,1107571,
53,148308,1185714,74254812,148198,148198,2920,722623,145280,18495,931,2058203,1128257,
54,151038,1209543,76615851,150926,150926,2954,737928,147974,18835,944,2094716,1149746,
55,153765,1233104,78578608,153651,153651,2970,752974,150683,19175,957,2131441,1170888,
56,156504,1257248,80684445,156388,156388,3000,768565,153390,19517,970,2168827,1192521,
57,159230,1282079,82670336,159112,159112,3019,784884,156095,19857,982,2205232,1214416,
58,161958,1306617,84907629,161838,161838,3049,800904,158791,20197,995,2242351,1236294,
59,164688,1331359,87171880,164566,164566,3071,817122,161497,20537,1008,2278228,1257827,
60,167419,1355773,89420645,167295,167295,3095,833008,164202,20878,1020,2314574,1279400,
61,170150,1379403,91206758,170024,170024,3112,848110,166914,21219,1032,2351173,1300245,
62,172897,1404266,93716934,172769,172769,3147,864395,169624,21562,1045,2388188,1322318,
63,175619,1428393,95983787,175489,175489,3167,880023,172324,21901,1057,2425060,1343664,
64,178350,1453189,98727295,178218,178218,3200,896291,175020,22242,1069,2461886,1365887,
65,181053,1476983,100723716,180919,180919,3218,911645,177703,22579,1081,2498305,1386947,
66,183775,1501210,103708610,183639,183639,3241,927373,180400,22918,1093,2534597,1408349,
67,186500,1524992,105803157,186362,186362,3262,942646,183102,23258,1105,2570879,1429416,
68,189219,1549175,107952311,189079,189079,3281,958339,185800,23597,1117,2607430,1450872,
69,191951,1574025,110662662,191809,191809,3313,974658,188498,23938,1130,2644257,1472932,
70,194696,1598927,112962230,194552,194552,3327,990989,191227,24280,1142,2681123,1494581,
71,197460,1624611,116281934,197314,197314,3364,1008042,193952,24625,1155,2718263,1517186,
72,200207,1649916,118756246,200059,200059,3388,1024769,196673,24968,1169,2755091,1539305,
73,202945,1674637,121678007,202795,202795,3407,1040941,199390,25309,1181,2791407,1561040,
74,205712,1699872,124303217,205560,205560,3427,1057536,202135,25654,1193,2827959,1583129,
75,208489,1725555,126277409,208335,208335,3451,1074548,204886,26000,1207,2864653,1605099,
76,211264,1751761,129399665,211108,211108,3499,1092089,207611,26346,1220,2901859,1628229,
77,214048,1776693,130559529,213890,213890,3508,1108328,210384,26693,1232,2939190,1649750,
78,216821,1801730,133143128,216661,216661,3533,1124706,213130,27039,1244,2976474,1671795,
79,219606,1827134,135702928,219444,219444,3552,1141414,215894,27386,1256,3013389,1693781,
80,222360,1851655,137473390,222196,222196,3561,1157336,218637,27729,1267,3050057,1715317,
81,225121,1876898,140158832,224955,224955,3582,1173958,221375,28073,1278,3086782,1737390,
82,227896,1902771,143658057,227728,227728,3629,1191166,224101,28419,1293,3123903,1759878,
83,230677,1928981,146493147,230507,230507,3664,1208692,226845,28766,1306,3161054,1782798,
84,233458,1954169,148403906,233286,233286,3678,1225196,229610,29113,1318,3198152,1804715,
