Backup ID, Logical chunk num, Unique chunk num, Base chunk num, Delta chunk num, Logical chunk size, Unique chunk size, Base chunk size, Delta chunk size, LZ4_save size, Delta_save size, 
0,24641,24495,24461,34,208250880,207122891,100522795,132661,106250527,216908
1,49838,39626,31436,8190,420976640,343883169,130445276,1751231,137248341,74438321
2,75769,54678,37900,16778,640409600,480951594,157626376,3703145,166447255,153174818
3,102154,69374,45599,23775,864501760,615776387,191058266,5492286,201616260,217609575
4,128934,85204,60241,24963,1092659200,760639837,256190477,5757912,270026354,228665094
5,156457,101934,75570,26364,1326612480,913110906,324003544,6062370,340881700,242163292
6,184290,118788,89828,28960,1563217920,1067086366,387399445,6566411,406836080,266284430
7,212510,136407,105959,30448,1803356160,1227283855,459076813,6911146,481250850,280045046
8,241451,155151,123031,32120,2049822720,1397466120,535232822,7267120,559067448,295898730
9,270745,172102,137794,34308,2300139520,1554665685,601436111,7659497,628444173,317125904
10,300593,189672,153689,35983,2554542080,1715971804,671827736,7953970,703238570,332951528
11,331389,208165,171133,37032,2817464320,1885698253,749193354,8123561,785050782,343330556
12,362473,226816,187926,38890,3082168320,2056620195,823771447,8476450,863516266,360856032
13,394467,248136,208060,40076,3355002880,2249505687,913039511,8713440,956200376,371552360
14,427730,269719,228123,41596,3639654400,2446105951,1001957076,9080256,1049125830,385942789
15,461573,291289,248004,43285,3929231360,2642868685,1089937643,9500689,1141741692,401688661
16,495907,313484,268231,45253,4223057920,2845343213,1179517985,10032254,1235444535,420348439
17,533891,338250,291391,46859,4533319680,3055374134,1273940000,10404804,1336213820,434815510
18,573226,363914,316024,47890,4869498880,3288730076,1382244745,10648505,1451577972,444258854
19,614460,390057,339822,50235,5222645760,3527677934,1487125448,11149558,1563151575,466251353
20,657190,416136,362958,53178,5588357120,3767058441,1589291186,11890828,1672104682,493771745
21,701984,444128,388818,55310,5970749440,4022803683,1702579367,12437589,1794115983,513670744
22,748244,472329,413989,58340,6365849600,4281805935,1813225155,13034049,1913761801,541784930
23,795533,500237,440187,60050,6770524160,4539452538,1929329079,13389867,2038662390,558071202
24,843831,528928,466223,62705,7183421440,4803542209,2043671010,13920347,2162231278,583719574
25,892453,557325,492468,64857,7597076480,5064122709,2158876085,14319084,2286277493,604650047
26,943081,588339,521836,66503,8028426240,5347599334,2286934677,14613147,2425972358,620079152
27,994732,617593,547543,70050,8468920320,5618093235,2400161822,15193721,2549805814,652931878
28,1047519,648825,576866,71959,8918517760,5905656166,2529579339,15521125,2689786158,670769544
29,1100481,678191,603034,75157,9369497600,6177498332,2645144600,16369182,2814840981,701143569
30,1161683,730293,654764,75529,9891061760,6631310292,2858756225,16568900,3051691082,704294085
31,1224165,764459,674457,90002,10425190400,6949135668,2943651090,19155168,3145513805,840815605
32,1287906,799067,695985,103082,10969159680,7270247371,3036299068,21659501,3247703293,964585509
33,1352398,833924,722780,111144,11518976000,7592912324,3153281875,23108022,3377007714,1039514713
34,1418053,869731,754212,115519,12079032320,7925229976,3290723393,23785198,3529539650,1081181735
35,1485051,906885,787313,119572,12650547200,8269312100,3435341021,24423631,3690425820,1119121628
36,1552883,943650,820186,123464,13229209600,8610980264,3579529642,24999897,3850145587,1156305138
37,1620506,980487,853644,126843,13805813760,8953041890,3726283201,25502275,4012880663,1188375751
38,1688546,1017268,886024,131244,14386237440,9294603528,3868249113,26083737,4169764787,1230505891
39,1757006,1054333,919833,134500,14970695680,9640069539,4016865822,26547964,4334442234,1262213519
40,1810412,1083547,948857,134690,15425167360,9911406345,4145628522,26589913,4475330712,1263857198
41,1864540,1113534,978193,135341,15886080000,10189212551,4275456308,26673532,4617049006,1270033705
42,1919273,1143338,1006999,136339,16352163840,10465661096,4403086348,26802934,4756464170,1279307644
43,1974837,1173737,1036313,137424,16824729600,10747386683,4532941065,26934708,4897684559,1289826351
44,2031182,1204027,1065907,138120,17304453120,11028976023,4663888005,27006874,5041240540,1296840604
45,2088613,1233728,1094238,139490,17793658880,11306693526,4789852230,27192258,5179831781,1309817257
46,2147190,1264387,1123937,140450,18292684800,11593204633,4921344031,27319893,5325672267,1318868442
47,2206496,1294554,1153326,141228,18798346240,11876362472,5052252573,27416534,5470283029,1326410336
48,2266715,1323504,1181098,142406,19312179200,12150398334,5176553411,27550975,5608377184,1337916764
49,2335940,1359838,1216621,143217,19902177280,12489094108,5333290807,27752784,5782828324,1345222193
50,2419066,1426420,1282900,143520,20615280640,13077690238,5603132614,27896423,6098791301,1347869900
51,2503193,1471068,1313107,157961,21337559040,13492750308,5732941455,30360757,6244943839,1484504257
52,2593570,1520912,1352145,168767,22117294080,13956496725,5890110816,32363414,6447729118,1586293377
53,2687808,1568890,1390965,177925,22935326720,14407514754,6053425139,34123727,6645524675,1674441213
54,2782874,1615142,1432209,182933,23760384000,14838437071,6232095480,34948214,6848687383,1722705994
55,2878878,1662942,1476306,186636,24594739200,15284296250,6424162502,35480608,7065975056,1758678084
56,2975128,1710128,1519411,190717,25430681600,15725714597,6610682787,36127398,7280981167,1797923245
57,3070965,1757037,1562151,194886,26264494080,16164609531,6795365158,36713735,7493374257,1839156381
58,3166442,1803100,1604812,198288,27094425600,16595252208,6981705402,37142384,7704272919,1872131503
59,3262959,1849992,1648002,201990,27933890560,17033027647,7169676716,37647330,7916954100,1908749501
60,3332759,1886832,1684644,202188,28529817600,17377600787,7331923686,37696631,8097291437,1910689033
61,3430872,1934164,1730093,204071,29384591360,17821510252,7529493464,38060651,8325274057,1928682080
62,3504712,1972423,1767485,204938,30015549440,18178220181,7694027094,38231490,8508761002,1937200595
63,3579605,2009807,1802962,206845,30656389120,18529206646,7850751566,38447429,8684442172,1955565479
64,3655420,2047926,1839579,208347,31304744960,18886528805,8012527686,38626665,8864979526,1970394928
65,3732183,2085663,1875685,209978,31962798080,19242462056,8172519399,38808694,9044608608,1986525355
66,3809922,2124329,1913014,211315,32629002240,19606090117,8337938280,38947816,9229415346,1999788675
67,3888789,2162403,1949330,213073,33305978880,19966345083,8499314152,39113851,9410801572,2017115508
68,3968924,2200450,1985599,214851,33992949760,20325995601,8660666647,39282943,9592220410,2033825601
69,4050053,2237353,2021109,216244,34688532480,20677381896,8818879524,39421317,9771166330,2047914725
70,4149217,2284535,2067606,216929,35551836160,21119663880,9020727102,39607795,10004576758,2054752225
71,4265450,2371143,2153522,217621,36571084800,21893659608,9357170552,40624680,10434942036,2060922340
72,4386386,2425654,2188206,237448,37635307520,22408755401,9498332189,44379639,10615814049,2250229524
73,4508081,2477154,2223334,253820,38705633280,22895215145,9647847560,47244735,10792580344,2407542506
74,4632072,2531806,2268479,263327,39797422080,23410168790,9839214744,48939375,11022802393,2499212278
75,4732223,2578458,2314580,263878,40669081600,23848856535,10040819241,49042499,11254505518,2504489277
76,4832181,2625447,2360330,265117,41540311040,24291221580,10239514202,49281499,11485650227,2516775652
77,4936619,2671964,2404248,267716,42453647360,24729783746,10430253603,49620048,11708148174,2541761921
78,5043629,2718584,2448790,269794,43391784960,25170334985,10623639951,49866475,11934631935,2562196624
79,5152164,2765822,2493529,272293,44339476480,25614745161,10816644526,50191230,12161769901,2586139504
80,5261707,2811976,2537018,274958,45297090560,26053001409,11005642556,50480980,12384477878,2612399995
81,5372102,2858319,2580907,277412,46262865920,26494109032,11197277103,50736516,12609292811,2636802602
82,5484739,2905801,2626159,279642,47246745600,26944336428,11393870301,51003431,12840225916,2659236780
83,5615274,2974727,2694855,279872,48257761280,27443678836,11623869836,51146589,13107308728,2661353683
84,5746948,3029093,2719472,309621,49277388800,27828197717,11700600841,57670034,13197458210,2872468632
85,5878524,3079049,2730694,348355,50296289280,28176859675,11732514333,64223337,13237488286,3142633719
86,6010103,3128955,2750757,378198,51315240960,28525163481,11794019340,68828320,13311734449,3350581372
87,6141701,3178812,2787592,391220,52334305280,28872958077,11908779956,70499198,13448349464,3445329459
88,6273302,3228688,2824314,404374,53353441280,29220978790,12023660836,71644749,13584773217,3540899988
89,6404919,3278502,2867577,410925,54372648960,29568467799,12160427722,72244211,13745944024,3589851842
90,6536540,3328324,2911241,417083,55391866880,29916062621,12298528558,72719491,13908653825,3636160747
91,6668160,3378140,2954277,423863,56411105280,30263561394,12434279140,73959770,14069787758,3685534726
92,6804565,3431960,3005246,426714,57475010560,30644138614,12599724613,74398527,14263120756,3706894718
93,6940979,3482283,3048635,433648,58538915840,30995265413,12736195629,74941993,14425676886,3758450905
94,7077386,3532627,3092011,440616,59602872320,31346808615,12872973547,75444845,14587811633,3810578590
95,7213812,3582970,3137200,445770,60666920960,31698289312,13015973754,75814463,14757316072,3849185023
96,7350241,3633269,3182636,450633,61731000320,32049460760,13160128881,76147250,14927562067,3885622562
97,7486674,3683528,3228026,455502,62795130880,32400320490,13303915111,76497177,15097760191,3922148011
98,7623116,3733785,3273681,460104,63859322880,32751090403,13448392210,76815622,15268989174,3956893397
99,7759591,3784184,3320539,463645,64923535360,33102591715,13596666866,77452748,15444945840,3983526261
100,7896734,3837918,3372987,464931,65993605120,33482551991,13767397967,77676611,15643722128,3993755285
101,8033918,3888530,3417472,471058,67063715840,33836062449,13907493284,78712660,15810923328,4038933177
102,8171098,3939120,3464533,474587,68133888000,34189542680,14056984022,79129518,15987652046,4065777094
103,8308293,3989691,3511107,478584,69204070400,34542631238,14204543755,79474878,16162776916,4095835689
104,8445492,4040213,3558166,482047,70274324480,34895496730,14353663067,79759151,16339823749,4122250763
105,8582680,4090615,3604032,486583,71344588800,35247383444,14499200626,80082886,16512205925,4155894007
106,8719869,4141100,3650887,490213,72414894080,35599950429,14648048481,80347315,16688084061,4183470572
107,8857075,4191540,3697251,494289,73485209600,35952016244,14795251682,80636579,16862157192,4213970791
108,8994276,4241970,3743874,498096,74555525120,36304049595,14942697048,81279786,17037645541,4242427220
109,9133868,4296766,3797435,499331,75646996480,36692624072,15116924833,81458376,17242050550,4252190313
110,9273476,4347897,3844191,503706,76738498560,37049737902,15264490104,81796701,17417596654,4285854443
111,9413087,4398892,3890651,508241,77830031360,37405820556,15411254838,82137265,17592384149,4320044304
112,9552710,4449914,3935307,514607,78921687040,37762308541,15551920772,82551796,17760219322,4367616651
113,9692345,4500877,3982489,518388,80013373440,38118104505,15701321785,82814040,17937927902,4396040778
114,9831983,4551835,4027822,524013,81105090560,38473884103,15844468556,83202601,18107388394,4438824552
115,9971637,4602922,4077146,525776,82196858880,38830540205,16001342859,83330403,18293475913,4452391030
116,10111284,4653852,4124459,529393,83288637440,39186071420,16150952697,83965448,18471440237,4479713038
117,10254480,4719071,4188971,530100,84415191040,39665633935,16364981854,84181876,18730848497,4485621708
118,10397681,4770973,4236062,534911,85541744640,40028724542,16514307776,84547487,18908085477,4521783802
119,10540871,4822680,4284018,538662,86668339200,40390617824,16666477621,84823253,19088905823,4550411127
120,10684073,4874361,4332338,542023,87794995200,40752012280,16819783736,85066961,19271171259,4575990324
121,10827281,4926037,4380330,545707,88921692160,41113288654,16972097582,85319784,19451909234,4603962054
122,10970483,4977636,4426326,551310,90048409600,41473895648,17117241675,85645920,19624306406,4646701647
123,11113686,5029199,4474713,554486,91175137280,41834152531,17270574558,85867457,19806365630,4671344886
124,11256922,5081046,4522796,558250,92301875200,42196440001,17422900746,86513494,19987570977,4699454784
125,11401515,5143663,4584851,558812,93438638080,42646913920,17628919879,86588415,20227320746,4704084880
126,11546098,5195868,4633325,562543,94575441920,43011697796,17782556591,86869597,20409857323,4732414285
127,11690685,5248179,4681987,566192,95712296960,43377614779,17937182971,87137697,20593207091,4760087020
128,11835284,5300501,4730844,569657,96849203200,43743443888,18092643034,87373662,20776945373,4786481819
129,11979903,5352677,4780070,572607,97986140160,44107982046,18248799882,87575482,20962425392,4809181290
130,12124509,5404840,4828669,576171,99123118080,44472661525,18402932813,87806739,21145568240,4836353733
131,12269135,5456984,4875830,581154,100260126720,44837198007,18552519054,88117013,21322647793,4873914147
132,12413757,5509206,4924644,584562,101397145600,45202159037,18707278882,88711435,21506960743,4899207977
133,12560306,5573743,4988504,585239,102548971520,45669972107,18920062660,88838040,21756287121,4904784286
134,12706853,5626534,5038554,587980,103700848640,46039405097,19078944974,89051547,21945510355,4925898221
135,12853388,5679316,5087324,591992,104852684800,46408795222,19233720136,89333526,22129507777,4956233783
136,12999928,5732016,5136048,595968,106004572160,46777402158,19388192384,89601926,22313690421,4985917427
137,13146491,5784871,5185834,599037,107156520960,47147233419,19546316245,89804531,22501617006,5009495637
138,13293046,5837477,5235220,602257,108308500480,47515049838,19703167051,90017659,22688145306,5033719822
139,13439601,5890056,5284579,605477,109460500480,47882533659,19859756824,90242035,22874391733,5058143067
140,13586157,5942529,5331001,611528,110612520960,48249044660,20006454108,90564269,23048889010,5103137273
141,13732717,5995056,5380624,614432,111764551680,48616124200,20163625104,91071845,23236627591,5124799660
142,13880344,6058499,5443100,615399,112924149760,49073860100,20371728311,91201027,23478441691,5132489071
143,14027988,6111925,5493288,618637,114083829760,49447891995,20530832772,91435964,23668234760,5157388499
144,14175645,6165186,5543429,621757,115243581440,49820445302,20690051925,91662842,23857561323,5181169212
145,14323303,6218305,5593248,625057,116403353600,50191733991,20848062130,91887183,24045016530,5206768148
146,14470960,6271425,5643010,628415,117563146240,50563113252,21006138593,92115423,24232400956,5232458280
147,14618628,6324581,5692986,631595,118722969600,50934898919,21164628504,92328945,24421341475,5256599995
148,14766300,6377676,5742976,634700,119882823680,51306102127,21323350977,92536312,24609884526,5280330312
149,14913989,6430735,5793297,637438,121042739200,51676783287,21482927732,92725456,24799891434,5301238665
150,15061697,6483725,5844392,639333,122202654720,52046653921,21644672822,93053123,24993217781,5315710195
151,15215081,6551594,5911080,640514,123417743360,52542126172,21862961993,93761270,25260285199,5325117710
152,15368526,6606120,5962139,643981,124632862720,52923284157,22025176030,94032769,25452315571,5351759787
153,15521904,6659947,6012906,647041,125848002560,53299309398,22186223911,94252082,25643893132,5374940273
154,15675282,6713636,6061737,651899,127063162880,53674073370,22340446850,94577854,25827002006,5412046660
155,15828675,6767498,6112291,655207,128278353920,54050239508,22500588112,94798862,26017653305,5437199229
156,15982054,6821147,6163007,658140,129493575680,54424765409,22661477413,94994113,26208488894,5459804989
157,16135440,6874760,6213801,660959,130708828160,54798978754,22822422186,95183569,26400087009,5481285990
158,16288844,6928446,6264155,664291,131924111360,55173626794,22981376929,95752251,26589869478,5506628136
159,16447881,6997829,6332696,665133,133193082880,55683897240,23204288594,96154017,26869098580,5514356049
160,16606926,7052409,6383672,668737,134462105600,56065143765,23365965362,96431432,27061085136,5541661835
161,16765974,7106802,6433943,672859,135731159040,56444802879,23524574197,96733203,27250526854,5572968625
162,16925032,7161385,6485037,676348,137000273920,56826044878,23686233461,96980472,27443158310,5599672635
163,17084103,7215812,6536192,679620,138269419520,57205869603,23848007742,97211689,27635918315,5624731857
164,17243196,7270287,6587355,682932,139538606080,57586041595,24009478496,97442473,27829093715,5650026911
165,17402274,7324836,6636441,688395,140807864320,57967173406,24164383390,97760311,28013949772,5691079933
166,17561357,7379256,6688025,691231,142077163520,58347083586,24327606820,97947759,28208591649,5712937358
167,17720447,7433609,6739751,693858,143346462720,58726475359,24491130825,98406033,28403899055,5733039446
168,17886817,7504752,6810010,694742,144686612480,59254482293,24718297665,98742915,28697224471,5740217242
169,18053209,7560224,6862036,698188,146026874880,59642371034,24882944630,99047422,28894026212,5766352770
170,18219602,7615541,6912715,702826,147367178240,60028979932,25043102145,99413968,29085318357,5801145462
171,18386010,7670761,6964353,706408,148707522560,60414563771,25206143909,99680206,29280509139,5828230517
172,18552417,7725971,7014483,711488,150047897600,60800172108,25364346217,100030541,29469117482,5866677868
173,18718807,7781013,7065151,715862,151388272640,61184458625,25523966023,100331184,29660736775,5899424643
174,18885225,7836302,7117396,718906,152728668160,61570577496,25689239983,100557369,29858340982,5922439162
175,19051640,7891501,7168488,723013,154069084160,61956043340,25850086073,101286529,30051747779,5952922959
176,19220179,7958927,7234715,724212,155427061760,62443904441,26068554465,101514310,30311310499,5962525167
177,19388737,8014877,7284670,730207,156785070080,62834909536,26226057999,102008878,30499574085,6007268574
178,19557303,8070715,7337467,733248,158143150080,63225012328,26392920213,102248450,30699393350,6030450315
179,19725862,8126473,7389597,736876,159501301760,63614575920,26557358484,102510274,30896469375,6058237787
180,19894446,8182287,7442520,739767,160859504640,64004795765,26724779521,102714467,31096924489,6080377288
181,20063015,8238008,7493551,744457,162217748480,64394128344,26885375176,103032401,31289666748,6116054019
182,20231579,8293687,7546117,747570,163576023040,64783161592,27051674276,103248168,31488333645,6139905503
183,20400159,8349256,7595998,753258,164934318080,65171073852,27208170392,103581149,31676330307,6182992004
184,20568769,8405097,7650219,754878,166292643840,65560730580,27379393764,103858260,31881890539,6195588017
185,20738884,8474319,7718782,755537,167663482880,66060826530,27603518722,103964802,32152266307,6201076699
186,20909007,8530654,7769685,760969,169034342400,66453771629,27762963270,104429475,32343992867,6242386017
187,21079149,8586848,7822906,763942,170405335040,66846099255,27931166628,104674214,32545384095,6264874318
188,21249296,8643194,7875783,767411,171776348160,67239456128,28098095412,104942975,32744825600,6291592141
189,21419516,8699712,7928018,771694,173147402240,67633595012,28262703501,105270100,32941926596,6323694815
190,21589668,8755882,7981041,774841,174518487040,68025605366,28430044738,105503111,33142206626,6347850891
191,21759830,8812170,8033706,778464,175889612800,68418780233,28596037985,105749855,33341619599,6375372794
192,21930000,8868495,8086180,782315,177260769280,68811767293,28761501051,106007170,33539673985,6404585087
193,22100177,8924695,8139734,784961,178631946240,69203938386,28930318760,106465765,33742602184,6424551677
194,22271074,8992244,8206609,785635,180008775680,69690705773,29150809744,106565835,34003320840,6430009354
195,22441790,9048642,8259453,789189,181384151040,70084352759,29317240367,106861736,34203398434,6456852222
196,22612511,9105227,8311663,793564,182759546880,70479646678,29481676044,107181234,34400427122,6490362278
197,22783370,9163082,8367331,795751,184135034880,70884113696,29657176807,107345895,34612532336,6507058658
198,22954098,9219404,8418882,800522,185510543360,71277231023,29819125791,107668779,34807482483,6542953970
199,23124824,9275749,8472318,803431,186886082560,71670617640,29987601856,107878732,35010004089,6565132963
200,23295551,9332065,8525320,806745,188261662720,72063721272,30154551011,108107933,35210463390,6590598938
201,23466280,9388353,8578282,810071,189637253120,72456450053,30321100191,108684333,35411134893,6615530636
202,23639562,9457474,8646581,810893,191035084800,72958078126,30544263518,108864020,35682536641,6622413947
203,23812842,9514409,8699537,814872,192432936960,73355640238,30710990995,109184547,35883049388,6652415308
204,23986132,9571470,8753016,818454,193830850560,73754512241,30879636532,109476294,36085554520,6679844895
205,24159416,9628351,8806356,821995,195228815360,74151741452,31047713203,109749531,36287251793,6707026925
206,24332721,9685313,8859617,825696,196626831360,74549606383,31215511573,110017309,36488907384,6735170117
207,24506020,9742188,8912568,829620,198024888320,74946933668,31382400787,110286112,36689599067,6764647702
208,24679332,9799081,8965096,833985,199422986240,75344383951,31547649135,110573936,36888633911,6797526969
209,24852683,9856049,9019745,836304,200821135360,75742099691,31719837369,110980841,37096329118,6814952363
