Backup ID, FPindex, SFindex, Deltaindex
0,1959600,4687040,1728
1,3170080,6024896,522144
2,4374240,7179968,900320
3,5549920,8282048,1114400
4,6816320,9546432,742464
5,8154720,10920832,703904
6,9503040,12205376,792448
7,10912560,13613056,765440
8,12412080,15070208,785920
9,13768160,16144448,842784
10,15173760,17314560,841184
11,16653200,18666112,819616
12,18145280,20066624,888128
13,19850880,21880192,883008
14,21577520,23834624,929792
15,23303120,25592384,968832
16,25078720,27764672,1034304
17,27060000,30537600,1068992
18,29113120,32972352,1048576
19,31204560,35251712,1150144
20,33290880,37342976,1253120
21,35530240,39658752,1273312
22,37786320,41828096,1373504
23,40018960,43734720,1343008
24,42314240,45716608,1433568
25,44586000,47636480,1450176
26,47067120,50018560,1448128
27,49407440,51915456,1595776
28,51906000,53949952,1563360
29,54255280,55726016,1670176
30,58423440,63403904,1611712
31,61156720,65712320,2519040
32,63925360,67916992,2908672
33,66713920,69908672,2798240
34,69578480,72008832,2587168
35,72550800,74275392,2564864
36,75492000,76383104,2592352
37,78438960,78492224,2582912
38,81381440,80340544,2670784
39,84346640,82388224,2661792
40,86683760,83986752,2478816
41,89082720,85619840,2473952
42,91467040,87128832,2478784
43,93898960,88670784,2458752
44,96322160,90162752,2420032
45,98698240,91416320,2430304
46,101150960,92766848,2386912
47,103564320,93872640,2325792
48,105880320,94678080,2289568
49,108787040,96573888,2200288
50,114113600,105528000,2171040
51,117685440,108247744,3079808
52,121672960,111823488,3288032
53,125511200,114640192,3359904
54,129211360,117299072,3177568
55,133035360,119862208,3100320
56,136810240,122376512,3149120
57,140562960,125011264,3187872
58,144248000,127374016,3175744
59,147999360,129892736,3223616
60,150946560,131616576,3093408
61,154733120,134162816,3047424
62,157793840,135978432,3041472
63,160784560,137536640,3091360
64,163834080,139082688,3066336
65,166853040,140426176,3062016
66,169946320,141909056,3023424
67,172992240,143132992,3021536
68,176036000,144353280,2997728
69,178988240,145276672,2939744
70,182762800,147917184,2859552
71,189691440,159802688,2840544
72,194052320,163131584,4088320
73,198172320,165702400,4454400
74,202544480,168593408,4222784
75,206276640,170643712,4020032
76,210035760,173218624,3920640
77,213757120,175204352,3956672
78,217486720,177030080,3901824
79,221265760,178876736,3888672
80,224958080,180398272,3860448
81,228665520,181858752,3810176
82,232464080,183356928,3714144
83,237978160,194618688,3692128
84,242327440,197958400,5580064
85,246323920,199235456,7154880
86,250316400,200260800,7353856
87,254304960,201062272,5852576
88,258295040,201760256,5545824
89,262280160,202505728,4945856
90,266265920,203154432,4746944
91,270251200,203702784,4711168
92,274556800,205633536,4433984
93,278582640,206287872,4642368
94,282610160,206883200,4709312
95,286637600,207475520,4606144
96,290661520,208183424,4584000
97,294682240,208671360,4576768
98,298702800,209124288,4571488
99,302734720,209683584,4481440
100,307033440,211414528,4305120
101,311082400,212140032,4605728
102,315129600,212697856,4499584
103,319175280,213182016,4522944
104,323217040,213683008,4505088
105,327249200,214066816,4577504
106,331288000,214617984,4544768
107,335323200,214966080,4579680
108,339357600,215338688,4597888
109,343741280,217090432,4389024
110,347831760,217653056,4562912
111,351911360,218096448,4618816
112,355993120,218485888,4777440
113,360070160,218895616,4644832
114,364146800,219319488,4773024
115,368233760,220187584,4569344
116,372308160,220712192,4620800
117,377525680,223577280,4393888
118,381677840,224171520,4628960
119,385814400,224630080,4626912
120,389948880,225039680,4612896
121,394082960,225501504,4642848
122,398210880,225877824,4786528
123,402335920,226260160,4680192
124,406483680,226673600,4688896
125,411493040,229014720,4451040
126,415669440,229601216,4624256
127,419854320,230007488,4662720
128,424040080,230483904,4676768
129,428214160,230949440,4651680
130,432387200,231333760,4700512
131,436558720,231641728,4799360
132,440736480,232050176,4734240
133,445899440,234510080,4513344
134,450122720,235013056,4606592
135,454345280,235483008,4705952
136,458561280,235862272,4736256
137,462789680,236225536,4692224
138,466998160,236551744,4700544
139,471204480,236943552,4711584
140,475402320,237236480,4911392
141,479604480,237615488,4769824
142,484679920,239889792,4596128
143,488954000,240487296,4718112
144,493214880,240952064,4739328
145,497464400,241343040,4775200
146,501714000,241714624,4793248
147,505966480,242103680,4790400
148,510214080,242476096,4811424
149,514458800,242895808,4770720
150,518698000,243488000,4695904
151,524127520,246403648,4625504
152,528489600,247131008,4790496
153,532795760,247677312,4808928
154,537090880,248050752,4929760
155,541399840,248480384,4858336
156,545691760,248825856,4842144
157,549980800,249178304,4837888
158,554275680,249596480,4872960
159,559826320,252732608,4695264
160,564192720,253270656,4866144
161,568544160,253681216,4945568
162,572910800,254181952,4933536
163,577264960,254629440,4935168
164,581622960,254973760,4941824
165,585986880,255264960,5088544
166,590340480,255617984,4955136
167,594688720,256018432,4937536
168,600380160,259264960,4783904
169,604817920,259902016,4945408
170,609243280,260362304,5073312
171,613660880,260791360,5039200
172,618077680,261147456,5156416
173,622481040,261482368,5133248
174,626904160,261897600,5040096
175,631320080,262371520,5095296
176,636714160,264770048,4911616
177,641190160,265308800,5210464
178,645657200,265836288,5091296
179,650117840,266231616,5125792
180,654582960,266666944,5083104
181,659040640,267042368,5201376
182,663494960,267386048,5139456
183,667940480,267666432,5306944
184,672407760,268198208,5068224
185,677945520,271172544,4952544
186,682452320,271758016,5241568
187,686947840,272144320,5129472
188,691455520,272597184,5183584
189,695976960,273195968,5247680
190,700470560,273552064,5189600
191,704973600,273897152,5204000
192,709479600,274279168,5237920
193,713975600,274697088,5171584
194,719379520,277290432,5036032
195,723891360,277872512,5190368
196,728418160,278352448,5277760
197,733046560,279227520,5164352
198,737552320,279551616,5302976
199,742059920,279888448,5224192
200,746565200,280249344,5253568
201,751068240,280694144,5265344
202,756597920,283264832,5068640
203,761152720,283902272,5256000
204,765717600,284386752,5275648
205,770268080,284821504,5301824
206,774825040,285184896,5333440
207,779375040,285491968,5365824
208,783926480,285947264,5402432
209,788483920,286385344,5265184
