Backup ID, Online Delta_save, Offline Delta_save, Offline delta time, Offline dedelta time, Offline delete time, Offline Delta chunk num
0,216908,0,0,0,0,0
1,74438321,0,0,0,0,0
2,153174818,0,0,0,0,0
3,217609575,0,0,0,0,0
4,228665094,0,0,0,0,0
5,242163292,0,0,0,0,0
6,266284430,0,0,0,0,0
7,280045046,0,0,0,0,0
8,295898730,0,0,0,0,0
9,317125904,0,0,0,0,0
10,332951528,0,0,0,0,0
11,343330556,0,0,0,0,0
12,360856032,0,0,0,0,0
13,371552360,0,0,0,0,0
14,385942789,0,0,0,0,0
15,401688661,0,0,0,0,0
16,420348439,0,0,0,0,0
17,434815510,0,0,0,0,0
18,444258854,0,0,0,0,0
19,466251353,0,0,0,0,0
20,493771745,0,0,0,0,0
21,513670744,0,0,0,0,0
22,541784930,0,0,0,0,0
23,558071202,0,0,0,0,0
24,583719574,0,0,0,0,0
25,604650047,0,0,0,0,0
26,620079152,0,0,0,0,0
27,652931878,0,0,0,0,0
28,670769544,0,0,0,0,0
29,701143569,0,0,0,0,0
30,704294085,0,0,0,0,0
31,840815605,0,0,0,0,0
32,964585509,0,0,0,0,0
33,1039514713,0,0,0,0,0
34,1081181735,0,0,0,0,0
35,1119121628,0,0,0,0,0
36,1156305138,0,0,0,0,0
37,1188375751,0,0,0,0,0
38,1230505891,0,0,0,0,0
39,1262213519,0,0,0,0,0
40,1263857198,0,0,0,0,0
41,1270033705,0,0,0,0,0
42,1279307644,0,0,0,0,0
43,1289826351,0,0,0,0,0
44,1296840604,0,0,0,0,0
45,1309817257,0,0,0,0,0
46,1318868442,0,0,0,0,0
47,1326410336,0,0,0,0,0
48,1337916764,0,0,0,0,0
49,1345222193,0,0,0,0,0
50,1347869900,0,0,0,0,0
51,1484504257,0,0,0,0,0
52,1586293377,0,0,0,0,0
53,1674441213,0,0,0,0,0
54,1722705994,0,0,0,0,0
55,1758678084,0,0,0,0,0
56,1797923245,0,0,0,0,0
57,1839156381,0,0,0,0,0
58,1872131503,0,0,0,0,0
59,1908749501,0,0,0,0,0
60,1910689033,0,0,0,0,0
61,1928682080,0,0,0,0,0
62,1937200595,0,0,0,0,0
63,1955565479,0,0,0,0,0
64,1970394928,0,0,0,0,0
65,1986525355,0,0,0,0,0
66,1999788675,0,0,0,0,0
67,2017115508,0,0,0,0,0
68,2033825601,0,0,0,0,0
69,2047914725,0,0,0,0,0
70,2054752225,0,0,0,0,0
71,2060922340,0,0,0,0,0
72,2250229524,0,0,0,0,0
73,2407542506,0,0,0,0,0
74,2499212278,0,0,0,0,0
75,2504489277,0,0,0,0,0
76,2516775652,0,0,0,0,0
77,2541761921,0,0,0,0,0
78,2562196624,0,0,0,0,0
79,2586139504,0,0,0,0,0
80,2612399995,0,0,0,0,0
81,2636802602,0,0,0,0,0
82,2659236780,0,0,0,0,0
83,2661353683,0,0,0,0,0
84,2872468632,0,0,0,0,0
85,3142633719,0,0,0,0,0
86,3350581372,0,0,0,0,0
87,3445329459,0,0,0,0,0
88,3540899988,0,0,0,0,0
89,3589851842,0,0,0,0,0
90,3636160747,0,0,0,0,0
91,3685534726,0,0,0,0,0
92,3706894718,0,0,0,0,0
93,3758450905,0,0,0,0,0
94,3810578590,0,0,0,0,0
95,3849185023,0,0,0,0,0
96,3885622562,0,0,0,0,0
97,3922148011,0,0,0,0,0
98,3956893397,0,0,0,0,0
99,3983526261,0,0,0,0,0
100,3993755285,0,0,0,0,0
101,4038933177,0,0,0,0,0
102,4065777094,0,0,0,0,0
103,4095835689,0,0,0,0,0
104,4122250763,0,0,0,0,0
105,4155894007,0,0,0,0,0
106,4183470572,0,0,0,0,0
107,4213970791,0,0,0,0,0
108,4242427220,0,0,0,0,0
109,4252190313,0,0,0,0,0
110,4285854443,0,0,0,0,0
111,4320044304,0,0,0,0,0
112,4367616651,0,0,0,0,0
113,4396040778,0,0,0,0,0
114,4438824552,0,0,0,0,0
115,4452391030,0,0,0,0,0
116,4479713038,0,0,0,0,0
117,4485621708,0,0,0,0,0
118,4521783802,0,0,0,0,0
119,4550411127,0,0,0,0,0
120,4575990324,0,0,0,0,0
121,4603962054,0,0,0,0,0
122,4646701647,0,0,0,0,0
123,4671344886,0,0,0,0,0
124,4699454784,0,0,0,0,0
125,4704084880,0,0,0,0,0
126,4732414285,0,0,0,0,0
127,4760087020,0,0,0,0,0
128,4786481819,0,0,0,0,0
129,4809181290,0,0,0,0,0
130,4836353733,0,0,0,0,0
131,4873914147,0,0,0,0,0
132,4899207977,0,0,0,0,0
133,4904784286,0,0,0,0,0
134,4925898221,0,0,0,0,0
135,4956233783,0,0,0,0,0
136,4985917427,0,0,0,0,0
137,5009495637,0,0,0,0,0
138,5033719822,0,0,0,0,0
139,5058143067,0,0,0,0,0
140,5103137273,0,0,0,0,0
141,5124799660,0,0,0,0,0
142,5132489071,0,0,0,0,0
143,5157388499,0,0,0,0,0
144,5181169212,0,0,0,0,0
145,5206768148,0,0,0,0,0
146,5232458280,0,0,0,0,0
147,5256599995,0,0,0,0,0
148,5280330312,0,0,0,0,0
149,5301238665,0,0,0,0,0
150,5315710195,0,0,0,0,0
151,5325117710,0,0,0,0,0
152,5351759787,0,0,0,0,0
153,5374940273,0,0,0,0,0
154,5412046660,0,0,0,0,0
155,5437199229,0,0,0,0,0
156,5459804989,0,0,0,0,0
157,5481285990,0,0,0,0,0
158,5506628136,0,0,0,0,0
159,5514356049,0,0,0,0,0
160,5541661835,0,0,0,0,0
161,5572968625,0,0,0,0,0
162,5599672635,0,0,0,0,0
163,5624731857,0,0,0,0,0
164,5650026911,0,0,0,0,0
165,5691079933,0,0,0,0,0
166,5712937358,0,0,0,0,0
167,5733039446,0,0,0,0,0
168,5740217242,0,0,0,0,0
169,5766352770,0,0,0,0,0
170,5801145462,0,0,0,0,0
171,5828230517,0,0,0,0,0
172,5866677868,0,0,0,0,0
173,5899424643,0,0,0,0,0
174,5922439162,0,0,0,0,0
175,5952922959,0,0,0,0,0
176,5962525167,0,0,0,0,0
177,6007268574,0,0,0,0,0
178,6030450315,0,0,0,0,0
179,6058237787,0,0,0,0,0
180,6080377288,0,0,0,0,0
181,6116054019,0,0,0,0,0
182,6139905503,0,0,0,0,0
183,6182992004,0,0,0,0,0
184,6195588017,0,0,0,0,0
185,6201076699,0,0,0,0,0
186,6242386017,0,0,0,0,0
187,6264874318,0,0,0,0,0
188,6291592141,0,0,0,0,0
189,6323694815,0,0,0,0,0
190,6347850891,0,0,0,0,0
191,6375372794,0,0,0,0,0
192,6404585087,0,0,0,0,0
193,6424551677,0,0,0,0,0
194,6430009354,0,0,0,0,0
195,6456852222,0,0,0,0,0
196,6490362278,0,0,0,0,0
197,6507058658,0,0,0,0,0
198,6542953970,0,0,0,0,0
199,6565132963,0,0,0,0,0
200,6590598938,0,0,0,0,0
201,6615530636,0,0,0,0,0
202,6622413947,0,0,0,0,0
203,6652415308,0,0,0,0,0
204,6679844895,0,0,0,0,0
205,6707026925,0,0,0,0,0
206,6735170117,0,0,0,0,0
207,6764647702,0,0,0,0,0
208,6797526969,0,0,0,0,0
209,6814952363,0,0,0,0,0
