BackupID, OnlineSpeed(MB/s), Encalve ProcessTime(s), BackupSize, OnlineSize, OfflineSize, OfflineTime(s)
0, 99.6685, 1.99264, 208250880, 100655456, 100655456, 0.000338
1, 145.83, 1.39114, 212725760, 132196507, 132196507, 0.000361
2, 138.694, 1.50884, 219432960, 161329521, 161329521, 0.013088
3, 142.836, 1.4962, 224092160, 196550552, 196550552, 0.055627
4, 131.719, 1.65191, 228157440, 261948389, 261948389, 0.226825
5, 129.392, 1.72434, 233953280, 330065914, 330065914, 0.226094
6, 129.311, 1.74498, 236605440, 393965856, 393965856, 0.209755
7, 128.77, 1.77847, 240138240, 465987959, 465987959, 0.245474
8, 120.383, 1.95251, 246466560, 542499942, 542499942, 0.265651
9, 131.624, 1.81365, 250316800, 609095608, 609095608, 0.257285
10, 124.637, 1.94659, 254402560, 679781706, 679781706, 0.273651
11, 131.016, 1.91383, 262922240, 757316915, 757316915, 0.287999
12, 128.382, 1.96634, 264704000, 832247897, 832247897, 0.263586
13, 124.475, 2.09035, 272834560, 921752951, 921752951, 0.302868
14, 122.271, 2.2202, 284651520, 1011037332, 1011037332, 0.278023
15, 123.845, 2.2299, 289576960, 1099438332, 1099438332, 0.299066
16, 122.214, 2.29282, 293826560, 1189550239, 1189550239, 0.250889
17, 120.665, 2.45215, 310261760, 1284344804, 1284344804, 0.245809
18, 119.608, 2.68046, 336179200, 1392893250, 1392893250, 0.344104
19, 122.924, 2.73981, 353146880, 1498275006, 1498275006, 0.335042
20, 127.574, 2.73386, 365711360, 1601182014, 1601182014, 0.343339
21, 126.553, 2.88162, 382392320, 1715016956, 1715016956, 0.384199
22, 127.73, 2.94996, 395100160, 1826259204, 1826259204, 0.390275
23, 131.287, 2.93958, 404674560, 1942718946, 1942718946, 0.458621
24, 127.4, 3.09081, 412897280, 2057591357, 2057591357, 0.443429
25, 127.969, 3.08273, 413655040, 2173195169, 2173195169, 0.457804
26, 128.593, 3.19899, 431349760, 2301547824, 2301547824, 0.481025
27, 132.487, 3.17078, 440494080, 2415355543, 2415355543, 0.446483
28, 126.499, 3.3895, 449597440, 2545100464, 2545100464, 0.531788
29, 132.605, 3.24337, 450979840, 2661513782, 2661513782, 0.477143
30, 100.424, 4.95303, 521564160, 2875325125, 2875325125, 0.340788
31, 132.783, 3.83622, 534128640, 2962806258, 2962806258, 0.223271
32, 129.152, 4.01674, 543969280, 3057958569, 3057958569, 0.293173
33, 136.675, 3.83643, 549816320, 3176389897, 3176389897, 0.476606
34, 135.012, 3.95602, 560056320, 3314508591, 3314508591, 0.582633
35, 133.415, 4.08529, 571514880, 3459764652, 3459764652, 0.607305
36, 135.256, 4.08009, 578662400, 3604529539, 3604529539, 0.62291
37, 136.766, 4.02068, 576604160, 3751785476, 3751785476, 0.644388
38, 133.366, 4.1505, 580423680, 3894332850, 3894332850, 0.648048
39, 133.826, 4.16499, 584458240, 4043413786, 4043413786, 0.657124
40, 135.016, 3.21011, 454471680, 4172218435, 4172218435, 0.599338
41, 133.255, 3.29865, 460912640, 4302129840, 4302129840, 0.595289
42, 133.928, 3.31888, 466083840, 4429889282, 4429889282, 0.592969
43, 134.957, 3.33939, 472565760, 4559875773, 4559875773, 0.605552
44, 134.532, 3.40068, 479723520, 4690894879, 4690894879, 0.623897
45, 138.876, 3.35943, 489205760, 4817044488, 4817044488, 0.621719
46, 139.528, 3.41085, 499025920, 4948663924, 4948663924, 0.649076
47, 139.698, 3.45199, 505661440, 5079669107, 5079669107, 0.678137
48, 143.88, 3.40582, 513832960, 5204104386, 5204104386, 0.680393
49, 136.76, 4.11425, 589998080, 5361043591, 5361043591, 0.734186
50, 107.786, 6.30943, 713103360, 5631029037, 5631029037, 0.567577
51, 131.286, 5.24669, 722278400, 5763302212, 5763302212, 0.465729
52, 138.238, 5.37922, 779735040, 5922474230, 5922474230, 0.590623
53, 143.783, 5.4258, 818032640, 6087548866, 6087548866, 0.696865
54, 149.846, 5.25097, 825057280, 6267043694, 6267043694, 0.790245
55, 145.521, 5.46797, 834355200, 6459643110, 6459643110, 0.881923
56, 146.911, 5.42652, 835942400, 6646810185, 6646810185, 0.866596
57, 149.305, 5.32593, 833812480, 6832078893, 6832078893, 0.829737
58, 149.153, 5.30651, 829931520, 7018847786, 7018847786, 0.873784
59, 148.605, 5.38727, 839464960, 7207324046, 7207324046, 0.867057
60, 140.129, 4.0557, 595927040, 7369620317, 7369620317, 0.804169
61, 150.149, 5.4291, 854773760, 7567554115, 7567554115, 0.930434
62, 136.664, 4.40297, 630958080, 7732258584, 7732258584, 0.809098
63, 139.935, 4.36739, 640839680, 7889198995, 7889198995, 0.788056
64, 138.887, 4.45195, 648355840, 8051154351, 8051154351, 0.816317
65, 146.73, 4.27703, 658053120, 8211328093, 8211328093, 0.839755
66, 144.834, 4.38668, 666204160, 8376886096, 8376886096, 0.846234
67, 146.422, 4.40926, 676976640, 8538428003, 8538428003, 0.867534
68, 149.028, 4.39613, 686970880, 8699949590, 8699949590, 0.858157
69, 153.235, 4.32903, 695582720, 8858300841, 8858300841, 0.882958
70, 152.693, 5.39194, 863303680, 9060334897, 9060334897, 0.952158
71, 118.242, 8.22073, 1019248640, 9397795232, 9397795232, 0.699082
72, 157.295, 6.45234, 1064222720, 9542711828, 9542711828, 0.509758
73, 165.166, 6.18009, 1070325760, 9695092295, 9695092295, 0.634699
74, 165.49, 6.2917, 1091788800, 9888154119, 9888154119, 0.869535
75, 157.559, 5.276, 871659520, 10089861740, 10089861740, 1.02801
76, 153.75, 5.40403, 871229440, 10288795701, 10288795701, 0.939923
77, 161.302, 5.39996, 913336320, 10479873651, 10479873651, 0.965842
78, 161.322, 5.54592, 938137600, 10673506426, 10673506426, 1.01302
79, 164.628, 5.48987, 947691520, 10866835756, 10866835756, 1.01306
80, 164.051, 5.56688, 957614080, 11056123536, 11056123536, 1.02495
81, 164.281, 5.60647, 965775360, 11248013619, 11248013619, 1.0686
82, 164.947, 5.6885, 983879680, 11444873732, 11444873732, 1.08458
83, 144.545, 6.67045, 1011015680, 11675016425, 11675016425, 0.310965
84, 165.546, 5.87387, 1019627520, 11758270875, 11758270875, 0.224249
85, 194.667, 4.9916, 1018900480, 11796737670, 11796737670, 0.152475
86, 196.668, 4.94105, 1018951680, 11862847660, 11862847660, 0.447751
87, 193.52, 5.02199, 1019064320, 11979279154, 11979279154, 0.962597
88, 193.59, 5.02053, 1019136000, 12095305585, 12095305585, 0.968961
89, 192.412, 5.05163, 1019207680, 12232671933, 12232671933, 1.14138
90, 190.556, 5.10088, 1019217920, 12371248049, 12371248049, 1.16023
91, 191.452, 5.0771, 1019238400, 12508238910, 12508238910, 1.16651
92, 186.109, 5.45174, 1063905280, 12674123140, 12674123140, 1.19573
93, 194.411, 5.21894, 1063905280, 12811137622, 12811137622, 1.15673
94, 193.939, 5.23188, 1063956480, 12948418392, 12948418392, 1.16555
95, 194.046, 5.22946, 1064048640, 13091788217, 13091788217, 1.22356
96, 192.319, 5.27658, 1064079360, 13236276131, 13236276131, 1.226
97, 194.988, 5.20459, 1064130560, 13380412288, 13380412288, 1.24745
98, 195.538, 5.19025, 1064192000, 13525207832, 13525207832, 1.26718
99, 195.515, 5.19098, 1064212480, 13674119614, 13674119614, 1.27924
100, 188.122, 5.42465, 1070069760, 13845074578, 13845074578, 1.26708
101, 195.639, 5.21642, 1070110720, 13986205944, 13986205944, 1.19833
102, 190.788, 5.34938, 1070172160, 14136113540, 14136113540, 1.28578
103, 192.701, 5.29631, 1070182400, 14284018633, 14284018633, 1.27991
104, 196.346, 5.19835, 1070254080, 14433422218, 14433422218, 1.29543
105, 193.512, 5.27452, 1070264320, 14579283512, 14579283512, 1.27819
106, 194.029, 5.26066, 1070305280, 14728395796, 14728395796, 1.28728
107, 192.971, 5.28958, 1070315520, 14875888261, 14875888261, 1.31245
108, 191.6, 5.32741, 1070315520, 15023976834, 15023976834, 1.31949
109, 187.623, 5.54788, 1091471360, 15198383209, 15198383209, 1.29354
110, 190.866, 5.45375, 1091502080, 15346286805, 15346286805, 1.27038
111, 193.18, 5.38857, 1091532800, 15493392103, 15493392103, 1.29302
112, 191.838, 5.42688, 1091655680, 15634472568, 15634472568, 1.24204
113, 195.188, 5.33391, 1091686400, 15784135825, 15784135825, 1.32042
114, 195.676, 5.32075, 1091717120, 15927671157, 15927671157, 1.26144
115, 191.982, 5.42337, 1091768320, 16084673262, 16084673262, 1.31282
116, 193.421, 5.38309, 1091778560, 16234918145, 16234918145, 1.318
117, 171.078, 6.27998, 1126553600, 16449163730, 16449163730, 1.44711
118, 197.039, 5.45256, 1126553600, 16598855263, 16598855263, 1.28027
119, 197.61, 5.43699, 1126594560, 16751300874, 16751300874, 1.3411
120, 196.912, 5.45656, 1126656000, 16904850697, 16904850697, 1.35728
121, 195.105, 5.5073, 1126696960, 17057417366, 17057417366, 1.35042
122, 195.91, 5.48476, 1126717440, 17202887595, 17202887595, 1.29593
123, 197.426, 5.4427, 1126727680, 17356442015, 17356442015, 1.37026
124, 197.533, 5.4398, 1126737920, 17509414240, 17509414240, 1.34947
125, 177.624, 6.10335, 1136762880, 17715508294, 17715508294, 1.46284
126, 196.411, 5.51977, 1136803840, 17869426188, 17869426188, 1.35836
127, 195.128, 5.55631, 1136855040, 18024320668, 18024320668, 1.3661
128, 193.553, 5.60176, 1136906240, 18180016696, 18180016696, 1.37781
129, 197.636, 5.48618, 1136936960, 18336375364, 18336375364, 1.38696
130, 195.929, 5.53418, 1136977920, 18490739552, 18490739552, 1.37872
131, 196.392, 5.52129, 1137008640, 18640636067, 18640636067, 1.34192
132, 195.987, 5.53274, 1137018880, 18795990317, 18795990317, 1.38416
133, 175.331, 6.2651, 1151825920, 19008900700, 19008900700, 1.50447
134, 197.16, 5.5717, 1151877120, 19167996521, 19167996521, 1.40279
135, 196.016, 5.60403, 1151836160, 19323053662, 19323053662, 1.37702
136, 198.806, 5.52562, 1151887360, 19477794310, 19477794310, 1.38153
137, 196.131, 5.60127, 1151948800, 19636120776, 19636120776, 1.42697
138, 195.826, 5.61016, 1151979520, 19793184710, 19793184710, 1.40728
139, 194.97, 5.63489, 1152000000, 19949998859, 19949998859, 1.40142
140, 195.584, 5.6173, 1152020480, 20097018377, 20097018377, 1.33326
141, 172.916, 6.35374, 1152030720, 20254696949, 20254696949, 1.41696
142, 177.615, 6.22626, 1159598080, 20462929338, 20462929338, 1.49187
143, 197.962, 5.5867, 1159680000, 20622268736, 20622268736, 1.38857
144, 195.074, 5.66978, 1159751680, 20781714767, 20781714767, 1.41475
145, 198.682, 5.5669, 1159772160, 20939949313, 20939949313, 1.42022
146, 194.338, 5.69146, 1159792640, 21098254016, 21098254016, 1.42433
147, 195.665, 5.653, 1159823360, 21256957449, 21256957449, 1.41964
148, 196.365, 5.63299, 1159854080, 21415887289, 21415887289, 1.42367
149, 198.768, 5.5652, 1159915520, 21575653188, 21575653188, 1.43814
150, 199.07, 5.55674, 1159915520, 21737725945, 21737725945, 1.42643
151, 174.68, 6.63383, 1215088640, 21956723263, 21956723263, 1.5217
152, 200.044, 5.79288, 1215119360, 22119208799, 22119208799, 1.41773
153, 203.387, 5.69774, 1215139840, 22280475993, 22280475993, 1.45068
154, 202.847, 5.71301, 1215160320, 22435024704, 22435024704, 1.38576
155, 202.012, 5.73677, 1215191040, 22595386974, 22595386974, 1.44202
156, 204.742, 5.66042, 1215221760, 22756471526, 22756471526, 1.47586
157, 203.894, 5.6841, 1215252480, 22917605755, 22917605755, 1.45348
158, 202.142, 5.73352, 1215283200, 23077129180, 23077129180, 1.4325
159, 178.525, 6.7788, 1268971520, 23300442611, 23300442611, 1.55313
160, 206.243, 5.86801, 1269022720, 23462396794, 23462396794, 1.42954
161, 203.611, 5.94399, 1269053440, 23621307400, 23621307400, 1.43137
162, 209.871, 5.76698, 1269114880, 23783213933, 23783213933, 1.44106
163, 206.297, 5.86705, 1269145600, 23945219431, 23945219431, 1.45833
164, 207.999, 5.8192, 1269186560, 24106920969, 24106920969, 1.47176
165, 202.654, 5.97302, 1269258240, 24262143701, 24262143701, 1.41515
166, 206.433, 5.86387, 1269299200, 24425554579, 24425554579, 1.4895
167, 204.497, 5.9194, 1269299200, 24589536858, 24589536858, 1.47485
168, 182.194, 7.01486, 1340149760, 24817040580, 24817040580, 1.59033
169, 209.924, 6.08874, 1340262400, 24981992052, 24981992052, 1.44855
170, 212.825, 6.00593, 1340303360, 25142516113, 25142516113, 1.43537
171, 210.227, 6.08033, 1340344320, 25305824115, 25305824115, 1.48361
172, 212.624, 6.01193, 1340375040, 25464376758, 25464376758, 1.4488
173, 212.161, 6.02507, 1340375040, 25624297207, 25624297207, 1.46367
174, 210.792, 6.06428, 1340395520, 25789797352, 25789797352, 1.497
175, 207.701, 6.15461, 1340416000, 25951372602, 25951372602, 1.45762
176, 190.029, 6.8151, 1357977600, 26170068775, 26170068775, 1.60255
177, 209.635, 6.17788, 1358008320, 26328066877, 26328066877, 1.4052
178, 209.719, 6.17573, 1358080000, 26495168663, 26495168663, 1.5104
179, 213.025, 6.0802, 1358151680, 26659868758, 26659868758, 1.49943
180, 209.504, 6.18262, 1358202880, 26827493988, 26827493988, 1.51949
181, 211.62, 6.12097, 1358243840, 26988407577, 26988407577, 1.47083
182, 212.056, 6.10852, 1358274560, 27154922444, 27154922444, 1.51878
183, 211.331, 6.12957, 1358295040, 27311751541, 27311751541, 1.44156
184, 213.555, 6.06588, 1358325760, 27483252024, 27483252024, 1.55262
185, 184.055, 7.10294, 1370839040, 27707483524, 27707483524, 1.59451
186, 210.187, 6.21995, 1370859520, 27867392745, 27867392745, 1.43134
187, 213.909, 6.11232, 1370992640, 28035840842, 28035840842, 1.52601
188, 213.679, 6.11899, 1371013120, 28203038387, 28203038387, 1.50354
189, 213.07, 6.13665, 1371054080, 28367973601, 28367973601, 1.49155
190, 214.996, 6.08182, 1371084800, 28535547849, 28535547849, 1.52556
191, 210.914, 6.1997, 1371125760, 28701787840, 28701787840, 1.52449
192, 209.515, 6.24126, 1371156480, 28867508221, 28867508221, 1.51535
193, 211.911, 6.17078, 1371176960, 29036784525, 29036784525, 1.54134
194, 187.538, 7.00148, 1376829440, 29257375579, 29257375579, 1.60439
195, 211.455, 6.20302, 1375375360, 29424102103, 29424102103, 1.49419
196, 210.083, 6.24363, 1375395840, 29588857278, 29588857278, 1.50053
197, 211.983, 6.18808, 1375488000, 29764522702, 29764522702, 1.52736
198, 211.726, 6.19569, 1375508480, 29926794570, 29926794570, 1.48886
199, 214.14, 6.12597, 1375539200, 30095480588, 30095480588, 1.53998
200, 214.783, 6.1078, 1375580160, 30262658944, 30262658944, 1.52672
201, 213.826, 6.13519, 1375590400, 30429784524, 30429784524, 1.52614
202, 192.199, 6.9359, 1397831680, 30653127538, 30653127538, 1.63519
203, 213.059, 6.25692, 1397852160, 30820175542, 30820175542, 1.48993
204, 213.476, 6.24498, 1397913600, 30989112826, 30989112826, 1.52602
205, 215.747, 6.17948, 1397964800, 31157462734, 31157462734, 1.53268
206, 213.607, 6.24162, 1398016000, 31325528882, 31325528882, 1.53308
207, 214.243, 6.22327, 1398056960, 31492686899, 31492686899, 1.54823
208, 211.525, 6.30343, 1398097920, 31658223071, 31658223071, 1.51428
209, 215.302, 6.19306, 1398149120, 31830818210, 31830818210, 1.57195
