Backup ID, Ecall, Inline_Ocall, Offline_Ocall, _Inline_FPOcall, _Inline_SFOcall, _Inline_LocalOcall, _Inline_LoadOcall, _Inline_DeltaOcall, _Inline_RecipeOcall, _Inline_Write_ContainerOcall, _inline_have_similar_chunk_num, _inline_need_load_container_num
0,195,637,5,193,193,0,34,193,24,27,64,33,
1,394,1283,10,390,390,0,65,390,48,36,8227,276,
2,599,1953,463,593,593,7,101,586,73,45,17259,727,
3,808,2640,2431,800,800,46,142,754,98,55,26199,1373,
4,1020,3340,10510,1010,1010,215,186,795,124,73,35385,2213,
5,1238,4063,18718,1226,1226,384,235,842,150,92,44907,3142,
6,1458,4813,26316,1444,1444,540,304,904,177,110,55020,4067,
7,1681,5559,35148,1665,1665,722,360,943,204,130,65247,5110,
8,1910,6325,44671,1892,1892,910,417,982,232,151,76342,6242,
9,2141,7114,53880,2121,2121,1087,491,1034,260,169,87643,7303,
10,2377,7916,63703,2355,2355,1278,562,1077,289,188,99039,8433,
11,2620,8719,74147,2596,2596,1486,612,1110,319,209,110423,9672,
12,2865,9545,83672,2839,2839,1678,679,1161,349,229,121707,10893,
13,3117,10375,94403,3089,3089,1901,728,1188,380,253,133513,12339,
14,3379,11276,104314,3349,3349,2114,817,1235,412,277,144853,13728,
15,3646,12173,115066,3614,3614,2332,886,1282,445,301,157184,15151,
16,3917,13095,124003,3883,3883,2540,968,1343,478,325,167995,16514,
17,4216,14136,132700,4180,4180,2777,1081,1403,515,351,178228,18049,
18,4526,15220,144616,4488,4488,3034,1203,1454,553,380,191136,19693,
19,4851,16316,156570,4811,4811,3284,1290,1527,593,408,205317,21258,
20,5187,17452,168859,5145,5145,3532,1383,1613,634,435,220422,22853,
21,5539,18630,182698,5495,5495,3808,1468,1687,677,465,236253,24576,
22,5903,19859,196607,5857,5857,4092,1566,1765,722,495,253049,26426,
23,6275,21083,212919,6227,6227,4410,1634,1817,768,526,270904,28442,
24,6655,22357,228705,6605,6605,4715,1727,1890,815,557,289183,30392,
25,7037,23635,245015,6985,6985,5037,1818,1948,862,588,307478,32438,
26,7435,24944,262044,7381,7381,5377,1890,2004,911,622,325980,34662,
27,7841,26315,277935,7785,7785,5688,1999,2097,961,652,345255,36660,
28,8256,27688,296750,8198,8198,6044,2082,2154,1012,686,365787,39166,
29,8672,29097,313758,8612,8612,6373,2198,2239,1063,717,385819,41300,
30,9153,30673,325542,9091,9091,6798,2278,2293,1122,773,397856,44932,
31,9644,32447,333255,9580,9580,6941,2524,2639,1183,797,419961,46323,
32,10144,34199,343340,10078,10078,7141,2720,2937,1245,823,443036,48016,
33,10650,35893,359836,10582,10582,7459,2840,3123,1307,854,467425,50107,
34,11165,37609,380410,11095,11095,7862,2953,3233,1371,890,492165,52403,
35,11691,39378,401808,11619,11619,8281,3085,3338,1436,928,517399,54902,
36,12223,41166,423784,12149,12149,8705,3217,3444,1502,966,543044,57501,
37,12754,42950,446363,12678,12678,9151,3348,3527,1568,1005,568774,60241,
38,13288,44760,469226,13210,13210,9573,3496,3637,1634,1043,595806,62857,
39,13825,46556,492478,13745,13745,10025,3621,3720,1700,1082,622078,65788,
40,14245,47881,513196,14163,14163,10434,3640,3729,1752,1116,642775,69756,
41,14670,49249,534043,14586,14586,10835,3687,3751,1804,1150,664061,73145,
42,15100,50653,555019,15014,15014,11232,3754,3782,1857,1184,685822,76259,
43,15537,52081,576316,15449,15449,11634,3823,3815,1911,1218,707988,79608,
44,15980,53515,598160,15890,15890,12048,3879,3842,1966,1253,730306,82953,
45,16431,54982,619971,16339,16339,12456,3943,3883,2022,1286,753266,86249,
46,16891,56477,642655,16797,16797,12881,4007,3916,2079,1321,776680,90019,
47,17357,57978,666279,17261,17261,13316,4059,3945,2136,1356,800843,93783,
48,17830,59525,689831,17732,17732,13748,4135,3984,2194,1389,825334,97498,
49,18373,61269,715569,18273,18273,14260,4189,4013,2261,1430,851623,101666,
50,19025,63533,735154,18923,18923,14837,4422,4086,2342,1500,871476,107383,
51,19685,65887,751270,19581,19581,15142,4720,4439,2424,1536,901872,109820,
52,20394,68607,771608,20288,20288,15534,5231,4754,2512,1579,933115,112565,
53,21133,71108,795839,21025,21025,15992,5429,5033,2604,1623,966283,115605,
54,21878,73588,823340,21768,21768,16539,5588,5229,2696,1670,998514,119027,
55,22631,76072,854185,22518,22518,17125,5728,5394,2789,1720,1032751,122756,
56,23385,78557,884319,23259,23259,17701,5886,5570,2882,1769,1066662,126410,
57,24136,80999,913483,23981,23981,18273,6042,5747,2975,1817,1099701,130071,
58,24884,83405,943960,24697,24697,18861,6177,5905,3068,1866,1133273,133950,
59,25641,85861,974156,25423,25423,19444,6332,6077,3162,1915,1166868,137857,
60,26189,87592,1001842,25969,25969,19976,6357,6091,3230,1958,1194472,143862,
61,26958,90032,1034156,26706,26706,20615,6461,6219,3325,2010,1228346,148354,
62,27537,91897,1062098,27282,27282,21144,6525,6267,3397,2053,1256873,153216,
63,28125,93829,1089478,27867,27867,21656,6628,6341,3470,2094,1285883,157422,
64,28720,95766,1118085,28459,28459,22180,6714,6410,3544,2137,1315703,161755,
65,29322,97747,1147222,29058,29058,22707,6823,6483,3618,2179,1346177,166251,
66,29932,99729,1176822,29665,29665,23253,6908,6545,3693,2223,1376815,170941,
67,30551,101738,1206774,30281,30281,23796,6991,6619,3770,2265,1408223,175531,
68,31180,103797,1236710,30907,30907,24349,7093,6693,3848,2307,1439635,180369,
69,31816,105859,1267406,31540,31540,24912,7176,6764,3927,2349,1471415,185251,
70,32593,108284,1300261,32281,32281,25586,7248,6865,4023,2402,1504624,190752,
71,33504,111354,1324148,33160,33160,26341,7538,7019,4136,2490,1529161,199065,
72,34451,114676,1341560,34073,34073,26686,7971,7619,4254,2530,1566249,201901,
73,35404,117881,1363412,34991,34991,27104,8271,8152,4372,2571,1604251,205091,
74,36375,121048,1393636,35925,35925,27680,8480,8545,4493,2622,1643677,208887,
75,37160,123486,1429038,36671,36671,28371,8546,8637,4590,2675,1679274,214821,
76,37943,125959,1461314,37416,37416,29035,8651,8754,4687,2727,1712465,220166,
77,38761,128568,1494895,38194,38194,29672,8787,8933,4788,2777,1748307,224780,
78,39600,131239,1529965,38994,38994,30329,8917,9113,4892,2828,1785102,229505,
79,40450,133940,1565118,39802,39802,30990,9049,9300,4997,2879,1822405,234379,
80,41308,136662,1600733,40608,40608,31650,9197,9496,5103,2929,1860327,239187,
81,42173,139375,1637088,41412,41412,32317,9332,9692,5210,2979,1898771,244096,
82,43055,142139,1674573,42235,42235,33009,9461,9880,5319,3031,1938109,249422,
83,44077,145355,1684556,43195,43195,33841,9610,10068,5446,3092,1948242,256183,
84,45108,149018,1691815,44161,44161,34023,10184,10915,5574,3116,1985174,258459,
85,46138,152427,1696397,45122,45122,34109,10515,11857,5702,3130,2028445,260780,
86,47168,155662,1711116,46083,46083,34375,10672,12619,5830,3151,2072856,263697,
87,48199,158884,1743704,47046,47046,34934,10811,13089,5958,3183,2118138,267072,
88,49230,162121,1776742,48006,48006,35501,10971,13551,6086,3215,2163997,270593,
89,50261,165350,1816063,48964,48964,36193,11127,13888,6214,3252,2209474,274637,
90,51292,168604,1856275,49922,49922,36898,11308,14212,6342,3289,2255440,278922,
91,52323,171863,1896453,50878,50878,37590,11498,14549,6470,3326,2301995,283173,
92,53391,175197,1937350,51875,51875,38403,11639,14802,6603,3370,2345333,288637,
93,54459,178588,1977365,52871,52871,39107,11839,15164,6736,3407,2391880,293128,
94,55527,181984,2017696,53869,53869,39801,12040,15536,6869,3444,2438774,297690,
95,56595,185356,2059878,54862,54862,40548,12227,15855,7002,3483,2485687,302398,
96,57663,188723,2101706,55853,55853,41295,12413,16174,7135,3522,2531958,307328,
97,58731,192080,2144643,56839,56839,42042,12599,16493,7268,3561,2579333,312143,
98,59799,195435,2188010,57826,57826,42792,12781,16809,7401,3600,2626867,316944,
99,60868,198766,2231984,58809,58809,43582,12946,17086,7534,3640,2673941,322330,
100,61942,202062,2275547,59794,59794,44439,13067,17301,7667,3686,2718353,328935,
101,63016,205446,2316339,60775,60775,45153,13284,17659,7800,3724,2764863,333826,
102,64090,208794,2360556,61756,61756,45942,13465,17942,7933,3764,2812166,339224,
103,65164,212149,2404645,62736,62736,46715,13655,18241,8066,3804,2859810,344486,
104,66238,215493,2449090,63716,63716,47501,13834,18527,8199,3844,2907275,349841,
105,67312,218867,2493055,64696,64696,48260,14043,18840,8332,3883,2955335,355073,
106,68386,222219,2537111,65676,65676,49040,14230,19132,8465,3923,3002579,360364,
107,69460,225584,2581753,66656,66656,49814,14430,19430,8598,3963,3050850,365563,
108,70534,228951,2626587,67636,67636,50589,14632,19727,8731,4003,3099042,370989,
109,71627,232296,2671146,68637,68637,51461,14748,19946,8867,4050,3144389,378168,
110,72720,235743,2715033,69638,69638,52232,14966,20266,9003,4090,3192211,383590,
111,73813,239181,2759234,70638,70638,53004,15177,20585,9139,4130,3240504,389060,
112,74906,242623,2801971,71637,71637,53735,15394,20945,9275,4168,3289178,394029,
113,75999,246038,2847102,72636,72636,54524,15584,21247,9411,4208,3337638,399585,
114,77092,249479,2890291,73635,73635,55266,15800,21596,9547,4247,3386019,404851,
115,78186,252870,2935072,74636,74636,56118,15961,21836,9683,4289,3432114,411815,
116,79279,256301,2980151,75635,75635,56911,16167,22134,9819,4329,3480358,417298,
117,80400,259767,3029698,76661,76661,57817,16323,22347,9958,4386,3530196,427391,
118,81521,263281,3073664,77687,77687,58595,16527,22688,10097,4426,3578532,432947,
119,82642,266789,3119261,78714,78714,59396,16723,23006,10236,4467,3627423,438510,
120,83763,270289,3165519,79740,79740,60207,16913,23314,10375,4508,3676580,444093,
121,84884,273776,3211101,80760,80760,61009,17102,23631,10514,4549,3725389,449690,
122,86005,277319,3255207,81782,81782,61767,17343,23992,10653,4588,3774656,455167,
123,87126,280816,3301693,82804,82804,62585,17538,24293,10792,4629,3823853,461168,
124,88248,284311,3347699,83826,83826,63388,17730,24610,10931,4670,3873162,466919,
125,89380,287736,3397668,84860,84860,64310,17816,24818,11072,4725,3923193,476341,
126,90512,291278,3443213,85892,85892,65116,18023,25142,11213,4766,3972013,482177,
127,91644,294815,3489855,86924,86924,65927,18225,25461,11354,4808,4021837,488065,
128,92776,298339,3536293,87953,87953,66742,18420,25776,11495,4850,4071275,493893,
129,93908,301869,3583250,88981,88981,67576,18623,26072,11636,4892,4120712,500080,
130,95040,305405,3629963,90007,90007,68390,18836,26388,11777,4934,4170521,505833,
131,96172,308936,3675611,91028,91028,69178,19054,26730,11918,4974,4220695,511262,
132,97304,312460,3722419,92049,92049,70002,19265,27036,12059,5016,4270442,517337,
133,98451,315940,3773566,93087,93087,70928,19381,27255,12202,5073,4321765,527260,
134,99598,319495,3821046,94125,94125,71782,19572,27546,12345,5116,4371510,533381,
135,100745,323053,3867456,95161,95161,72604,19770,27869,12488,5158,4421467,539399,
136,101892,326614,3914333,96197,96197,73422,19971,28196,12631,5200,4471850,545073,
137,103040,330166,3962311,97236,97236,74269,20156,28495,12774,5243,4522417,551125,
138,104187,333714,4010083,98272,98272,75107,20344,28802,12917,5285,4572931,557166,
139,105334,337281,4057495,99309,99309,75942,20549,29112,13060,5327,4623088,563286,
140,106481,340876,4102451,100345,100345,76712,20784,29487,13203,5367,4673644,568849,
141,107628,344454,4150293,101382,101382,77554,21000,29790,13346,5409,4723911,575284,
142,108784,347967,4201064,102429,102429,78480,21121,30018,13490,5464,4775141,584673,
143,109940,351570,4248257,103477,103477,79325,21330,30327,13634,5507,4825099,591196,
144,111096,355148,4296144,104523,104523,80173,21518,30633,13778,5550,4875626,597354,
145,112252,358736,4344033,105569,105569,81012,21716,30948,13922,5593,4926335,603605,
146,113408,362337,4391981,106615,106615,81856,21927,31258,14066,5636,4977161,609836,
147,114564,365929,4440050,107660,107660,82702,22131,31566,14210,5679,5027929,615881,
148,115720,369531,4488165,108704,108704,83546,22347,31876,14354,5722,5078667,622446,
149,116876,373109,4536474,109750,109750,84407,22535,32169,14498,5765,5129230,628912,
150,118032,376665,4584612,110792,110792,85298,22709,32432,14642,5809,5178782,635674,
151,119233,380408,4636115,111883,111883,86244,22922,32685,14791,5867,5231041,645553,
152,120434,384151,4683492,112973,112973,87092,23137,33036,14940,5911,5281410,652195,
153,121635,387867,4731492,114063,114063,87961,23325,33366,15089,5954,5331989,658849,
154,122836,391607,4778581,115153,115153,88778,23537,33748,15238,5996,5383465,664698,
155,124037,395327,4826980,116243,116243,89646,23729,34079,15387,6039,5434687,671232,
156,125238,399025,4875990,117330,117330,90514,23905,34410,15536,6082,5486139,677672,
157,126439,402741,4925019,118416,118416,91385,24101,34738,15685,6125,5537496,684149,
158,127640,406474,4973271,119504,119504,92243,24310,35079,15834,6168,5588597,690517,
159,128885,410259,5025577,120636,120636,93225,24433,35340,15989,6227,5641238,700842,
160,130130,414119,5073827,121763,121763,94081,24641,35727,16144,6271,5692609,707218,
161,131375,418015,5122044,122894,122894,94924,24877,36127,16299,6314,5744465,713270,
162,132620,421863,5170612,124025,124025,95796,25065,36498,16454,6358,5796036,719761,
163,133865,425721,5219574,125153,125153,96667,25269,36870,16609,6402,5847780,726143,
164,135110,429582,5269051,126283,126283,97538,25472,37242,16764,6446,5900074,732384,
165,136355,433467,5316704,127409,127409,98358,25707,37665,16919,6488,5952713,738185,
166,137600,437327,5366591,128535,128535,99240,25917,38026,17074,6532,6004937,744513,
167,138845,441188,5416305,129657,129657,100127,26136,38382,17229,6576,6056780,751123,
168,140147,445570,5469634,130838,130838,101121,26694,38688,17391,6637,6110893,761329,
169,141449,449610,5518450,132011,132011,101994,26926,39115,17553,6681,6162666,768086,
170,142751,453630,5566814,133179,133179,102849,27148,39560,17715,6724,6215184,774302,
171,144054,457649,5616351,134347,134347,103727,27368,39983,17877,6768,6267808,780890,
172,145357,461689,5664722,135515,135515,104571,27609,40440,18039,6811,6320775,786813,
173,146659,465717,5713773,136681,136681,105426,27843,40885,18201,6854,6373709,792797,
174,147962,469743,5763957,137847,137847,106318,28074,41294,18363,6899,6426435,799433,
175,149265,473794,5812748,139013,139013,107186,28330,41727,18525,6942,6478844,805937,
176,150584,477780,5866575,140193,140193,108165,28475,42065,18689,7000,6533334,815974,
177,151903,481890,5913875,141373,141373,108992,28744,42555,18853,7043,6586155,821956,
178,153222,485947,5964047,142547,142547,109891,28972,42973,19017,7088,6638866,828901,
179,154541,490001,6014229,143714,143714,110782,29211,43399,19181,7132,6692174,835440,
180,155861,494042,6064977,144881,144881,111697,29436,43802,19345,7177,6745305,842304,
181,157180,498112,6114181,146043,146043,112556,29701,44260,19509,7220,6798707,848574,
182,158499,502142,6165150,147203,147203,113454,29930,44679,19673,7265,6852279,854904,
183,159819,506218,6213681,148363,148363,114289,30204,45162,19837,7307,6906012,860861,
184,161139,510196,6265287,149519,149519,115238,30388,45531,20001,7353,6958722,868486,
185,162471,514173,6318487,150690,150690,116240,30527,45859,20167,7413,7012072,879117,
186,163803,518271,6366436,151861,151861,117094,30787,46335,20333,7456,7064985,885485,
187,165135,522312,6417702,153032,153032,118006,30990,46753,20499,7501,7118711,891889,
188,166467,526351,6468297,154200,154200,118905,31197,47184,20665,7546,7172269,898792,
189,167799,530398,6517622,155363,155363,119789,31422,47630,20831,7590,7225383,905485,
190,169131,534409,6568866,156521,156521,120703,31621,48046,20997,7635,7279261,912391,
191,170463,538447,6619892,157678,157678,121603,31849,48476,21163,7680,7333399,918758,
192,171795,542497,6670513,158833,158833,122500,32093,48909,21329,7725,7387364,925475,
193,173127,546500,6722036,159982,159982,123430,32302,49309,21495,7770,7441017,932697,
194,174465,550430,6775358,161134,161134,124443,32426,49632,21661,7829,7494480,943762,
195,175801,554459,6825427,162282,162282,125352,32659,50057,21827,7874,7547602,950482,
196,177137,558489,6875222,163429,163429,126238,32895,50505,21993,7918,7601274,957131,
197,178474,562475,6926428,164578,164578,127197,33082,50881,22159,7965,7654164,964471,
198,179810,566502,6976397,165722,165722,128071,33321,51341,22325,8009,7708404,970656,
199,181146,570497,7028157,166868,166868,128996,33524,51750,22491,8054,7762555,977460,
200,182482,574511,7079384,168014,168014,129903,33746,52177,22657,8099,7816583,984205,
201,183818,578523,7130263,169159,169159,130811,33968,52603,22823,8144,7870279,991206,
202,185174,582518,7185276,170330,170330,131837,34098,52931,22992,8203,7925570,1001826,
203,186530,586621,7234984,171498,171498,132737,34342,53385,23161,8248,7978760,1008422,
204,187886,590703,7286049,172668,172668,133652,34561,53824,23330,8293,8032897,1015223,
205,189242,594789,7337245,173836,173836,134565,34788,54265,23499,8338,8087122,1022096,
206,190598,598876,7388689,175004,175004,135473,35016,54711,23668,8383,8141752,1029034,
207,191954,602968,7440134,176171,176171,136374,35251,55164,23837,8428,8196606,1035487,
208,193310,607071,7490399,177339,177339,137279,35495,55613,24006,8473,8250733,1042090,
209,194667,611131,7543035,178509,178509,138237,35691,56010,24175,8519,8305161,1049020,
