Backup ID, Logical chunk num, Unique chunk num, Base chunk num, Delta chunk num, Logical chunk size, Unique chunk size, Base chunk size, Delta chunk size, LZ4_save size, Delta_save size, 
0,598076,118229,114873,3356,8588886016,1032135022,625984914,3994812,371951954,30203342
1,1195194,131087,125723,5364,17177772032,1171401480,679629822,7966270,433401444,50403944
2,1791173,149943,142788,7155,25766658048,1368358678,771052926,11619309,518596723,67089720
3,2386184,164814,156220,8594,34355544064,1528865472,838253368,14642571,595808340,80161193
4,2980525,182825,173144,9681,42944430080,1719207135,929147813,17011833,683447677,89599812
5,3572942,204438,193222,11216,51533316096,1951922178,1033723162,20790593,796010456,101397967
6,4164755,221561,209316,12245,60122202112,2137587443,1116029341,22872295,888260037,110425770
7,4755932,242885,229327,13558,68711088128,2361052678,1223910934,25732178,990246464,121163102
8,5346585,262903,248242,14661,77299974144,2573569874,1322471394,28090549,1092829215,130178716
9,5936829,281759,265864,15895,85888860160,2774054407,1414041938,30538962,1188592689,140880818
10,6526705,307464,290088,17376,94477746176,3045410776,1539620627,33892288,1320471967,151425894
11,7117376,326216,307607,18609,103066632192,3242865686,1631906333,36234398,1412695296,162029659
12,7708121,347836,327902,19934,111655518208,3473193093,1738174790,38800658,1523152401,173065244
13,8299588,374837,353219,21618,120244404224,3759205714,1872563490,42527331,1658350466,185764427
14,8891445,396422,373442,22980,128833290240,3992611430,1978733300,45046751,1770608309,198223070
15,9483489,417887,393386,24501,137422176256,4224877819,2082654994,47933572,1883140888,211148365
16,10077606,443648,417384,26264,146011062272,4498147302,2213708316,51382439,2007125231,225931316
17,10672558,470248,442055,28193,154599948288,4782863934,2345782165,55450732,2139663898,241967139
18,11268152,494813,464943,29870,163188834304,5047681626,2469231909,58818712,2263069992,256561013
19,11865051,517318,485556,31762,171777720320,5289461317,2579591601,62418973,2374433771,273016972
20,12462550,542802,509115,33687,180366606336,5563245113,2704476274,66380839,2503043246,289344754
21,13060779,568100,532578,35522,188955492352,5836765923,2829726167,69822716,2631642018,305575022
22,13661032,598836,561372,37464,197544378368,6163336318,2987278596,73870042,2780898644,321289036
23,14263100,625524,585910,39614,206133264384,6450494513,3119332019,78159241,2913184642,339818611
24,14866184,651870,610476,41394,214722150400,6735758417,3248605082,81715031,3050599281,354839023
25,15472152,686885,643174,43711,223311036416,7109281814,3427047268,86604387,3222299334,373330825
26,16079762,719004,672901,46103,231899922432,7452798290,3587383306,92202461,3381915842,391296681
27,16689366,753044,704334,48710,240488808448,7818860463,3757847656,97584916,3551166674,412261217
28,17301791,788203,736849,51354,249077694464,8196526159,3933898002,103383130,3726053771,433191256
29,17916474,824183,770286,53897,257666580480,8581486572,4114525035,109262281,3905309001,452390255
