Backup ID, FPindex, SFindex, Deltaindex
0,9458320,21469120,76736
1,10486960,23368064,158848
2,11995440,26317312,210016
3,13185120,28556288,244992
4,14626000,31334080,265728
5,16355040,34738240,293952
6,17724880,37308800,316704
7,19430800,40670912,346400
8,21032240,43733248,369472
9,22540720,46585408,401664
10,24597120,50635264,430400
11,26097280,53494784,466304
12,27826880,56839552,503232
13,29986960,61134464,538816
14,31713760,64454016,581824
15,33430960,67746240,621472
16,35491840,71824704,667552
17,37619840,76050944,719872
18,39585040,79901312,760864
19,41385440,83431040,817088
20,43424160,87436416,867680
21,45448000,91380416,918656
22,47906880,96329600,966944
23,50041920,100566592,1025888
24,52149600,104704512,1073056
25,54950800,110403392,1129888
26,57520320,115616064,1186592
27,60243520,121116928,1251712
28,63056240,126819584,1318720
29,65934640,132673856,1381024
