BackupID, OnlineSpeed(MB/s), Encalve ProcessTime(s), BackupSize, OnlineSize, OfflineSize, OfflineTime(s)
0, 451.351, 18.1477, 8588886016, 629979726, 629979726, 0.739432
1, 729.308, 11.2312, 8588886016, 687596092, 687596092, 0.698746
2, 711.345, 11.5148, 8588886016, 782672235, 782672235, 1.07363
3, 727.679, 11.2563, 8588886016, 852895939, 852895939, 1.37898
4, 565.974, 14.4724, 8588886016, 946159646, 946159646, 1.90958
5, 680.372, 12.039, 8588886016, 1054513755, 1054513755, 2.32038
6, 628.736, 13.0277, 8588886016, 1138901636, 1138901636, 2.53951
7, 690.199, 11.8676, 8588886016, 1249643112, 1249643112, 2.41873
8, 677.606, 12.0882, 8588886016, 1350561943, 1350561943, 2.85633
9, 699.02, 11.7178, 8588886016, 1444580900, 1444580900, 3.10463
10, 669.011, 12.2435, 8588886016, 1573512915, 1573512915, 3.67737
11, 559.949, 14.6281, 8588886016, 1668140731, 1668140731, 3.01639
12, 673.527, 12.1614, 8588886016, 1776975448, 1776975448, 3.62222
13, 656.056, 12.4852, 8588886016, 1915090821, 1915090821, 3.76801
14, 676.566, 12.1067, 8588886016, 2023780051, 2023780051, 4.04863
15, 677.213, 12.0952, 8588886016, 2130588566, 2130588566, 4.12992
16, 614.091, 13.3384, 8588886016, 2265090755, 2265090755, 3.98504
17, 649.857, 12.6043, 8588886016, 2401232897, 2401232897, 4.4342
18, 636.242, 12.874, 8588886016, 2528050621, 2528050621, 4.78694
19, 671.816, 12.1923, 8588886016, 2642010574, 2642010574, 4.08044
20, 644.27, 12.7136, 8588886016, 2770857113, 2770857113, 5.04878
21, 654.622, 12.5126, 8588886016, 2899548883, 2899548883, 4.98043
22, 627.276, 13.0581, 8588886016, 3061148638, 3061148638, 5.75475
23, 647.132, 12.6574, 8588886016, 3197491260, 3197491260, 5.01813
24, 637.143, 12.8558, 8588886016, 3330320113, 3330320113, 5.76992
25, 588.706, 13.9136, 8588886016, 3513651655, 3513651655, 6.00423
26, 594.897, 13.7688, 8588886016, 3679585767, 3679585767, 5.44072
27, 600.081, 13.6498, 8588886016, 3855432572, 3855432572, 6.47442
28, 580.947, 14.0994, 8588886016, 4037281132, 4037281132, 6.95447
29, 587.907, 13.9325, 8588886016, 4223787316, 4223787316, 6.89247
