Backup ID, Ecall, Inline_Ocall, Offline_Ocall, _Inline_FPOcall, _Inline_SFOcall, _Inline_LocalOcall, _Inline_LoadOcall, _Inline_DeltaOcall, _Inline_RecipeOcall, _Inline_Write_ContainerOcall, _inline_have_similar_chunk_num, _inline_need_load_container_num, _inlineDeltaChunkNum, 
0,4675,4384,61628,1143,1143,74,934,506,584,160,6565,1360,3356
1,9342,6665,114445,1693,1693,127,1091,894,1167,176,9534,2263,5364
2,14001,9028,190946,2278,2278,224,1229,1270,1749,200,13016,3388,7155
3,18652,11395,277601,2860,2860,337,1371,1637,2330,218,16217,4554,8594
4,23298,13814,382429,3457,3457,511,1519,1960,2910,242,19751,6002,9681
5,27929,16379,501572,4097,4097,686,1684,2327,3488,271,23625,7531,11216
6,32555,18881,627472,4706,4706,879,1893,2632,4065,293,27351,9127,12245
7,37176,21450,747932,5354,5354,1071,2060,2969,4642,322,31155,10674,13558
8,41793,24100,883900,6007,6007,1295,2279,3294,5218,348,35212,12444,14661
9,46407,26702,1027763,6660,6660,1506,2466,3616,5794,373,39196,14175,15895
10,51018,29576,1192328,7378,7378,1740,2695,4015,6370,406,43790,16136,17376
11,55635,32261,1333091,8054,8054,1938,2894,4375,6946,431,47639,17815,18609
12,60253,35047,1494940,8756,8756,2187,3100,4726,7522,459,51826,19727,19934
13,64876,38040,1661356,9522,9522,2421,3339,5137,8099,495,56440,21680,21618
14,69502,40950,1836696,10255,10255,2659,3582,5523,8676,523,60723,23671,22980
15,74130,43966,2015741,11004,11004,2899,3869,5936,9254,551,65027,25730,24501
16,78774,47094,2188597,11796,11796,3123,4151,6394,9834,585,69527,27734,26264
17,83425,50296,2375660,12610,12610,3349,4436,6876,10415,621,74104,29808,28193
18,88081,53485,2574555,13426,13426,3602,4698,7337,10996,654,78600,31966,29870
19,92747,56599,2748436,14223,14223,3801,4955,7819,11578,683,82708,33822,31762
20,97417,60001,2956786,15093,15093,4044,5282,8328,12161,717,87317,36058,33687
21,102093,63528,3160960,16029,16029,4311,5596,8818,12745,750,92053,38336,35522
22,106785,67184,3393204,17015,17015,4598,5914,9311,13331,792,97000,40747,37464
23,111491,70848,3597813,18021,18021,4816,6221,9851,13918,828,101606,42886,39614
24,116205,74606,3827535,19026,19026,5103,6566,10379,14506,862,106383,45311,41394
25,120942,78643,4065095,20108,20108,5391,6948,10991,15097,909,111707,47912,43711
26,125691,82794,4283374,21291,21291,5639,7297,11586,15690,952,116664,50241,46103
27,130456,87142,4535095,22507,22507,5923,7685,12235,16285,997,122036,52889,48710
28,135243,91642,4803954,23772,23772,6209,8103,12903,16883,1044,127480,55655,51354
29,140048,96293,5070140,25105,25105,6519,8517,13564,17483,1092,132953,58477,53897
