Backup ID, Logical chunk num, Unique chunk num, Base chunk num, Delta chunk num, Logical chunk size, Unique chunk size, Base chunk size, Delta chunk size, LZ4_save size, Delta_save size, 
0,47270,45091,44906,185,374824960,355493664,226778392,121741,127105196,1488335
1,93760,63193,55042,8151,741068800,495103669,276876562,1021870,157209706,59995531
2,140254,80435,64873,15562,1108418560,629979924,325815687,2041418,187565022,114557797
3,186916,97135,73595,23540,1477611520,759367472,369554568,3110194,214469346,172233364
4,233561,111930,80908,31022,1846190080,875009206,404888775,3992934,239090997,227036500
5,271616,126584,88502,38082,2149201920,988912863,439661600,4970121,265233388,279047754
6,333509,182509,140860,41649,2647705600,1439024217,688957055,6279213,438815043,304972906
7,375631,217536,168356,49180,2997319680,1732574333,807893909,7694084,550997674,365988666
8,419564,249310,186604,62706,3364526080,1998004082,897722728,13157057,608856798,478267499
9,463497,249332,186614,62718,3731732480,1998126473,897730569,13159974,608899435,478336495
10,511234,257100,192056,65044,4109803520,2059446492,924765205,13442883,626918108,494320296
11,550375,262844,195551,67293,4422103040,2104629607,940492248,13672173,640926376,509538810
12,589502,277512,203181,74331,4734248960,2218783128,977312587,14720411,666038464,560711666
13,652520,280730,203658,77072,5241784320,2241418287,979211832,15054671,667521848,579629936
14,717905,300858,213043,87815,5764464640,2400783295,1021379107,16471219,698635603,664297366
15,783325,316129,219071,97058,6287237120,2525462985,1050635688,17477054,719503751,737846492
16,829595,341773,229638,112135,6673735680,2745488039,1097162481,27493362,762864828,857967368
17,875466,350721,231441,119280,7057971200,2823472834,1103530802,35169452,769977198,914795382
18,923854,357394,235583,121811,7442227200,2876277470,1121873223,35413852,786862598,932127797
19,971484,363629,238992,124637,7817871360,2924628193,1136101622,34835650,801130516,952560405
20,1019179,369592,242107,127485,8194682880,2971142827,1148738974,35154524,814947695,972301634
21,1067026,375496,245105,130391,8573368320,3017413239,1160634320,35508325,828764925,992505669
22,1112897,375519,245117,130402,8957603840,3017536324,1160647259,35512123,828811001,992565941
23,1158768,375540,245120,130420,9341839360,3017643824,1160648628,35516425,828823456,992655315
24,1207545,391103,253768,137335,9731287040,3147129212,1206859999,36350786,854926518,1048991909
25,1256392,394790,254584,140206,10121338880,3173146392,1211059889,36658363,856528409,1068899731
26,1305302,398504,255106,143398,10512404480,3198894091,1212878707,37134789,858182849,1090697746
27,1354172,412295,260874,151421,10903429120,3314601417,1241832624,37998551,878294258,1156475984
28,1402940,415863,261535,154328,11293941760,3340115247,1245749543,38353816,879418460,1176593428
29,1443085,436186,270366,165820,11619184640,3504542465,1289201008,40084056,908010324,1267247077
30,1483217,452933,276728,176205,11944468480,3640857118,1319345358,41286800,930395400,1349829560
31,1523363,455386,277116,178270,12269639680,3659050396,1321481386,41559677,931226904,1364782429
32,1563546,457878,277617,180261,12595281920,3677505788,1324323402,41823104,932227358,1379131924
33,1603775,460343,278092,182251,12921047040,3695746745,1327165499,42082588,933154502,1393344156
34,1648884,470364,281989,188375,13298063360,3789919389,1338692490,55412407,958858447,1436956045
35,1694029,478149,283040,195109,13675489280,3861312313,1342831385,63171064,963458739,1491851125
36,1741440,485699,283660,202039,14072944640,3929958353,1345638098,71201631,965961991,1547156633
37,1788524,505702,288757,216945,14468106240,4101652910,1371270572,82213866,982058113,1666110359
38,1835523,513397,289997,223400,14863370240,4171832822,1376004622,90946549,989776366,1715105285
39,1876216,530689,298720,231969,15191316480,4311487807,1419249702,92285817,1016161284,1783791004
40,1913449,545953,303657,242296,15492782080,4436563133,1443490724,94013312,1032164021,1866895076
41,1950738,563025,309746,253279,15794718720,4575785202,1473491567,95670845,1051336770,1955286020
42,1988065,578196,315804,262392,16096768000,4699732147,1504996837,97277281,1068746033,2028711996
43,2025433,582690,317070,265620,16399237120,4732139714,1510648723,98066910,1072552012,2050872069
44,2074134,597635,324582,273053,16789903360,4856818378,1550065545,99393302,1096651206,2110708325
45,2122847,600194,325172,275022,17180590080,4875734367,1553757830,99582210,1097642317,2124752010
46,2171519,603472,325607,277865,17570560000,4899115325,1555960756,99877929,1098828114,2144448526
47,2220326,618425,331011,287414,17961431040,5021636387,1580383033,101301646,1119248183,2220703525
48,2257694,618450,331020,287430,18263900160,5021781860,1580388553,101304709,1119284144,2220804454
49,2307202,622086,332882,289204,18659973120,5049354401,1593704516,101487121,1120908869,2233253895
50,2356622,624875,333575,291300,19055656960,5069977693,1598258378,101882826,1121825418,2248011071
51,2405612,636347,337728,298619,19468840960,5177786411,1614263571,122272865,1144995092,2296254883
52,2447006,637794,338179,299615,19802460160,5189341117,1617277748,122415080,1145696743,2303951546
53,2484962,639336,338835,300501,20109813760,5201673249,1621969950,122543326,1146399738,2310760235
54,2522969,640807,339328,301479,20417689600,5213578195,1625343695,122676785,1147062600,2318495115
55,2561009,642051,339607,302444,20725667840,5223559501,1627096527,122815725,1147622494,2326024755
56,2599098,643311,339866,303445,21034076160,5233628060,1628624061,122956890,1148178356,2333868753
57,2639876,645916,340437,305479,21364449280,5252952705,1632114160,123233814,1149103938,2348500793
58,2680677,648640,341112,307528,21695129600,5273120641,1636255367,123539836,1150158406,2363167032
59,2721490,651174,341521,309653,22025707520,5292001087,1638595553,123812575,1150976569,2378616390
60,2762338,653720,341941,311779,22356746240,5310963607,1641126171,124080246,1151777862,2393979328
61,2803249,656273,342323,313950,22687907840,5329807731,1643271863,124172642,1152530723,2409832503
62,2850269,667060,344050,323010,23082076160,5426033199,1649245398,134028984,1162294342,2480464475
63,2897423,675589,345045,330544,23477360640,5503728992,1652930023,139562525,1166895803,2544340641
64,2946849,684080,345681,338399,23892674560,5580869610,1655465501,150617665,1169530293,2605256151
65,2995937,692541,346430,346111,24305715200,5657844301,1658199597,157926641,1173045398,2668672665
66,3034026,692567,346442,346125,24614123520,5657992401,1658212773,157931947,1173091835,2668755846
67,3083892,695994,348000,347994,25014067200,5683878422,1666690623,158159123,1176955884,2682072792
68,3133068,710148,354276,355872,25406832640,5802337491,1699722012,159273122,1197065814,2746276543
69,3182530,712856,355021,357835,25803069440,5822555219,1704964488,159471133,1198028378,2760091220
70,3220619,712881,355025,357856,26111477760,5822699186,1704966378,159477794,1198044920,2760210094
71,3263035,735096,375749,359347,26455859200,6005656824,1821822162,159999909,1252391067,2771443686
72,3307336,746419,384681,361738,26815508480,6098796294,1870211044,160535673,1278093266,2789956311
73,3350218,752391,389129,363262,27163023360,6147772247,1895170294,160832093,1289680384,2802089476
74,3393144,753605,389458,364147,27510743040,6157487549,1897379778,160948505,1290159691,2808999575
75,3436144,759571,393016,366555,27858503680,6204746036,1914993965,161320776,1301138311,2827292984
76,3479144,762358,393672,368686,28206233600,6225611499,1918509149,161429028,1302758552,2842914770
77,3523445,770570,398859,371711,28565800960,6291053095,1943730524,162025235,1320190989,2865106347
78,3567732,772866,399285,373581,28925265920,6310049010,1946027180,162240002,1321497942,2880283886
79,3612081,781297,404191,377106,29285120000,6376027080,1968983078,162987541,1338592415,2905464046
80,3656412,784282,404720,379562,29644994560,6399193338,1971329334,163285856,1340453119,2924125029
81,3700674,787566,405553,382013,30004213760,6425556325,1975712569,163573921,1342617008,2943652827
82,3740691,798725,415187,383538,30326528000,6515039713,2028433123,163977690,1367308517,2955320383
83,3783372,805381,419627,385754,30671964160,6567954497,2051487307,164382966,1380103428,2971980796
84,3825950,810353,422981,387372,31016939520,6607659097,2068840667,164763096,1390119689,2983935645
85,3868596,815960,425614,390346,31362539520,6650687784,2086208649,165492139,1393931869,3005055127
86,3910995,819466,426510,392956,31706787840,6677029366,2091196818,165632447,1396151499,3024048602
87,3953403,821838,426784,395054,32051159040,6694505446,2092173117,165864649,1397209255,3039258425
88,3997704,821859,426788,395071,32410808320,6694628515,2092181065,165868392,1397231686,3039347372
89,4042378,824073,428704,395369,32773447680,6712487789,2106737483,165952715,1398375716,3041421875
90,4086956,826102,429814,396288,33135206400,6728833826,2115335690,166065035,1398984192,3048448909
91,4131606,827496,430187,397309,33497640960,6740028415,2117825563,166200136,1399517430,3056485286
92,4176284,834288,434343,399945,33860229120,6794113241,2137372280,166944451,1414413119,3075383391
93,4220932,838026,435023,403003,34222755840,6822115611,2139989215,167398559,1416764455,3097963382
94,4265582,838047,435029,403018,34585190400,6822244413,2139994237,167400260,1416797653,3098052263
