Backup ID, FPindex, SFindex, Deltaindex
0,3607280,8562432,10176
1,5055440,10505600,514400
2,6434800,12391168,826144
3,7770800,14064960,1129440
4,8954400,15466240,1408256
5,10126720,16921600,1678784
6,14600720,26909312,1838432
7,17402880,31882880,2266432
8,19944800,35326208,2893344
9,19946560,35328128,2894048
10,20568000,36372096,2977568
11,21027520,37043008,3065760
12,22200960,38507328,3319264
13,22458400,38598912,3452992
14,24068640,40397952,3881120
15,25290320,41555136,4200384
16,27341840,43563008,4793344
17,28057680,43856512,5084000
18,28591520,44651200,5178816
19,29090320,45305088,5284128
20,29567360,45903040,5386848
21,30039680,46478592,5491072
22,30041520,46480896,5491616
23,30043200,46481472,5492448
24,31288240,48141120,5732704
25,31583200,48296512,5846272
26,31880320,48396480,5960096
27,32983600,49503296,6249664
28,33269040,49628736,6351264
29,34894880,51320960,6773600
30,36234640,52539584,7132000
31,36430880,52613888,7206272
32,36630240,52709504,7277536
33,36827440,52799936,7349504
34,37629120,53520640,7566880
35,38251920,53697536,7834528
36,38855920,53801472,8072416
37,40456160,54750144,8594528
38,41071760,54937152,8820416
39,42455120,56601152,9117376
40,43676240,57542016,9512992
41,45042000,58680256,9904704
42,46255680,59829632,10223104
43,46615200,60068544,10342656
44,47810800,61509504,10602272
45,48015520,61622592,10673792
46,48277760,61704896,10775392
47,49474000,62739328,11115744
48,49476000,62740928,11116640
49,49766880,63097152,11175296
50,49990000,63229568,11255424
51,50907760,63994368,11525536
52,51023520,64080960,11575072
53,51146880,64206912,11608992
54,51264560,64301248,11646144
55,51364080,64354368,11679424
56,51464880,64402944,11714176
57,51673280,64511744,11789952
58,51891200,64639936,11865600
59,52093920,64716480,11940192
60,52297600,64796352,12012800
61,52501840,64868736,12086208
62,53364800,65173888,12434400
63,54047120,65301440,12701376
64,54726400,65404800,12967360
65,55403280,65501248,13229376
66,55405360,65503552,13230016
67,55679520,65802176,13293312
68,56811840,67003328,13562048
69,57028480,67144896,13632096
70,57030480,67145664,13633056
71,58807680,71119296,13717888
72,59713520,72832832,13837344
73,60191280,73686592,13908768
74,60288400,73749760,13941824
75,60765680,74432448,14029760
76,60988640,74557888,14104032
77,61645600,75551616,14211968
78,61829280,75628864,14287808
79,62503760,76568704,14412896
80,62742560,76669632,14508320
81,63005280,76829312,14601600
82,63898000,78671488,14672480
83,64430480,79521920,14764960
84,64828240,80165568,14827392
85,65276800,80668672,14935104
86,65557280,80839808,15023744
87,65747040,80891584,15093504
88,65748720,80892352,15094272
89,65925840,81260224,15105088
90,66088160,81473024,15156000
91,66199680,81544064,15196384
92,66743040,82341376,15292576
93,67042080,82469568,15408896
94,67043760,82470592,15409536
