Backup ID, Online Delta_save, Offline Delta_save, Offline delta time, Offline dedelta time, Offline delete time, Offline Delta chunk num
0,1488335,0,0,0,0,0
1,59995531,0,0,0,0,0
2,114557797,0,0,0,0,0
3,172074823,158541,80,60,11,20
4,226804904,231596,175,144,25,31
5,278751732,296022,262,220,35,42
6,304676884,296022,262,220,35,42
7,365692644,296022,262,220,35,42
8,477971477,296022,262,220,35,42
9,478040473,296022,262,220,35,42
10,494024274,296022,262,220,35,42
11,509242788,296022,262,220,35,42
12,560415644,296022,262,220,35,42
13,579333914,296022,262,220,35,42
14,663665761,631605,670,580,65,90
15,737201812,644680,672,581,67,91
16,856867988,1099380,1049,899,102,150
17,914469955,325427,1315,1150,116,165
18,931790953,336844,1318,1152,118,166
19,951074186,1486219,1804,1600,150,204
20,970815415,1486219,1804,1600,150,204
21,991019450,1486219,1804,1600,150,204
22,991079722,1486219,1804,1600,150,204
23,991169096,1486219,1804,1600,150,204
24,1047195332,1796577,2088,1828,183,260
25,1066665908,2233823,2702,2372,227,330
26,1088152890,2544856,3369,2975,264,394
27,1153298295,3177689,4107,3614,311,493
28,1172980433,3612995,4972,4404,355,568
29,1262434430,4812647,6275,5508,432,767
30,1342519455,7310105,8973,7791,508,1182
31,1357192878,7589551,9656,8433,548,1223
32,1370766059,8365865,10252,8911,589,1341
33,1384628439,8715717,10970,9569,623,1401
34,1424531610,12424435,16630,14473,677,2157
35,1465071885,26779240,26211,22334,760,3877
36,1513876524,33280109,32640,27865,805,4775
37,1619453190,46657169,44763,38004,906,6759
38,1647498451,67606834,60969,51287,973,9682
39,1713830649,69960355,64203,54178,1072,10025
40,1794905688,71989388,66071,55787,1125,10284
41,1882870497,72415523,66769,56447,1160,10322
42,1951260087,77451909,74569,63529,1297,11040
43,1969595029,81277040,78418,66702,1417,11716
44,2027555932,83152393,81235,69265,1492,11970
45,2041599617,83152393,81235,69265,1492,11970
46,2059157828,85290698,85653,73412,1549,12241
47,2132058896,88644629,91831,79071,1694,12760
48,2132159825,88644629,91831,79071,1694,12760
49,2144040399,89213496,92644,79786,1751,12858
50,2158114864,89896207,94377,81386,1818,12991
51,2180932652,115322231,115448,97997,1937,17451
52,2188629315,115322231,115448,97997,1937,17451
53,2195438004,115322231,115448,97997,1937,17451
54,2202157735,116337380,118570,100998,1981,17572
55,2209173701,116851054,118935,101292,2047,17643
56,2216237388,117631365,121193,103460,2096,17733
57,2229640472,118860321,124707,106811,2150,17896
58,2242749150,120417882,128356,110216,2275,18140
59,2254935796,123680594,133639,115082,2377,18557
60,2268473792,125505536,135001,116204,2442,18797
61,2282773181,127059322,139708,120723,2542,18985
62,2309588166,170876309,172313,147785,2691,24528
63,2357463171,186877470,186782,160614,2847,26168
64,2403175455,202080696,209746,181178,2975,28568
65,2450310242,218362423,228968,198350,3114,30618
66,2450393423,218362423,228968,198350,3114,30618
67,2461817092,220255700,234944,204061,3247,30883
68,2520795140,225481403,246017,214467,3403,31550
69,2532632218,227459002,250484,218650,3514,31834
70,2532751092,227459002,250484,218650,3514,31834
71,2543984684,227459002,250484,218650,3514,31834
72,2562403623,227552688,250648,218800,3553,31848
73,2574529520,227559956,250653,218804,3558,31849
74,2581439619,227559956,250653,218804,3558,31849
75,2598673900,228619084,251307,219323,3604,31984
76,2612967093,229947677,253129,220998,3692,32131
77,2634022902,231083445,254504,222205,3774,32299
78,2649200441,231083445,254504,222205,3774,32299
79,2670829007,234635039,258175,225322,3890,32853
80,2689400535,234724494,258252,225391,3909,32861
81,2708928333,234724494,258252,225391,3909,32861
82,2719933993,235386390,259247,226299,4013,32948
83,2736178800,235801996,259577,226570,4050,33007
84,2747932944,236002701,259945,226904,4096,33041
85,2764789745,240265382,265380,231743,4259,33637
86,2782543898,241504704,267180,233403,4325,33777
87,2796742566,242515859,268205,234308,4353,33897
88,2796831513,242515859,268205,234308,4353,33897
89,2798724548,242697327,268402,234481,4386,33921
90,2805494423,242954486,268714,234759,4421,33955
91,2813226801,243258485,269802,235805,4471,33997
92,2830628316,244755075,271785,237549,4549,34236
93,2851455984,246507398,273734,239231,4636,34503
94,2851544865,246507398,273734,239231,4636,34503
