BackupID, OnlineSpeed(MB/s), Encalve ProcessTime(s), BackupSize, OnlineSize, OfflineSize, OfflineTime(s)
0, 94.2919, 3.791, 374824960, 226900133, 226900133, 0.000495
1, 183.791, 1.90041, 366243840, 277898432, 277898432, 0.000847
2, 181.536, 1.92982, 367349760, 327857105, 327857105, 0.000893
3, 181.424, 1.9407, 369192960, 372722636, 372664762, 0.252615
4, 198.666, 1.76932, 368578560, 408894954, 408881709, 0.311189
5, 170.204, 1.69782, 303011840, 444658981, 444631721, 0.204015
6, 93.524, 5.08329, 498503680, 695236268, 695236268, 0.001174
7, 97.3113, 3.4263, 349614080, 815587993, 815587993, 0.001337
8, 103.932, 3.36947, 367206400, 910879785, 910879785, 0.002173
9, 608.464, 0.57554, 367206400, 910890543, 910890543, 0.00177
10, 286.484, 1.25856, 378071040, 938208088, 938208088, 0.001635
11, 283.992, 1.04873, 312299520, 954164421, 954164421, 0.002448
12, 169.357, 1.75774, 312145920, 992032998, 992032998, 0.001684
13, 431.909, 1.12066, 507535360, 994266503, 994266503, 0.009176
14, 197.669, 2.52172, 522680320, 1037980110, 1037850326, 0.936996
15, 238.385, 2.09139, 522772480, 1068112516, 1068112742, 0.033632
16, 126.127, 2.9224, 386498560, 1124893760, 1124655843, 0.962837
17, 230.758, 1.58797, 384235520, 1137825014, 1138700254, 0.38276
18, 275.189, 1.33165, 384256000, 1157287255, 1157287075, 0.010488
19, 287.088, 1.24785, 375644160, 1171933937, 1170937272, 0.926549
20, 292.513, 1.22851, 376811520, 1183893498, 1183893498, 0.001868
21, 287.352, 1.2568, 378685440, 1196142645, 1196142645, 0.001995
22, 595.102, 0.615752, 384235520, 1196159382, 1196159382, 0.002302
23, 601.098, 0.60961, 384235520, 1196165053, 1196165053, 0.002138
24, 186.622, 1.99015, 389447680, 1243314205, 1243210785, 1.00125
25, 355.037, 1.04773, 390051840, 1247905084, 1247718252, 1.14665
26, 352.829, 1.05703, 391065600, 1250077936, 1250013496, 1.05355
27, 218.826, 1.70414, 391024640, 1280103127, 1279831175, 1.42452
28, 341.855, 1.08941, 390512640, 1284343603, 1284103359, 1.20529
29, 140.173, 2.21281, 325242880, 1329975677, 1329285064, 2.38019
30, 148.848, 2.0841, 325283840, 1361790810, 1360632158, 3.33189
31, 353.169, 0.878072, 325171200, 1363169761, 1363041063, 1.48605
32, 347.325, 0.894138, 325642240, 1366765352, 1366146506, 1.09265
33, 336.823, 0.922366, 325765120, 1369349112, 1369248087, 0.951793
34, 205.078, 1.75324, 377016320, 1393270695, 1394104897, 5.90986
35, 249.34, 1.44358, 377425920, 1411220584, 1406002449, 9.46408
36, 249.517, 1.51911, 397455360, 1417590436, 1416839729, 5.78033
37, 143.537, 2.6255, 395161600, 1455435140, 1453484438, 11.438
38, 255.886, 1.47313, 395264000, 1470316063, 1466951171, 13.9717
39, 152.402, 2.05216, 327946240, 1513247717, 1511535519, 3.47235
40, 148.059, 1.9418, 301465600, 1539380294, 1537504036, 1.96776
41, 137.517, 2.09391, 301936640, 1569434908, 1569162412, 0.969394
42, 147.712, 1.95013, 302049280, 1605840623, 1602274118, 7.35138
43, 272.984, 1.05668, 302469120, 1610693500, 1608715633, 4.6741
44, 187.443, 1.98763, 390666240, 1650411337, 1649458847, 3.65703
45, 391.005, 0.952899, 390686720, 1653340040, 1653340040, 0.002575
46, 349.887, 1.06293, 389969920, 1657897005, 1655838685, 3.54975
47, 178.383, 2.08969, 390871040, 1683972345, 1681684679, 5.95316
48, 605.702, 0.476236, 302469120, 1681693262, 1681693262, 0.003201
49, 336.372, 1.12294, 396072960, 1695446789, 1695191637, 1.52904
50, 379.866, 0.993387, 395683840, 1700291459, 1700141204, 2.07443
51, 241.154, 1.63399, 413184000, 1733297020, 1736536436, 19.5762
52, 476.946, 0.667086, 333619200, 1739692828, 1739692828, 0.002949
53, 417.928, 0.701354, 307353600, 1744513276, 1744513276, 0.002931
54, 451.194, 0.650747, 307875840, 1749005136, 1748020480, 2.38813
55, 485.668, 0.604756, 307978240, 1750284168, 1749912252, 1.33193
56, 462.258, 0.636271, 308408320, 1752338577, 1751580951, 1.93966
57, 322.403, 0.977249, 330373120, 1756398448, 1755347974, 2.3968
58, 336.112, 0.938262, 330680320, 1760695249, 1759795203, 4.04696
59, 327.766, 0.961857, 330577920, 1765400890, 1762408128, 4.32547
60, 335.158, 0.941954, 331038720, 1766789237, 1765206417, 1.86411
61, 325.822, 0.969303, 331161600, 1768536517, 1767444505, 4.1151
62, 218.065, 1.72384, 394168320, 1793625570, 1783274382, 25.6275
63, 267.424, 1.40965, 395284480, 1800452089, 1792492548, 12.4095
64, 265.804, 1.4901, 415313920, 1807560846, 1806083166, 17.8312
65, 254.326, 1.54883, 413040640, 1820194640, 1816126238, 15.1274
66, 634.145, 0.463807, 308408320, 1816144720, 1816144720, 0.003184
67, 353.516, 1.07892, 399943680, 1826116125, 1824849746, 4.97933
68, 182.765, 2.04947, 392765440, 1862324419, 1858995134, 9.77695
69, 340.834, 1.1087, 396236800, 1866027432, 1864435621, 3.86058
70, 562.339, 0.523032, 308408320, 1864444172, 1864444172, 0.003279
71, 143.64, 2.28646, 344381440, 1981822071, 1981822071, 0.003394
72, 222.552, 1.54116, 359649280, 2030781571, 2030746717, 0.525758
73, 287.388, 1.1532, 347514880, 2056002027, 2056002387, 0.092576
74, 497.958, 0.665942, 347719680, 2058328283, 2058328283, 0.011277
75, 294.937, 1.12448, 347760640, 2077267304, 2076314741, 0.904669
76, 361.308, 0.917836, 347729920, 2080750451, 2079938177, 2.14927
77, 252.064, 1.36041, 359567360, 2106564426, 2105755759, 2.34183
78, 432.539, 0.792559, 359464960, 2108267182, 2108267182, 0.003456
79, 254.357, 1.34922, 359854080, 2134120192, 2131970619, 3.98692
80, 338.105, 1.01508, 359874560, 2134645340, 2134615190, 0.282808
81, 376.985, 0.908731, 359219200, 2139286490, 2139286490, 0.003487
82, 206.965, 1.48519, 322314240, 2192807414, 2192410813, 2.25807
83, 271.573, 1.21306, 345436160, 2216046183, 2215870273, 0.615452
84, 306.846, 1.07218, 344975360, 2233683178, 2233603763, 0.767635
85, 298.414, 1.10447, 345600000, 2254974840, 2251700788, 5.38032
86, 333.473, 0.984489, 344248320, 2257910081, 2256829265, 1.93134
87, 367.982, 0.892483, 344371200, 2259026079, 2258037766, 0.921996
88, 638.849, 0.536885, 359649280, 2258049457, 2258049457, 0.0041
89, 436.22, 0.792811, 362639360, 2272750548, 2272690198, 0.491831
90, 466.381, 0.739739, 361758720, 2281635386, 2281400725, 0.529381
91, 502.111, 0.688383, 362434560, 2284132142, 2284025699, 1.04412
92, 258.99, 1.33515, 362588160, 2305226939, 2304316731, 2.09417
93, 321.17, 1.07648, 362526720, 2308611584, 2307387774, 2.39342
94, 643.364, 0.537246, 362434560, 2307394497, 2307394497, 0.004015
