Backup ID, Ecall, Inline_Ocall, Offline_Ocall, _Inline_FPOcall, _Inline_SFOcall, _Inline_LocalOcall, _Inline_LoadOcall, _Inline_DeltaOcall, _Inline_RecipeOcall, _Inline_Write_ContainerOcall, _inline_have_similar_chunk_num, _inline_need_load_container_num
0,372,1423,5,370,370,0,267,370,46,59,515,162,
1,738,2563,10,694,694,0,350,734,91,73,8497,539,
2,1104,3711,15,1016,1016,0,445,1098,136,87,15921,1067,
3,1471,4854,27775,1334,1334,1,542,1462,181,100,23906,1727,
4,1838,5958,64556,1622,1622,2,660,1826,226,110,31412,2426,
5,2138,6896,83140,1861,1861,3,785,2123,263,120,38481,3087,
6,2624,8710,83145,2340,2340,3,1097,2607,323,185,42237,3586,
7,2956,10793,83150,2666,2666,3,2157,2937,364,217,52418,4271,
8,3302,12430,83155,2992,2992,3,2756,3281,406,243,66330,5151,
9,3648,12834,83173,2999,2999,3,2760,3625,448,245,66342,5159,
10,4023,13628,83178,3151,3151,3,2831,3998,494,253,68668,5491,
11,4331,14326,83183,3283,3283,3,2921,4304,532,258,70919,5824,
12,4639,15336,83188,3525,3525,3,3103,4610,570,269,77957,6610,
13,5134,16289,83673,3674,3674,3,3204,5103,631,271,80698,6945,
14,5647,17755,179354,4017,4017,4,3410,5613,694,284,91454,7736,
15,6161,19107,182333,4319,4319,5,3583,6124,757,293,100697,8484,
16,6525,20509,283838,4652,4652,7,3912,6484,802,309,115897,9669,
17,6886,21846,315902,4833,4833,8,4484,6842,846,314,123472,10470,
18,7267,22687,316242,4987,4987,9,4591,7220,893,320,126007,10779,
19,7642,23542,404961,5143,5143,10,4715,7592,939,325,128833,11195,
20,8017,24397,404966,5295,5295,10,4847,7965,985,330,131682,11620,
21,8393,25246,404971,5444,5444,10,4978,8339,1031,335,134588,12067,
22,8754,25666,404991,5451,5451,10,4981,8698,1075,337,134599,12075,
23,9115,26084,405002,5458,5458,10,4982,9057,1119,339,134617,12087,
24,9499,27108,520389,5681,5681,12,5131,9437,1166,352,141536,12690,
25,9883,28073,632657,5880,5880,14,5269,9817,1213,355,144416,13202,
26,10268,29055,740324,6071,6071,16,5439,10198,1260,357,147610,13735,
27,10652,30087,882000,6287,6287,18,5610,10578,1307,366,155636,14456,
28,11035,31075,986410,6477,6477,20,5790,10957,1354,369,158554,15034,
29,11351,32333,1176851,6773,6773,24,6103,11267,1393,383,170047,16126,
30,11667,33497,1384650,7031,7031,31,6398,11574,1432,392,180438,17198,
31,11983,34223,1540549,7147,7147,32,6539,11887,1471,394,182504,17583,
32,12299,34972,1639839,7264,7264,34,6701,12199,1510,396,184496,17987,
33,12616,35726,1714847,7377,7377,36,6875,12512,1549,398,186490,18399,
34,12971,36540,1855361,7489,7489,45,7068,12856,1593,405,192688,19142,
35,13326,37395,2094538,7603,7603,65,7298,13189,1637,410,199537,19917,
36,13699,38268,2196339,7714,7714,75,7532,13550,1683,414,206550,20658,
37,14069,39712,2435926,8007,8007,96,7977,13897,1728,426,221558,22209,
38,14439,40633,2590740,8122,8122,131,8255,14230,1773,432,228144,23113,
39,14759,41844,2818494,8373,8373,136,8607,14543,1812,445,236746,24105,
40,15052,43055,2930635,8624,8624,139,8989,14831,1848,454,247112,25185,
41,15346,44501,3010426,8892,8892,141,9571,15121,1884,464,258285,26369,
42,15640,45793,3319074,9162,9162,150,9995,15404,1920,474,267482,27558,
43,15934,46861,3589092,9407,9407,161,10245,15685,1956,478,270716,28191,
44,16317,48045,3796601,9624,9624,165,10567,16062,2003,490,278149,29046,
45,16700,49057,3796606,9839,9839,165,10721,16443,2050,492,280119,29372,
46,17083,50073,3939741,10027,10027,169,10933,16820,2097,495,282962,29895,
47,17467,51488,4260259,10319,10319,178,11335,17193,2144,503,292520,31050,
48,17761,52070,4260276,10443,10443,178,11341,17485,2180,505,292538,31060,
49,18150,52919,4406342,10564,10564,180,11513,17870,2228,510,294314,31442,
50,18539,53765,4556214,10686,10686,184,11680,18253,2276,513,296413,31844,
51,18924,54610,4825563,10815,10815,238,11837,18582,2323,523,303745,32949,
52,19250,55259,4825568,10921,10921,238,11910,18906,2363,525,304741,33090,
53,19549,56154,4825573,11159,11159,238,11995,19203,2400,528,305627,33242,
54,19848,56989,4951038,11371,11371,239,12072,19499,2437,531,306605,33399,
55,20148,57613,5111451,11477,11477,241,12149,19795,2474,533,307570,33565,
56,20448,58094,5241508,11517,11517,242,12215,20092,2511,535,308577,33724,
57,20769,59238,5359554,11805,11805,244,12425,20409,2550,538,310611,34188,
58,21090,60317,5642406,12065,12065,249,12626,20723,2589,541,312661,34663,
59,21411,61114,5897491,12182,12182,255,12831,21036,2628,544,314788,35116,
60,21733,61911,6059523,12297,12297,259,13039,21352,2667,547,316915,35560,
61,22055,62710,6311980,12411,12411,263,13251,21668,2706,549,319086,36019,
62,22425,63806,6627128,12604,12604,326,13548,21973,2751,557,328167,37515,
63,22796,64806,6900799,12732,12732,346,13877,22322,2797,562,336108,38407,
64,23185,65754,7127484,12859,12859,372,14136,22683,2845,567,344036,39291,
65,23571,67237,7354872,13165,13165,394,14576,23045,2892,572,351975,40220,
66,23871,67648,7354892,13200,13200,394,14582,23343,2929,574,351989,40230,
67,24263,68517,7626029,13328,13328,399,14757,23728,2977,578,353858,40614,
68,24650,69774,7972054,13548,13548,409,15141,24103,3025,589,361737,41645,
69,25039,70849,8157201,13769,13769,414,15339,24485,3073,592,363700,42097,
70,25339,71260,8157213,13803,13803,414,15347,24783,3110,594,363721,42112,
71,25673,72221,8157218,14015,14015,414,15511,25115,3151,625,365239,42358,
72,26022,73191,8214591,14240,14240,415,15641,25461,3194,639,367638,42677,
73,26360,74085,8225590,14429,14429,416,15780,25796,3235,647,369164,42942,
74,26698,74822,8225927,14576,14576,416,15846,26132,3276,649,370049,43073,
75,27036,75653,8293349,14730,14730,418,15992,26466,3317,655,372457,43434,
76,27374,76597,8443808,14922,14922,421,16175,26799,3358,658,374590,43876,
77,27723,77595,8664021,15122,15122,424,16383,27143,3401,666,377616,44435,
78,28071,78434,8664026,15300,15300,424,16477,27489,3444,668,379519,44679,
79,28420,79482,8918576,15521,15521,432,16693,27828,3487,676,383047,45306,
80,28769,80472,8949681,15724,15724,433,16887,28174,3530,678,385508,45740,
81,29117,81341,8949686,15901,15901,433,17013,28520,3573,681,387961,46048,
82,29432,82256,9209586,16080,16080,435,17218,28831,3612,696,389528,46413,
83,29768,83147,9262816,16251,16251,437,17392,29163,3653,703,391746,46791,
84,30103,84034,9348489,16420,16420,438,17567,29495,3694,709,393364,47170,
85,30439,84981,9665066,16614,16614,450,17751,29817,3735,716,396338,47741,
86,30773,85918,9788011,16787,16787,452,17969,30147,3776,719,398952,48220,
87,31107,86812,9832294,16946,16946,453,18172,30478,3817,721,401054,48618,
88,31456,87466,9832306,17073,17073,453,18182,30825,3860,723,401071,48630,
89,31808,88259,9886451,17237,17237,455,18254,31173,3903,728,401369,48763,
90,32159,88902,9933429,17327,17327,456,18325,31521,3946,732,402288,48917,
91,32510,89532,9998553,17409,17409,458,18399,31868,3989,734,403312,49085,
92,32862,90532,10127611,17585,17585,463,18654,32213,4032,741,405950,49677,
93,33213,91510,10301793,17757,17757,467,18896,32558,4075,743,409019,50200,
94,33564,92057,10301807,17832,17832,467,18901,32907,4118,745,409035,50210,
