Backup ID, Logical chunk num, Unique chunk num, Base chunk num, Delta chunk num, Logical chunk size, Unique chunk size, Base chunk size, Delta chunk size, LZ4_save size, Delta_save size, 
0,24641,24495,24461,34,208250880,207122891,100522795,132661,106250527,216908
1,49838,39626,31436,8190,420976640,343883169,130445276,1751231,137248341,74438321
2,75769,54678,37459,17219,640409600,480951594,155755379,3858107,164226953,157111155
3,102154,69374,43225,26149,864501760,615776387,180428681,6251655,189836328,239259723
4,128934,85204,49893,35311,1092659200,760639837,208914615,8972924,219639169,323113129
5,156457,101934,57217,44717,1326612480,913110906,240177930,12095001,252094181,408743794
6,184290,118788,64086,54702,1563217920,1067086366,269562905,15523339,282382916,499617206
7,212510,136407,71595,64812,1803356160,1227283855,301686948,19196530,315626013,590774364
8,241451,155151,79371,75780,2049822720,1397466120,334961622,22894209,349758329,689851960
9,270745,172102,85252,86850,2300139520,1554665685,360076248,25978086,376397803,792213548
10,300593,189672,91515,98157,2554542080,1715971804,386480341,29342928,404466100,895682435
11,331389,208165,98671,109494,2817464320,1885698253,416591190,32969442,436334825,999802796
12,362473,226816,106166,120650,3082168320,2056620195,448535944,36819992,469653097,1101611162
13,394467,248136,115761,132375,3355002880,2249505687,489667776,41581254,512063927,1206192730
14,427730,269719,126122,143597,3639654400,2446105951,534148571,45839598,558489043,1307628739
15,461573,291289,135448,155841,3929231360,2642868685,573914996,50689183,600084209,1418180297
16,495907,313484,146955,166529,4223057920,2845343213,623271023,55306740,652150773,1514614677
17,533891,338250,161571,176679,4533319680,3055374134,679908925,59649002,712894808,1602921399
18,573226,363914,174528,189386,4869498880,3288730076,734892776,64706627,772380214,1716750459
19,614460,390057,186659,203398,5222645760,3527677934,786375172,69852879,827506457,1843943426
20,657190,416136,197801,218335,5588357120,3767058441,833163567,74789052,877957006,1981148816
21,701984,444128,210151,233977,5970749440,4022803683,884590438,79910259,934342290,2123960696
22,748244,472329,221737,250592,6365849600,4281805935,933264006,85448693,987137755,2275955481
23,795533,500237,231931,268306,6770524160,4539452538,976004618,91340185,1033394918,2438712817
24,843831,528928,242520,286408,7183421440,4803542209,1019964542,97141626,1081459513,2604976528
25,892453,557325,252726,304599,7597076480,5064122709,1061917949,102812900,1127176568,2772215292
26,943081,588339,265351,322988,8028426240,5347599334,1113947604,109328413,1184891711,2939431606
27,994732,617593,275423,342170,8468920320,5618093235,1155845409,114966507,1230523929,3116757390
28,1047519,648825,286198,362627,8918517760,5905656166,1200833837,121747947,1279876609,3303197773
29,1100481,678191,295722,382469,9369497600,6177498332,1240625490,131926154,1322368590,3482578098
30,1161683,730293,335860,394433,9891061760,6631310292,1403931225,146212261,1505052737,3576114069
31,1224165,764459,347966,416493,10425190400,6949135668,1454533020,151486848,1561534860,3781580940
32,1287906,799067,359587,439480,10969159680,7270247371,1502550099,157670650,1614482985,3995543637
33,1352398,833924,370136,463788,11518976000,7592912324,1545888654,164409883,1662520808,4220092979
34,1418053,869731,381427,488304,12079032320,7925229976,1592098358,171705362,1714349623,4447076633
35,1485051,906885,393625,513260,12650547200,8269312100,1641929418,179265566,1770841607,4677275509
36,1552883,943650,404963,538687,13229209600,8610980264,1688110934,186848036,1823107388,4912913906
37,1620506,980487,416207,564280,13805813760,8953041890,1733905040,194008991,1874948094,5150179765
38,1688546,1017268,426072,591196,14386237440,9294603528,1774602944,201012352,1919752742,5399235490
39,1757006,1054333,437133,617200,14970695680,9640069539,1820295196,209244213,1971078797,5639451333
40,1810412,1083547,445551,637996,15425167360,9911406345,1855606623,221426644,2009824426,5824548652
41,1864540,1113534,454211,659323,15886080000,10189212551,1891794906,229527174,2049495345,6018395126
42,1919273,1143338,462212,681126,16352163840,10465661096,1925232812,237863463,2086637184,6215927637
43,1974837,1173737,470437,703300,16824729600,10747386683,1959662118,247365806,2124371641,6415987118
44,2031182,1204027,478392,725635,17304453120,11028976023,1992770930,256506599,2161043476,6618655018
45,2088613,1233728,485125,748603,17793658880,11306693526,2020751499,264635184,2192195624,6829111219
46,2147190,1264387,492301,772086,18292684800,11593204633,2050545264,273864449,2225850623,7042944297
47,2206496,1294554,498207,796347,18798346240,11876362472,2075161255,282868884,2253415334,7264916999
48,2266715,1323504,502564,820940,19312179200,12150398334,2093130595,290423820,2273676474,7493167445
49,2335940,1359838,512686,847152,19902177280,12489094108,2134761116,310592327,2320854957,7722885708
50,2419066,1426420,559626,866794,20615280640,13077690238,2321157148,330512013,2543552424,7882468653
51,2503193,1471068,573935,897133,21337559040,13492750308,2380054263,337879001,2609991687,8164825357
52,2593570,1520912,592939,927973,22117294080,13956496725,2448225190,346769112,2711023644,8450478779
53,2687808,1568890,607924,960966,22935326720,14407514754,2505148475,356515002,2789104167,8756747110
54,2782874,1615142,622149,992993,23760384000,14838437071,2562241342,369167710,2854858013,9052170006
55,2878878,1662942,635928,1027014,24594739200,15284296250,2618577249,381477197,2919376415,9364865389
56,2975128,1710128,649417,1060711,25430681600,15725714597,2672903876,393027252,2983209348,9676574121
57,3070965,1757037,663466,1093571,26264494080,16164609531,2729628213,403264819,3050038799,9981677700
58,3166442,1803100,676092,1127008,27094425600,16595252208,2781087018,413279155,3109458508,10291427527
59,3262959,1849992,689521,1160471,27933890560,17033027647,2835713812,424219720,3171856727,10601237388
60,3332759,1886832,698507,1188325,28529817600,17377600787,2873096113,437007450,3213867114,10853630110
61,3430872,1934164,712105,1222059,29384591360,17821510252,2928133841,450414289,3279191076,11163771046
62,3504712,1972423,721749,1250674,30015549440,18178220181,2967892372,460303999,3323387953,11426635857
63,3579605,2009807,730145,1279662,30656389120,18529206646,3002616823,469911521,3362643673,11694034629
64,3655420,2047926,738405,1309521,31304744960,18886528805,3036369745,481142221,3401120582,11967896257
65,3732183,2085663,745644,1340019,31962798080,19242462056,3066574762,491758157,3434986971,12249142166
66,3809922,2124329,753614,1370715,32629002240,19606090117,3099863107,503196394,3472247533,12530783083
67,3888789,2162403,760187,1402216,33305978880,19966345083,3127282341,513111635,3502817687,12823133420
68,3968924,2200450,766743,1433707,33992949760,20325995601,3154376240,524175365,3533097091,13114346905
69,4050053,2237353,771719,1465634,34688532480,20677381896,3174940156,533895446,3556355466,13412190828
70,4149217,2284535,785806,1498729,35551836160,21119663880,3231659418,565223801,3623962499,13698818162
71,4265450,2371143,848354,1522789,36571084800,21893659608,3468647354,615226556,3937418666,13872367032
72,4386386,2425654,865840,1559814,37635307520,22408755401,3534308330,624373705,4027858983,14222214383
73,4508081,2477154,879432,1597722,38705633280,22895215145,3588933107,634625216,4092391777,14579265045
74,4632072,2531806,895112,1636694,39797422080,23410168790,3650220775,646070506,4169375550,14944501959
75,4732223,2578458,905952,1672506,40669081600,23848856535,3694760023,654784858,4220305460,15279006194
76,4832181,2625447,919671,1705776,41540311040,24291221580,3750275615,680757366,4285390303,15574798296
77,4936619,2671964,930410,1741554,42453647360,24729783746,3793824935,696443070,4335667302,15903848439
78,5043629,2718584,940229,1778355,43391784960,25170334985,3833388652,710762711,4381996944,16244186678
79,5152164,2765822,950185,1815637,44339476480,25614745161,3872682168,724440872,4428693603,16588928518
80,5261707,2811976,958418,1853558,45297090560,26053001409,3905890858,736083728,4467604859,16943421964
81,5372102,2858319,966321,1891998,46262865920,26494109032,3938070440,748360469,4504911800,17302766323
82,5484739,2905801,974419,1931382,47246745600,26944336428,3970338399,761711115,4542872881,17669414033
83,5615274,2974727,1033229,1941498,48257761280,27443678836,4159035575,775990112,4761060437,17747592712
84,5746948,3029093,1050677,1978416,49277388800,27828197717,4210373497,785245789,4822530906,18010047525
85,5878524,3079049,1057427,2021622,50296289280,28176859675,4227855635,794146672,4845224349,18309633019
86,6010103,3128955,1062946,2066009,51315240960,28525163481,4241959945,802608258,4863990789,18616604489
87,6141701,3178812,1067500,2111312,52334305280,28872958077,4253601903,810706927,4879482617,18929166630
88,6273302,3228688,1071550,2157138,53353441280,29220978790,4264304857,817093036,4893633882,19245947015
89,6404919,3278502,1076270,2202232,54372648960,29568467799,4276782052,822539980,4910317505,19558828262
90,6536540,3328324,1079831,2248493,55391866880,29916062621,4285969753,826707888,4922563524,19880821456
91,6668160,3378140,1083020,2295120,56411105280,30263561394,4294184448,839283298,4933635196,20196458452
92,6804565,3431960,1093335,2338625,57475010560,30644138614,4325752165,843075313,4970992693,20504318443
93,6940979,3482283,1097056,2385227,58538915840,30995265413,4335234030,847323434,4983515775,20829192174
94,7077386,3532627,1100362,2432265,59602872320,31346808615,4343804323,850473180,4994988943,21157542169
95,7213812,3582970,1103707,2479263,60666920960,31698289312,4352298893,854279450,5006474392,21485236577
96,7350241,3633269,1107637,2525632,61731000320,32049460760,4362472243,857386143,5020320192,21809282182
97,7486674,3683528,1110369,2573159,62795130880,32400320490,4369377679,861327049,5029779530,22139836232
98,7623116,3733785,1112965,2620820,63859322880,32751090403,4375955342,864697011,5038777996,22471660054
99,7759591,3784184,1116156,2668028,64923535360,33102591715,4383984295,894213078,5049734336,22774660006
100,7896734,3837918,1125433,2712485,65993605120,33482551991,4412279406,919559586,5083289895,23067423104
101,8033918,3888530,1129496,2759034,67063715840,33836062449,4422880672,916701362,5097693806,23398786609
102,8171098,3939120,1132681,2806439,68133888000,34189542680,4431189819,915653767,5108760540,23733938554
103,8308293,3989691,1135526,2854165,69204070400,34542631238,4438516406,916936599,5118596283,24068581950
104,8445492,4040213,1138508,2901705,70274324480,34895496730,4445918086,919369223,5128849598,24401359823
105,8582680,4090615,1140834,2949781,71344588800,35247383444,4451744932,922443621,5136889671,24736305220
106,8719869,4141100,1143971,2997129,72414894080,35599950429,4459384634,925374852,5147493377,25067697566
107,8857075,4191540,1146068,3045472,73485209600,35952016244,4464574962,929211535,5154752438,25403477309
108,8994276,4241970,1148180,3093790,74555525120,36304049595,4469588764,962096643,5162048870,25710315318
109,9133868,4296766,1157519,3139247,75646996480,36692624072,4498870625,962042696,5196578383,26035132368
110,9273476,4347897,1160794,3187103,76738498560,37049737902,4507259179,965449845,5207597150,26369431728
111,9413087,4398892,1163405,3235487,77830031360,37405820556,4513863700,968388511,5216700281,26706868064
112,9552710,4449914,1165653,3284261,78921687040,37762308541,4519718591,972227732,5224618072,27045744146
113,9692345,4500877,1168033,3332844,80013373440,38118104505,4525733144,975960483,5232846623,27383564255
114,9831983,4551835,1170620,3381215,81105090560,38473884103,4532296701,980068196,5241677260,27719841946
115,9971637,4602922,1175480,3427442,82196858880,38830540205,4546521753,983788924,5259420133,28040809395
116,10111284,4653852,1177969,3475883,83288637440,39186071420,4552751923,1022697832,5268086861,28342534804
117,10254480,4719071,1193408,3525663,84415191040,39665633935,4601785285,1024724069,5335386130,28703738451
118,10397681,4770973,1196939,3574034,85541744640,40028724542,4610927942,1027581329,5347311037,29042904234
119,10540871,4822680,1199670,3623010,86668339200,40390617824,4617998711,1031183099,5356817050,29384618964
120,10684073,4874361,1202106,3672255,87794995200,40752012280,4624376003,1035177534,5365145349,29727313394
121,10827281,4926037,1204820,3721217,88921692160,41113288654,4631252598,1039674741,5374597515,30067763800
122,10970483,4977636,1207251,3770385,90048409600,41473895648,4637616152,1043354113,5383026164,30409899219
123,11113686,5029199,1209526,3819673,91175137280,41834152531,4643334947,1047812454,5390822723,30752182407
124,11256922,5081046,1212041,3869005,92301875200,42196440001,4649710299,1098199428,5399646819,31048883455
125,11401515,5143663,1224486,3919177,93438638080,42646913920,4690862204,1093757114,5446652190,31415642412
126,11546098,5195868,1227816,3968052,94575441920,43011697796,4699458368,1094676258,5458062573,31759500597
127,11690685,5248179,1230376,4017803,95712296960,43377614779,4706186534,1097340624,5466892090,32107195531
128,11835284,5300501,1233249,4067252,96849203200,43743443888,4713973736,1100782326,5476784986,32451902840
129,11979903,5352677,1235912,4116765,97986140160,44107982046,4720647265,1104514351,5486054155,32796766275
130,12124509,5404840,1238097,4166743,99123118080,44472661525,4726093505,1108451505,5493599103,33144517412
131,12269135,5456984,1240176,4216808,100260126720,44837198007,4731377963,1112849045,5500697054,33492273945
132,12413757,5509206,1242552,4266654,101397145600,45202159037,4737202642,1168046726,5509007763,33787901906
133,12560306,5573743,1255656,4318087,102548971520,45669972107,4780060140,1161128836,5560540032,34168243099
134,12706853,5626534,1258611,4367923,103700848640,46039405097,4787927116,1162509770,5570723745,34518244466
135,12853388,5679316,1261374,4417942,104852684800,46408795222,4795131306,1166624505,5580132825,34866906586
136,12999928,5732016,1263687,4468329,106004572160,46777402158,4801187976,1170363354,5588174898,35217675930
137,13146491,5784871,1265890,4518981,107156520960,47147233419,4806739331,1174303398,5595729938,35570460752
138,13293046,5837477,1267905,4569572,108308500480,47515049838,4811775761,1178597091,5602728106,35921948880
139,13439601,5890056,1270226,4619830,109460500480,47882533659,4817427714,1182747714,5610749166,36271609065
140,13586157,5942529,1272135,4670394,110612520960,48249044660,4822181844,1186623102,5617310916,36622928798
141,13732717,5995056,1274270,4720786,111764551680,48616124200,4827376772,1248584341,5624832331,36915330756
142,13880344,6058499,1286412,4772087,112924149760,49073860100,4867390823,1239679835,5671234099,37295555343
143,14027988,6111925,1289777,4822148,114083829760,49447891995,4876046397,1239760570,5682777810,37649307218
144,14175645,6165186,1292543,4872643,115243581440,49820445302,4883254592,1242841133,5692209132,38002140445
145,14323303,6218305,1294903,4923402,116403353600,50191733991,4889235750,1247073697,5700244052,38355180492
146,14470960,6271425,1297121,4974304,117563146240,50563113252,4894952329,1251392986,5707934709,38708833228
147,14618628,6324581,1299479,5025102,118722969600,50934898919,4900922353,1255810074,5716239981,39061926511
148,14766300,6377676,1301789,5075887,119882823680,51306102127,4906780556,1259782414,5724294544,39415244613
149,14913989,6430735,1304298,5126437,121042739200,51676783287,4913128259,1264711991,5732893842,39766049195
150,15061697,6483725,1307606,5176119,122202654720,52046653921,4921603919,1339657270,5744570099,40040822633
151,15215081,6551594,1323254,5228340,123417743360,52542126172,4969960343,1329947782,5812860236,40429357811
152,15368526,6606120,1327369,5278751,124632862720,52923284157,4980769944,1331374733,5826735741,40784403739
153,15521904,6659947,1330556,5329391,125848002560,53299309398,4989381966,1333225748,5838110952,41138590732
154,15675282,6713636,1332722,5380914,127063162880,53674073370,4994831910,1337213001,5845674260,41496354199
155,15828675,6767498,1335257,5432241,128278353920,54050239508,5001299044,1341049126,5854496635,41853394703
156,15982054,6821147,1337353,5483794,129493575680,54424765409,5006485384,1344444424,5861746504,42212089097
157,16135440,6874760,1339534,5535226,130708828160,54798978754,5011771108,1348844545,5869259370,42569103731
158,16288844,6928446,1342009,5586437,131924111360,55173626794,5017736702,1419464542,5877975601,42858449949
159,16447881,6997829,1358693,5639136,133193082880,55683897240,5068054747,1411542295,5953526411,43250773787
160,16606926,7052409,1361836,5690573,134462105600,56065143765,5076081034,1411295757,5964432252,43613334722
161,16765974,7106802,1364427,5742375,135731159040,56444802879,5082650257,1414478170,5973271329,43974403123
162,16925032,7161385,1367567,5793818,137000273920,56826044878,5090937474,1418551281,5984392081,44332164042
163,17084103,7215812,1370177,5845635,138269419520,57205869603,5097564232,1422927853,5993455672,44691921846
164,17243196,7270287,1372336,5897951,139538606080,57586041595,5103076865,1426944269,6001096236,45054924225
165,17402274,7324836,1374175,5950661,140807864320,57967173406,5107734566,1430476257,6007467120,45421495463
166,17561357,7379256,1376382,6002874,142077163520,58347083586,5113240313,1435927687,6015140726,45782774860
167,17720447,7433609,1378763,6054846,143346462720,58726475359,5118818621,1513923982,6023345956,46070386800
168,17886817,7504752,1396262,6108490,144686612480,59254482293,5170114234,1625516608,6108637244,46350214207
169,18053209,7560224,1399917,6160307,146026874880,59642371034,5179333520,1649539610,6121216265,46692281639
170,18219602,7615541,1402653,6212888,147367178240,60028979932,5186244888,1664752880,6130647071,47047335093
171,18386010,7670761,1405121,6265640,148707522560,60414563771,5192414913,1678033506,6139283541,47404831811
172,18552417,7725971,1407251,6318720,150047897600,60800172108,5197692991,1686643241,6146698944,47769136932
173,18718807,7781013,1409243,6371770,151388272640,61184458625,5202573123,1694320368,6153645805,48133919329
174,18885225,7836302,1411668,6424634,152728668160,61570577496,5208416673,1704171475,6162023591,48495965757
175,19051640,7891501,1414292,6477209,154069084160,61956043340,5214834029,1730497312,6171155154,48839556845
176,19220179,7958927,1427192,6531735,155427061760,62443904441,5255936288,1753647951,6222509729,49211810473
177,19388737,8014877,1430267,6584610,156785070080,62834909536,5263961425,1759797653,6233150147,49578000311
178,19557303,8070715,1433335,6637380,158143150080,63225012328,5271558504,1767903788,6243837189,49941712847
179,19725862,8126473,1435735,6690738,159501301760,63614575920,5277641226,1774095808,6252203400,50310635486
180,19894446,8182287,1438309,6743978,160859504640,64004795765,5283945721,1780877231,6261148053,50678824760
181,20063015,8238008,1440714,6797294,162217748480,64394128344,5290231869,1786087766,6269802051,51048006658
182,20231579,8293687,1442832,6850855,163576023040,64783161592,5295585265,1792024033,6277184651,51418367643
183,20400159,8349256,1444705,6904551,164934318080,65171073852,5300264305,1797616108,6283616297,51789577142
184,20568769,8405097,1447700,6957397,166292643840,65560730580,5307853517,1842147935,6294169073,52116560055
185,20738884,8474319,1463509,7010810,167663482880,66060826530,5355953996,1855376895,6357670763,52491824876
186,20909007,8530654,1466942,7063712,169034342400,66453771629,5364145170,1860325072,6369737774,52859563613
187,21079149,8586848,1469377,7117471,170405335040,66846099255,5370215775,1864717311,6378281146,53232885023
188,21249296,8643194,1472064,7171130,171776348160,67239456128,5376972322,1870990142,6387813245,53603680419
189,21419516,8699712,1475534,7224178,173147402240,67633595012,5385854490,1879788608,6399924980,53968026934
190,21589668,8755882,1477735,7278147,174518487040,68025605366,5391309752,1884062122,6407641608,54342591884
191,21759830,8812170,1479958,7332212,175889612800,68418780233,5396840915,1888099167,6415311454,54718528697
192,21930000,8868495,1482257,7386238,177260769280,68811767293,5402624232,1893187830,6423331288,55092623943
193,22100177,8924695,1484774,7439921,178631946240,69203938386,5408692696,1946192717,6432296273,55416756700
194,22271074,8992244,1498730,7493514,180008775680,69690705773,5453637462,1951404817,6485990521,55799672973
195,22441790,9048642,1501947,7546695,181384151040,70084352759,5461817949,1955341129,6496994944,56170198737
196,22612511,9105227,1504944,7600283,182759546880,70479646678,5469706658,1961321670,6507482555,56541135795
197,22783370,9163082,1509903,7653179,184135034880,70884113696,5483122225,1972061652,6525337686,56903592133
198,22954098,9219404,1511933,7707471,185510543360,71277231023,5488144398,1975610212,6532494501,57280981912
199,23124824,9275749,1514140,7761609,186886082560,71670617640,5493887591,1980055532,6540394697,57656279820
200,23295551,9332065,1516338,7815727,188261662720,72063721272,5499472597,1984955806,6548171283,58031121586
201,23466280,9388353,1518823,7869530,189637253120,72456450053,5505567256,2039638864,6556923758,58354320175
202,23639562,9457474,1532562,7924912,191035084800,72958078126,5548752558,2045133123,6614023429,58750169016
203,23812842,9514409,1536318,7978091,192432936960,73355640238,5557913146,2047191250,6627015507,59123520335
204,23986132,9571470,1539213,8032257,193830850560,73754512241,5565112981,2052557159,6637265417,59499576684
205,24159416,9628351,1541823,8086528,195228815360,74151741452,5571687443,2057625277,6646457789,59875970943
206,24332721,9685313,1544216,8141097,196626831360,74549606383,5577932449,2063212423,6654865548,60253595963
207,24506020,9742188,1546227,8195961,198024888320,74946933668,5583029990,2066880840,6661942617,60635080221
208,24679332,9799081,1548940,8250141,199422986240,75344383951,5589882441,2072411173,6671541213,61010549124
209,24852683,9856049,1551262,8304787,200821135360,75742099691,5595475277,2138770708,6679676212,61328177494
