Backup ID, FPindex, SFindex, Deltaindex
0,1959600,4687040,1728
1,3170080,6024896,522144
2,4374240,7180544,938848
3,5549920,8287104,1320704
4,6816320,9564800,1710848
5,8154720,10969664,2117216
6,9503040,12287488,2551392
7,10912560,13723392,2983744
8,12412080,15204416,3464320
9,13768160,16310336,3937568
10,15173760,17497472,4400544
11,16653200,18862976,4863424
12,18145280,20286144,5330720
13,19850880,22117632,5827168
14,21577520,24092928,6305856
15,23303120,25873792,6842080
16,25078720,28073152,7301568
17,27060000,30863936,7752928
18,29113120,33322880,8309952
19,31204560,35628672,8933536
20,33290880,37744128,9573408
21,35530240,40094208,10229568
22,37786320,42291712,10930816
23,40018960,44228032,11670880
24,42314240,46248832,12418944
25,44586000,48192000,13159488
26,47067120,50598720,13905376
27,49407440,52518272,14694880
28,51906000,54569280,15520160
29,54255280,56371776,16317824
30,58423440,64061504,16806176
31,61156720,66384000,18008640
32,63925360,68611264,18962400
33,66713920,70630656,19934304
34,69578480,72775680,20905216
35,72550800,75094144,21894784
36,75492000,77250176,22900352
37,78438960,79389760,23904800
38,81381440,81264512,24965792
39,84346640,83344320,25967712
40,86683760,84918144,26765664
41,89082720,86548416,27584768
42,91467040,88056896,28426560
43,93898960,89601856,29272000
44,96322160,91096384,30121632
45,98698240,92355840,30992128
46,101150960,93693888,31864128
47,103564320,94788096,32765216
48,105880320,95582656,33653248
49,108787040,97487488,34662112
50,114113600,106454848,35439296
51,117685440,109196736,36994912
52,121672960,112806208,38252064
53,125511200,115665920,39573312
54,129211360,118379584,40820288
55,133035360,120993984,42165024
56,136810240,123555456,43476864
57,140562960,126230336,44757600
58,144248000,128627072,46067744
59,147999360,131179328,47359040
60,150946560,132850752,48399168
61,154733120,135424832,49699104
62,157793840,137232448,50776192
63,160784560,138807296,51858912
64,163834080,140349056,52965664
65,166853040,141693888,54085184
66,169946320,143168896,55201728
67,172992240,144382976,56342336
68,176036000,145592896,57467392
69,178988240,146500480,58596544
70,182762800,149158336,59870528
71,189691440,161080960,60860128
72,194052320,164429056,62832736
73,198172320,167033152,64356992
74,202544480,169985920,65865504
75,206276640,171999488,67212320
76,210035760,174577280,68457920
77,213757120,176599040,69855488
78,217486720,178440576,71218048
79,221265760,180306816,72588896
80,224958080,181845760,73969440
81,228665520,183319104,75351712
82,232464080,184826176,76765440
83,237978160,196091392,77223904
84,242327440,199440064,79440960
85,246323920,200734016,81216416
86,250316400,201787520,82796992
87,254304960,202655232,84364608
88,258295040,203415808,85940288
89,262280160,204226816,87470016
90,266265920,204878848,89035680
91,270251200,205424000,90598816
92,274556800,207325120,92101632
93,278582640,207996672,93800832
94,282610160,208573888,95392320
95,286637600,209155584,96966560
96,290661520,209849920,98521088
97,294682240,210322880,100105440
98,298702800,210765888,101686880
99,302734720,211306752,103255872
100,307033440,213023360,104763616
101,311082400,213752384,106434080
102,315129600,214301696,108030368
103,319175280,214786368,109623072
104,323217040,215296576,111204480
105,327249200,215679424,112798272
106,331288000,216225024,114361696
107,335323200,216580416,115957312
108,339357600,216934720,117548384
109,343741280,218643072,119084064
110,347831760,219215296,120801280
111,351911360,219658560,122417248
112,355993120,220044160,124036128
113,360070160,220446656,125639872
114,364146800,220879424,127238080
115,368233760,221729344,128802272
116,372308160,222168576,130397632
117,377525680,225038720,132129856
118,381677840,225665472,133876608
119,385814400,226139200,135519872
120,389948880,226549760,137151776
121,394082960,227017600,138774368
122,398210880,227413440,140398432
123,402335920,227793792,142022240
124,406483680,228211072,143652544
125,411493040,230508288,145369376
126,415669440,231102976,147098880
127,419854320,231516288,148756352
128,424040080,232000448,150397376
129,428214160,232451456,152037408
130,432387200,232819264,153686976
131,436558720,233132544,155333504
132,440736480,233533312,156973888
133,445899440,235946048,158737888
134,450122720,236456704,160510016
135,454345280,236915776,162177984
136,458561280,237302464,163846752
137,462789680,237669184,165518496
138,466998160,237995584,167183520
139,471204480,238381696,168832736
140,475402320,238686272,170493408
141,479604480,239049600,172141760
142,484679920,241296256,173890656
143,488954000,241884992,175666464
144,493214880,242353216,177347296
145,497464400,242738816,179028640
146,501714000,243109440,180703616
147,505966480,243499328,182373056
148,510214080,243860480,184042176
149,514458800,244267392,185704416
150,518698000,244846400,187343168
151,524127520,247740992,189144512
152,528489600,248473024,190960480
153,532795760,249014912,192657152
154,537090880,249384192,194366784
155,541399840,249809856,196065920
156,545691760,250156608,197762656
157,549980800,250515712,199455136
158,554275680,250932544,201139648
159,559826320,254034752,202956768
160,564192720,254583104,204797344
161,568544160,255012288,206521600
162,572910800,255529088,208226240
163,577264960,255968384,209935520
164,581622960,256318720,211656384
165,585986880,256620224,213387136
166,590340480,256976448,215098240
167,594688720,257368832,216804704
168,600380160,260576128,218652352
169,604817920,261218112,220509728
170,609243280,261688896,222265984
171,613660880,262102720,224009728
172,618077680,262457472,225762208
173,622481040,262792512,227506592
174,626904160,263197888,229239616
175,631320080,263648128,230968416
176,636714160,266024512,232831808
177,641190160,266571456,234697920
178,645657200,267092224,236451200
179,650117840,267496320,238215328
180,654582960,267920768,239972512
181,659040640,268308736,241725504
182,663494960,268647680,243481184
183,667940480,268939328,245241088
184,672407760,269446464,246977824
185,677945520,272377280,248809536
186,682452320,272978880,250690464
187,686947840,273376512,252481280
188,691455520,273816320,254257120
189,695976960,274412992,256013888
190,700470560,274768960,257786848
191,704973600,275117056,259561792
192,709479600,275495616,261337344
193,713975600,275905856,263103744
194,719379520,278460672,264937792
195,723891360,279026560,266824320
196,728418160,279525696,268612800
197,733046560,280404608,270379936
198,737552320,280742720,272171200
199,742059920,281095232,273948672
200,746565200,281443008,275724768
201,751068240,281866688,277489952
202,756597920,284399488,279382240
203,761152720,285049984,281264512
204,765717600,285538560,283068032
205,770268080,285979264,284858912
206,774825040,286354560,286656896
207,779375040,286667328,288462688
208,783926480,287133440,290245120
209,788483920,287523648,292039840
