Backup ID, Online Delta_save, Offline Delta_save, Offline delta time, Offline dedelta time, Offline delete time, Offline Delta chunk num
0,216908,0,0,0,0,0
1,74438321,0,0,0,0,0
2,157111155,0,0,0,0,0
3,239259723,0,0,0,0,0
4,322891859,221270,62,36,17,26
5,408522524,221270,62,36,17,26
6,494239890,5377316,1697,1079,81,618
7,567400696,23373668,8297,5634,171,2663
8,622172673,67679287,23780,16132,281,7648
9,697660686,94552862,33672,23099,404,10573
10,770125124,125557311,45933,31875,541,14058
11,838951275,160851521,61478,43501,689,17977
12,910682671,190928491,74410,53044,853,21366
13,970920071,235272659,95241,68830,1037,26411
14,1035093340,272535399,112881,82243,1239,30638
15,1114499849,303680448,128025,93794,1452,34231
16,1183064755,331549922,141323,103883,1681,37440
17,1243344890,359576509,154994,114271,1933,40723
18,1314753449,401997010,174465,128926,2203,45539
19,1402440180,441503246,193769,143770,2476,49999
20,1496263040,484885776,214307,159478,2771,54829
21,1592766859,531193837,236727,176710,3076,60017
22,1691265172,584690309,263836,197929,3406,65907
23,1795633345,643079472,295345,223053,3757,72292
24,1912787094,692189434,320933,243134,4097,77799
25,2020513563,751701729,356571,272158,4476,84413
26,2115890830,823540776,397928,305425,4887,92503
27,2239236162,877521228,430647,332192,5284,98455
28,2328759201,974438572,489948,380695,5751,109253
29,2457736078,1024842020,523869,408622,6166,115247
30,2487732994,1088381075,575807,452163,6735,123644
31,2686167900,1095413040,579567,455126,6899,124441
32,2888180512,1107363125,586101,460300,7135,125801
33,3087528985,1132563994,600026,471401,7495,128625
34,3268787499,1178289134,628317,494635,7905,133682
35,3439793678,1237481831,663536,523303,8386,140233
36,3608300640,1304613266,703166,555579,8862,147587
37,3765491272,1384688493,749621,593331,9375,156290
38,3932204730,1467030760,799418,634069,9832,165349
39,4085023475,1554427858,860888,685792,10357,175096
40,4120089678,1704458974,990397,798315,11112,192082
41,4193197129,1825197997,1091954,886400,11844,205554
42,4287449868,1928477769,1179753,962481,12559,217272
43,4362071102,2053916016,1291336,1059871,13337,231465
44,4445491213,2173163805,1395888,1151052,14093,244836
45,4533021909,2296089310,1509132,1250587,14864,258545
46,4611048910,2431895387,1640985,1367257,15644,273728
47,4692654833,2572262166,1779575,1490244,16404,289331
48,4782812855,2710354590,1917380,1612963,17128,304417
49,4841207521,2881678187,2084598,1760227,17996,324371
50,4873568223,3008900430,2215775,1875501,19056,340274
51,5129251754,3035573603,2241718,1898455,19566,343263
52,5384287481,3066191298,2271122,1924402,20147,346720
53,5632785225,3123961885,2321856,1968648,20800,353208
54,5858549059,3193620947,2390124,2028952,21583,361172
55,6064417529,3300447860,2472812,2099695,22408,373117
56,6277512050,3399062071,2548141,2164065,23175,384076
57,6478303546,3503374154,2621800,2226106,23904,395694
58,6663009453,3628418074,2719224,2309886,24745,409338
59,6855115911,3746121477,2816401,2393912,25592,422489
60,6897502254,3956127856,3051362,2605552,26728,445810
61,7039053765,4124717281,3187247,2722671,27672,464576
62,7123439979,4303195878,3385209,2900980,28834,484229
63,7245834672,4448199957,3545434,3045157,29912,500277
64,7359028013,4608868244,3724500,3206336,31021,518164
65,7473285569,4775856597,3907871,3371292,32088,536579
66,7576439023,4954344060,4120733,3564236,33221,556497
67,7695794757,5127338663,4324137,3748666,34312,575471
68,7805961236,5308385669,4548170,3952844,35448,595326
69,7923889743,5488301085,4771748,4156818,36515,614930
70,8008524106,5690294056,4989448,4350353,37805,639095
71,8041670062,5830696970,5138659,4479240,39507,659419
72,8373126452,5849087931,5153699,4492213,39978,661486
73,8698212500,5881052545,5180122,4515075,40594,665047
74,9015937745,5928564214,5215727,4545405,41346,670322
75,9137204047,6141802147,5426797,4733513,42675,693284
76,9271451758,6303346538,5580494,4868202,43945,712292
77,9468352338,6435496101,5692294,4965022,45020,727272
78,9671682921,6572503757,5809232,5066617,46068,742615
79,9860801088,6728127430,5941998,5182103,47150,759895
80,10073890215,6869531749,6062541,5287097,48141,775444
81,10282745216,7020021107,6198539,5406589,49185,791950
82,10484024356,7185389677,6349605,5539361,50215,810244
83,10518880507,7228712205,6374223,5557881,51870,816342
84,10777044240,7233003285,6375336,5558357,52045,816979
85,11071744614,7237888405,6377166,5559466,52245,817700
86,11363352461,7253252028,6383768,5563887,52605,819881
87,11660879352,7268287278,6391595,5569599,52895,821996
88,11944911447,7301035568,6411819,5585076,53330,826743
89,12219562896,7339265366,6439128,5606900,53730,832228
90,12492255226,7388566230,6478905,5639635,54142,839270
91,12742768735,7453689717,6544724,5694861,54531,849863
92,12929110975,7575207468,6661889,5794760,55229,867129
93,13176296301,7652895873,6743603,5864858,55636,878745
94,13398464551,7759077618,6865011,5970550,56078,894461
95,13612086349,7873150228,7008127,6096720,56529,911407
96,13811546921,7997735261,7176307,6246404,56980,929903
97,14036701494,8103134738,7328507,6382778,57391,945729
98,14256620043,8215040011,7501883,6539456,57849,962427
99,14431879009,8342780997,7751355,6766410,58400,984945
100,14569264397,8498158707,8039691,7029298,59238,1010393
101,14769880395,8628906214,8249438,7220912,59808,1028526
102,14955882259,8778056295,8502103,7452138,60385,1049965
103,15147742296,8920839654,8764073,7693346,61048,1070727
104,15347688858,9053670965,9021250,7930962,61677,1090288
105,15549319480,9186985740,9292310,8182133,62305,1110177
106,15758824129,9308873437,9551700,8423443,62965,1128257
107,15993217936,9410259373,9778863,8635239,63640,1143624
108,16195414063,9514901255,10085246,8921782,64340,1163464
109,16299217168,9735915200,10587326,9392613,65500,1194713
110,16499598844,9869832884,10902211,9687439,66330,1214772
111,16691679622,10015188442,11257053,10020688,67160,1236365
112,16909087024,10136657122,11558601,10303958,67989,1254643
113,17109763074,10273801181,11917720,10642493,68900,1275227
114,17312070126,10407771820,12272406,10977221,69784,1295185
115,17431407242,10609402153,12788306,11463435,70845,1324871
116,17639696204,10702838600,13148583,11804591,71710,1343992
117,17679623547,11024114904,13956063,12567559,73752,1388504
118,17887063088,11155841146,14324979,12916765,74800,1408214
119,18091508208,11293110756,14716204,13287348,75829,1428856
120,18297234451,11430078943,15114900,13665250,76903,1449650
121,18504516268,11563247532,15520386,14050448,77946,1469938
122,18729479370,11680419849,15873251,14385481,78977,1487770
123,18930037746,11822144661,16331301,14821925,80043,1509376
124,19111145133,11937738322,16850699,15317511,81252,1533188
125,19188220876,12227421536,17685051,16112236,83347,1572815
126,19395259618,12364240979,18138372,16545369,84512,1593003
127,19600918387,12506277144,18600676,16986495,85745,1614181
128,19800239302,12651663538,19098140,17462271,86955,1635869
129,19982339868,12814426407,19666784,18006600,88227,1660184
130,20183146443,12961370969,20197153,18514926,89491,1682227
131,20392990203,13099283742,20703529,19000332,90764,1703197
132,20577999707,13209902199,21291421,19564345,92171,1727076
133,20635079104,13533163995,22337757,20566827,94565,1770930
134,20827317798,13690926668,22907825,21113537,95942,1794288
135,21013439978,13853466608,23520938,21702210,97412,1818728
136,21219555604,13998120326,24058457,22218056,98839,1840401
137,21423300306,14147160446,24631728,22768942,100188,1862786
138,21628595098,14293353782,25215939,23331005,101555,1884934
139,21821156176,14450452889,25853534,23945055,103009,1908479
140,22041378216,14581550582,26391736,24463256,104376,1928480
141,22232011860,14683318896,27054360,25102251,105852,1952109
142,22308016178,14987539165,28171743,26178629,108362,1993114
143,22481829887,15167477331,28894639,26875318,110047,2019321
144,22675544352,15326596093,29564181,27521212,111621,2042969
145,22860654972,15494525520,30283854,28215672,113175,2068182
146,23053445583,15655387645,30988564,28896123,114676,2092441
147,23252649623,15809276888,31680828,29565414,116329,2115414
148,23429911470,15985333143,32475724,30333743,117925,2141981
149,23592622215,16173426980,33338491,31168223,119599,2170268
150,23753908441,16286914192,34187288,31989920,121426,2197368
151,23821988978,16607368833,35456214,33215908,124351,2240306
152,23999082612,16785321127,36240000,33973612,126214,2266388
153,24164755903,16973834829,37088648,34794371,127964,2294277
154,24367250379,17129103820,37800049,35482399,129603,2317650
155,24551735939,17301658764,38602817,36259372,131353,2343445
156,24730695816,17481393281,39462299,37092078,133204,2370221
157,24917627886,17651475845,40287536,37891593,134829,2395943
158,25105392168,17753057781,41089781,38669003,136581,2420778
159,25171085765,18079688022,42481195,40016307,139675,2464888
160,25363272298,18250062424,43270020,40780244,141503,2489776
161,25564614365,18409788758,44039048,41525372,143248,2513676
162,25746623915,18585540127,44905718,42365835,145162,2539883
163,25937596968,18754324878,45746440,43181196,146990,2565244
164,26143082005,18911842220,46544494,43955568,148732,2588926
165,26380308468,19041186995,47187286,44578817,150303,2608469
166,26574812163,19207962697,48049322,45415679,152141,2633643
167,26761570887,19308815913,48946094,46286624,153964,2659470
168,26822618563,19527595644,50483197,47778171,157204,2705026
169,27003180781,19689100858,51411426,48679561,159310,2731865
170,27216773992,19830561101,52183516,49428884,161207,2754632
171,27394263980,20010567831,53163023,50380237,163199,2782786
172,27615832973,20153303959,53927532,51122587,165022,2804945
173,27844304207,20289615122,54672633,51846777,166760,2825856
174,28027754679,20468211078,55664391,52811042,168902,2853349
175,28228810102,20610746743,56540158,53662644,170970,2877514
176,28306405730,20905404743,58083647,55162144,174475,2921503
177,28537965833,21040034478,58814720,55872471,176456,2942249
178,28716990987,21224721860,59842844,56872413,178596,2970431
179,28918488717,21392146769,60779182,57783543,180754,2995639
180,29104093507,21574731253,61804863,58781550,182822,3023313
181,29313337547,21734669111,62695384,59647917,185033,3047467
182,29533301012,21885066631,63567126,60496787,187010,3070339
183,29765401201,22024175941,64363335,61271952,189121,3091383
184,29918325336,22198234719,65597611,62474751,191603,3122860
185,29983601638,22508223238,67285668,64118235,195241,3167433
186,30185020048,22674543565,68248067,65055619,197440,3192448
187,30390540027,22842344996,69203870,65986155,199562,3217715
188,30567488175,23036192244,70350809,67103835,201935,3246974
189,30742862864,23225164070,71504686,68228977,204386,3275709
190,30931630460,23410961424,72614562,69311095,206605,3303467
191,31147177232,23571351465,73554055,70226649,208769,3327406
192,31331383224,23761240719,74714505,71358600,211087,3355905
193,31499012358,23917744342,75967849,72581630,213547,3386219
194,31547702115,24251970858,77775437,74342173,217455,3433264
195,31732132602,24438066135,78898459,75437369,219807,3461090
196,31930727421,24610408374,79955611,76468336,222245,3487275
197,32103891981,24799700152,81091843,77575737,224934,3516106
198,32321259249,24959722663,82063702,78523683,227167,3540019
199,32531621476,25124658344,83099069,79534356,229362,3564713
200,32744726352,25286395234,84095641,80506430,231554,3589211
201,32928547036,25425773139,85280722,81663527,233953,3617195
202,32998322920,25751846096,87168286,83504955,237876,3663331
203,33209477079,25914043256,88150994,84463672,240148,3687322
204,33411513806,26088062878,89259679,85546203,242591,3713476
205,33621352188,26254618755,90302909,86564208,244850,3738701
206,33822977749,26430618214,91432284,87666914,247213,3765370
207,34042319288,26592760933,92438829,88649155,249468,3789674
208,34262537605,26748011519,93414489,89601351,251855,3813138
209,34442834288,26885343206,94698317,90855856,254427,3842461
