BackupID, OnlineSpeed(MB/s), Encalve ProcessTime(s), BackupSize, OnlineSize, OfflineSize, OfflineTime(s)
0, 97.5967, 2.03494, 208250880, 100655456, 100655456, 0.000343
1, 137.75, 1.47275, 212725760, 132196507, 132196507, 0.000304
2, 135.674, 1.54243, 219432960, 159613486, 159613486, 0.000488
3, 128.735, 1.66009, 224092160, 186680336, 186680336, 0.00091
4, 128.926, 1.6877, 228157440, 217977525, 217887539, 0.444096
5, 129.631, 1.72116, 233953280, 252272931, 252272931, 0.000527
6, 128.706, 1.75318, 236605440, 287544028, 285086244, 2.83413
7, 123.119, 1.8601, 240138240, 329101579, 320883478, 8.46649
8, 118.063, 1.99087, 246466560, 378485544, 357855831, 18.6206
9, 126.692, 1.88425, 250316800, 398907103, 386054334, 11.9568
10, 118.593, 2.04579, 254402560, 430142245, 415823269, 14.2597
11, 121.677, 2.06072, 262922240, 465840151, 449560632, 16.9136
12, 116.669, 2.16374, 264704000, 499042362, 485355936, 14.6786
13, 109.924, 2.36705, 272834560, 551485910, 531249030, 21.9769
14, 112.787, 2.40687, 284651520, 596963712, 579988169, 19.3131
15, 111.759, 2.47106, 289576960, 638618391, 624604179, 16.9422
16, 108.735, 2.57705, 293826560, 691114176, 678577763, 15.1317
17, 107.114, 2.76238, 310261760, 751555312, 739557927, 16.0437
18, 107.008, 2.99608, 336179200, 818631927, 799599403, 21.766
19, 111.131, 3.03054, 353146880, 874468514, 856228051, 20.9588
20, 117.226, 2.97519, 365711360, 927793758, 907952619, 22.9981
21, 115.959, 3.14487, 382392320, 986148322, 964500697, 24.6418
22, 117.321, 3.21167, 395100160, 1042733171, 1018712699, 28.3466
23, 119.483, 3.22997, 404674560, 1094053389, 1067344803, 31.9408
24, 118.544, 3.32171, 412897280, 1139976626, 1117106168, 27.4384
25, 116.771, 3.37835, 413655040, 1192572443, 1164730849, 35.8185
26, 117.181, 3.51053, 431349760, 1255769038, 1223276017, 41.5987
27, 117.779, 3.56676, 440494080, 1295499046, 1270811916, 32.9094
28, 116.645, 3.67586, 449597440, 1367696413, 1322581784, 57.5578
29, 117.831, 3.65005, 450979840, 1393472203, 1372551644, 34.0962
30, 90.1084, 5.52005, 521564160, 1574764465, 1550143486, 50.1291
31, 120.167, 4.23896, 534128640, 1609086003, 1606019868, 5.7544
32, 117.687, 4.40805, 543969280, 1665465091, 1660220749, 9.15019
33, 122.058, 4.29588, 549816320, 1721446987, 1710298537, 17.2748
34, 122.249, 4.36904, 560056320, 1784173902, 1763803720, 31.0412
35, 122.285, 4.45713, 571514880, 1848125708, 1821194984, 38.6518
36, 125.664, 4.39152, 578662400, 1905321763, 1874958970, 42.447
37, 126.717, 4.33954, 576604160, 1964318901, 1927914031, 47.8818
38, 123.977, 4.46483, 580423680, 2012932334, 1975615296, 49.238
39, 121.04, 4.60494, 584458240, 2068514294, 2029539409, 59.0918
40, 124.27, 3.4877, 454471680, 2143311190, 2077033267, 108.419
41, 117.842, 3.7301, 460912640, 2175595510, 2121322080, 92.8803
42, 114.861, 3.86982, 466083840, 2209588086, 2163096275, 78.5335
43, 118.962, 3.78837, 472565760, 2263446858, 2207027924, 97.6851
44, 119.459, 3.82978, 479723520, 2302166850, 2249277529, 92.5177
45, 121.001, 3.85568, 489205760, 2341037506, 2285386683, 98.6279
46, 123.647, 3.84892, 499025920, 2384751757, 2324409713, 111.026
47, 127.34, 3.78698, 505661440, 2420548955, 2358030139, 117.642
48, 125.451, 3.90615, 513832960, 2445729838, 2383554415, 114.402
49, 125.532, 4.48225, 589998080, 2517623856, 2445353443, 135.275
50, 99.4611, 6.83753, 713103360, 2702959205, 2651669161, 115.694
51, 114.394, 6.02146, 722278400, 2729121551, 2717933264, 27.3054
52, 120.995, 6.14584, 779735040, 2807909100, 2794994302, 31.0343
53, 127.433, 6.12195, 818032640, 2886914379, 2861663477, 49.0463
54, 132.535, 5.9368, 825057280, 2960613821, 2931409052, 64.0354
55, 132.382, 6.01068, 834355200, 3047048070, 3000054446, 80.3709
56, 133.712, 5.96219, 835942400, 3108363944, 3065931128, 72.4218
57, 135.914, 5.85066, 833812480, 3179207893, 3132893032, 71.4647
58, 136.943, 5.77966, 829931520, 3250275053, 3194366173, 90.7852
59, 134.09, 5.97043, 839464960, 3311413954, 3259933532, 88.7213
60, 127.84, 4.44557, 595927040, 3403428127, 3310103563, 180.925
61, 135.461, 6.01779, 854773760, 3452678334, 3378548130, 123.699
62, 117.982, 5.10016, 630958080, 3508530897, 3428196371, 162.236
63, 120.101, 5.08866, 640839680, 3537060062, 3472528344, 135.742
64, 124.915, 4.94994, 648355840, 3588599907, 3517511966, 147.613
65, 128.793, 4.87269, 658053120, 3632169926, 3558332919, 151.022
66, 123.661, 5.13778, 666204160, 3682550549, 3603059501, 168.994
67, 123.441, 5.23013, 676976640, 3717376095, 3640393976, 165.639
68, 127.764, 5.12777, 686970880, 3758474060, 3678551605, 176.674
69, 130.799, 5.07158, 695582720, 3788795699, 3708835602, 178.706
70, 137.752, 5.97674, 863303680, 3876577449, 3796883219, 173.241
71, 111.104, 8.74882, 1019248640, 4125146642, 4083873910, 139.02
72, 138.328, 7.33706, 1064222720, 4166267862, 4158682035, 19.0881
73, 144.245, 7.07643, 1070325760, 4236714760, 4223558323, 30.3767
74, 141.655, 7.35032, 1091788800, 4316707547, 4296291281, 39.9787
75, 135.926, 6.1157, 871659520, 4446451392, 4349544881, 174.732
76, 133.506, 6.22344, 871229440, 4493990080, 4431032981, 140.784
77, 139.264, 6.2545, 913336320, 4545343043, 4490268005, 106.182
78, 142.615, 6.27336, 938137600, 4601849121, 4544151363, 107.297
79, 142.325, 6.35018, 947691520, 4663203980, 4597123040, 119.217
80, 143.914, 6.3458, 957614080, 4702529976, 4641974586, 107.86
81, 143.578, 6.41488, 965775360, 4751170258, 4686430909, 119.156
82, 143.813, 6.52446, 983879680, 4803004533, 4732049514, 132.312
83, 110.455, 8.72918, 1011015680, 4948298284, 4935025687, 42.6633
84, 137.107, 7.09221, 1019627520, 4997407495, 4995619286, 3.79657
85, 156.017, 6.22815, 1018900480, 5024101541, 5022002307, 4.78711
86, 157.618, 6.16519, 1018951680, 5051381406, 5044568203, 12.0479
87, 161.388, 6.02184, 1019064320, 5071124286, 5064308830, 12.5884
88, 162.709, 5.9734, 1019136000, 5096832873, 5081397893, 26.6465
89, 163.804, 5.93387, 1019207680, 5117641016, 5099322032, 33.0254
90, 169.448, 5.73629, 1019217920, 5136458944, 5112677641, 43.1697
91, 167.771, 5.79373, 1019238400, 5159909864, 5133467746, 64.5759
92, 155.589, 6.52116, 1063905280, 5225197613, 5168827478, 110.789
93, 168.784, 6.01133, 1063905280, 5218254124, 5182557464, 73.9227
94, 168.894, 6.00772, 1063956480, 5243200447, 5194277503, 104.431
95, 167.778, 6.04821, 1064048640, 5258361882, 5206578343, 119.169
96, 158.774, 6.39137, 1064079360, 5276855743, 5219858386, 136.015
97, 162.325, 6.25188, 1064130560, 5277600500, 5230704728, 123.149
98, 160.42, 6.32647, 1064192000, 5291244434, 5240652353, 135.921
99, 162.517, 6.24496, 1064212480, 5323124599, 5278197373, 196.535
100, 151.809, 6.72224, 1070069760, 5392135318, 5331838992, 226.333
101, 156.417, 6.52445, 1070110720, 5403307207, 5339582034, 165.694
102, 157.758, 6.46937, 1070172160, 5417158523, 5346843586, 200.596
103, 155.132, 6.57894, 1070182400, 5421454809, 5355453005, 199.766
104, 152.571, 6.68983, 1070254080, 5425817218, 5365287309, 195.323
105, 150.541, 6.78012, 1070264320, 5434851641, 5374188553, 207.26
106, 150.559, 6.77956, 1070305280, 5440131127, 5384759486, 196.128
107, 148.388, 6.87878, 1070315520, 5439421653, 5393786497, 171.632
108, 146.635, 6.96103, 1070315520, 5463804615, 5431685407, 225.985
109, 150.763, 6.90425, 1091471360, 5563855552, 5460913321, 369.825
110, 149.714, 6.95286, 1091502080, 5533090721, 5472709024, 238.893
111, 148.399, 7.01467, 1091532800, 5547445441, 5482252211, 269.435
112, 146.827, 7.09054, 1091655680, 5546233495, 5491946323, 224.917
113, 150.092, 6.93652, 1091686400, 5562849370, 5501693627, 261.266
114, 149.415, 6.96812, 1091717120, 5572591043, 5512364897, 260.357
115, 159.102, 6.54416, 1091768320, 5620883130, 5530310677, 369.714
116, 146.301, 7.11685, 1091778560, 5599294238, 5575449755, 262.284
117, 155.761, 6.89753, 1126553600, 5775476799, 5626509354, 570.936
118, 153.601, 6.99451, 1126553600, 5698038038, 5638509271, 284.074
119, 155.929, 6.89035, 1126594560, 5710317811, 5649181810, 293.385
120, 156.456, 6.86751, 1126656000, 5720484490, 5659553537, 297.475
121, 160.72, 6.68555, 1126696960, 5729589434, 5670927339, 293.893
122, 152.141, 7.06265, 1126717440, 5732991086, 5680970265, 258.031
123, 152.082, 7.06549, 1126727680, 5754100882, 5691147401, 328.841
124, 154.789, 6.94196, 1126737920, 5775544125, 5747909727, 364.07
125, 153.865, 7.04581, 1136762880, 5922260193, 5784619318, 574.268
126, 154.742, 7.00612, 1136803840, 5856772530, 5794134626, 335.488
127, 156.22, 6.94013, 1136855040, 5867974938, 5803527158, 341.183
128, 154.295, 7.02702, 1136906240, 5880254405, 5814756062, 355.082
129, 153.336, 7.07118, 1136936960, 5898116005, 5825161616, 398.459
130, 151.374, 7.1631, 1136977920, 5900644982, 5834545010, 377.566
131, 151.633, 7.15105, 1137008640, 5905718773, 5844227008, 363.46
132, 151.279, 7.16783, 1137018880, 5927308230, 5905249368, 408.246
133, 156.198, 7.03251, 1151825920, 6095561232, 5941188976, 702.341
134, 154.328, 7.11804, 1151877120, 6022919563, 5950436886, 414.467
135, 152.705, 7.19347, 1151836160, 6034366047, 5961755811, 443.151
136, 152.725, 7.19282, 1151887360, 6036038474, 5971551330, 381.661
137, 152.871, 7.18635, 1151948800, 6047406366, 5981042729, 406.864
138, 153.605, 7.15218, 1151979520, 6055231980, 5990372852, 408.168
139, 150.993, 7.27605, 1152000000, 6070643229, 6000175428, 448.638
140, 150.782, 7.28636, 1152020480, 6067853323, 6008804946, 375.951
141, 134.431, 8.17271, 1152030720, 6090625993, 6075961113, 455.234
142, 152.689, 7.24268, 1159598080, 6253932805, 6107070658, 743.842
143, 153.589, 7.20077, 1159680000, 6197995993, 6115806967, 522.369
144, 152.457, 7.25467, 1159751680, 6197639058, 6126095725, 490.346
145, 154.707, 7.14928, 1159772160, 6211257002, 6136309447, 501.031
146, 153.198, 7.21986, 1159792640, 6218178522, 6146345315, 499.358
147, 152.074, 7.2734, 1159823360, 6225895932, 6156732427, 473.29
148, 152.956, 7.23164, 1159854080, 6245623964, 6166562970, 548.243
149, 157.764, 7.0116, 1159915520, 6261315538, 6177840250, 595.048
150, 154.233, 7.17216, 1159915520, 6273858798, 6261261189, 589.949
151, 154.771, 7.4872, 1215088640, 6454595356, 6299908125, 852.332
152, 159.221, 7.27811, 1215119360, 6393357508, 6312144677, 573.745
153, 160.687, 7.21185, 1215139840, 6408378604, 6322607714, 600.151
154, 159.322, 7.27373, 1215160320, 6401504823, 6332044911, 499.696
155, 158.162, 7.32726, 1215191040, 6419990336, 6342348170, 559.335
156, 157.751, 7.34657, 1215221760, 6431404566, 6350929808, 588.186
157, 158.044, 7.33311, 1215252480, 6436912532, 6360615653, 575.032
158, 156.961, 7.38388, 1215283200, 6447118805, 6437201244, 550.394
159, 157.968, 7.66097, 1268971520, 6636340789, 6479597042, 912.661
160, 161.617, 7.48828, 1269022720, 6566238702, 6487376791, 572.485
161, 163.748, 7.39102, 1269053440, 6569211728, 6497128427, 548.893
162, 165.075, 7.33194, 1269114880, 6588483831, 6509488755, 593.076
163, 160.347, 7.54834, 1269145600, 6596162536, 6520492085, 582.164
164, 163.511, 7.40252, 1269186560, 6600380180, 6530021134, 553.629
165, 158.878, 7.61878, 1269258240, 6595676819, 6538210823, 445.066
166, 160.382, 7.54761, 1269299200, 6622852811, 6549168000, 583.745
167, 159.395, 7.59433, 1269299200, 6638711908, 6632742603, 599.847
168, 159.841, 7.99587, 1340149760, 6838145229, 6795630842, 1005.79
169, 164.764, 7.7576, 1340262400, 6890887369, 6828873130, 663.997
170, 165.945, 7.70263, 1340303360, 6908053057, 6850997768, 541.668
171, 167.475, 7.63251, 1340344320, 6946173151, 6870448419, 671.397
172, 160.749, 7.95204, 1340375040, 6946205789, 6884336232, 531.483
173, 163.042, 7.84021, 1340375040, 6956372854, 6896893491, 509.033
174, 165.542, 7.72191, 1340395520, 6989239849, 6912588148, 666.109
175, 160.296, 7.97476, 1340416000, 6998608779, 6945331341, 589.273
176, 166.874, 7.76075, 1357977600, 7134576389, 7009584239, 1018.25
177, 163.503, 7.92096, 1358008320, 7082719990, 7023759078, 527.132
178, 167.62, 7.7268, 1358080000, 7119790069, 7039462292, 725.954
179, 164.206, 7.88786, 1358151680, 7125504672, 7051737034, 651.017
180, 166.765, 7.76711, 1358202880, 7144408264, 7064822952, 706.286
181, 163.244, 7.93487, 1358243840, 7146437721, 7076319635, 609.528
182, 163.816, 7.90736, 1358274560, 7153434323, 7087609298, 606.798
183, 161.874, 8.00233, 1358295040, 7158429399, 7097880413, 539.299
184, 169.148, 7.65836, 1358325760, 7207557642, 7150001452, 817.178
185, 160.464, 8.14723, 1370839040, 7348853808, 7211330891, 1122.93
186, 166.745, 7.84044, 1370859520, 7298082877, 7224470242, 691.227
187, 167.656, 7.79858, 1370992640, 7309675593, 7234933086, 672.469
188, 167.332, 7.81381, 1371013120, 7333539956, 7247962464, 785.714
189, 168.138, 7.77658, 1371054080, 7347831422, 7265643098, 782.468
190, 168.725, 7.7497, 1371084800, 7358205120, 7275371874, 750.878
191, 166.487, 7.85412, 1371125760, 7356433100, 7284940082, 641.875
192, 165.469, 7.90261, 1371156480, 7380509778, 7295812062, 774.054
193, 162.924, 8.02616, 1371176960, 7399736716, 7354885413, 849.18
194, 172.148, 7.62742, 1376829440, 7557104402, 7405042279, 1202.12
195, 167.332, 7.83866, 1375375360, 7500295771, 7417159078, 804.096
196, 165.959, 7.90366, 1375395840, 7507251237, 7431028328, 737.895
197, 166.998, 7.85497, 1375488000, 7535752539, 7455183877, 780.872
198, 168.431, 7.78829, 1375508480, 7535263390, 7463754610, 663.924
199, 164.079, 7.99503, 1375539200, 7547529677, 7473943123, 700.501
200, 164.451, 7.97717, 1375580160, 7555797956, 7484428403, 689.658
201, 167.395, 7.83693, 1375590400, 7580636617, 7545206120, 790.079
202, 166.295, 8.01634, 1397831680, 7742288355, 7593885681, 1224.6
203, 164.554, 8.10124, 1397852160, 7678961810, 7605104396, 700.962
204, 164.077, 8.12518, 1397913600, 7694589031, 7617670140, 766.193
205, 163.783, 8.14005, 1397964800, 7702981392, 7629312720, 719.808
206, 163.017, 8.1786, 1398016000, 7718863287, 7641144872, 769.679
207, 163.008, 8.17932, 1398056960, 7722223309, 7649910830, 699.439
208, 161.182, 8.27218, 1398097920, 7730048997, 7662293614, 656.89
209, 165.323, 8.06531, 1398149120, 7762017596, 7734245985, 848.751
