Backup ID, Ecall, Inline_Ocall, Offline_Ocall, _Inline_FPOcall, _Inline_SFOcall, _Inline_LocalOcall, _Inline_LoadOcall, _Inline_DeltaOcall, _Inline_RecipeOcall, _Inline_Write_ContainerOcall, _inline_have_similar_chunk_num, _inline_need_load_container_num
0,195,637,5,193,193,0,34,193,24,27,64,33,
1,394,1283,10,390,390,0,65,390,48,36,8227,276,
2,599,1957,15,593,593,0,105,593,73,45,17259,727,
3,808,2649,20,800,800,0,151,800,98,54,26191,1378,
4,1020,3368,42073,1010,1010,2,214,1008,124,64,35360,2240,
5,1238,4115,42078,1226,1226,2,287,1224,150,74,44773,3287,
6,1458,4865,144731,1444,1444,15,356,1429,177,85,54758,4543,
7,1681,5638,294953,1665,1665,53,439,1612,204,98,64869,5966,
8,1910,6444,497121,1892,1892,147,536,1745,232,114,75837,7511,
9,2141,7300,696500,2121,2121,203,677,1918,260,126,87060,8929,
10,2377,8205,921480,2355,2355,268,851,2087,289,139,98403,10432,
11,2620,9155,1172486,2596,2596,344,1048,2252,319,153,109741,11991,
12,2865,10142,1432166,2839,2839,412,1276,2427,349,168,120948,13536,
13,3117,11165,1737465,3089,3089,514,1518,2575,380,186,132685,15298,
14,3379,12236,2052041,3349,3349,600,1777,2749,412,204,143931,16997,
15,3646,13376,2372597,3614,3614,668,2089,2946,445,221,156178,18699,
16,3917,14536,2708265,3883,3883,739,2409,3144,478,240,166868,20417,
17,4216,15846,3068223,4180,4180,823,2791,3357,515,260,177041,22298,
18,4526,17167,3469199,4488,4488,922,3150,3566,553,282,189856,24287,
19,4851,18502,3880118,4811,4811,1013,3476,3798,593,303,203947,26255,
20,5187,19889,4322082,5145,5145,1105,3820,4040,634,323,218972,28330,
21,5539,21336,4786947,5495,5495,1202,4174,4293,677,345,234673,30503,
22,5903,22814,5293995,5857,5857,1314,4521,4543,722,367,251358,32821,
23,6275,24327,5834387,6227,6227,1432,4878,4795,768,388,269110,35254,
24,6655,25898,6357776,6605,6605,1533,5268,5072,815,408,287234,37678,
25,7037,27475,6957515,6985,6985,1657,5658,5328,862,429,305433,40191,
26,7435,29074,7604148,7381,7381,1814,6020,5567,911,454,323824,42874,
27,7841,30793,8226283,7785,7785,1927,6477,5858,961,474,343007,45403,
28,8256,32454,8989083,8198,8198,2127,6848,6071,1012,501,363465,48391,
29,8672,34240,9640807,8612,8612,2232,7341,6380,1063,520,383427,50975,
30,9153,36252,10475415,9091,9091,2478,7857,6613,1122,573,395414,54684,
31,9644,38364,10813612,9580,9580,2490,8441,7090,1183,590,417475,56493,
32,10144,40490,11255614,10078,10078,2514,9011,7564,1245,607,440479,58696,
33,10650,42631,11848126,10582,10582,2563,9578,8019,1307,625,464787,61348,
34,11165,44728,12535363,11095,11095,2651,10072,8444,1371,646,489410,64341,
35,11691,46834,13344825,11619,11619,2772,10541,8847,1436,670,514438,67605,
36,12223,48934,14165716,12149,12149,2906,10985,9243,1502,694,539888,70994,
37,12754,51022,15056483,12678,12678,3074,11420,9604,1568,719,565488,74516,
38,13288,53191,15901534,13210,13210,3232,11927,9978,1634,743,592404,77929,
39,13825,55401,16846979,13745,13745,3406,12466,10339,1700,768,618572,81492,
40,14245,56995,18207774,14163,14163,3725,12754,10438,1752,798,639368,85354,
41,14670,58829,19460688,14586,14586,3971,13267,10615,1804,824,660695,88732,
42,15100,60766,20651189,15014,15014,4177,13867,10837,1857,848,682498,91993,
43,15537,62613,21993952,15449,15449,4427,14355,11022,1911,875,704672,95487,
44,15980,64520,23318235,15890,15890,4659,14884,11231,1966,901,727007,98921,
45,16431,66479,24670907,16339,16339,4899,15440,11440,2022,926,749977,102358,
46,16891,68416,26100283,16797,16797,5165,15946,11632,2079,952,773461,106098,
47,17357,70396,27495305,17261,17261,5427,16477,11834,2136,978,797722,109761,
48,17830,72436,28856835,17732,17732,5672,17046,12060,2194,1002,822316,113380,
49,18373,74600,30476155,18273,18273,6051,17520,12222,2261,1037,848528,118130,
50,19025,77304,32150611,18923,18923,6467,18193,12456,2342,1104,868313,123804,
51,19685,80372,33052553,19581,19581,6515,19205,13066,2424,1127,898658,126601,
52,20394,83785,34046376,20288,20288,6580,20409,13708,2512,1153,929798,129887,
53,21133,86932,35174600,21025,21025,6690,21253,14335,2604,1179,962815,133682,
54,21878,89983,36519253,21768,21768,6833,21983,14935,2696,1207,994843,137870,
55,22631,93012,37948207,22518,22518,7051,22668,15468,2789,1239,1028867,142457,
56,23385,96031,39303440,23259,23259,7248,23360,16023,2882,1269,1062600,147010,
57,24136,98979,40585066,23981,23981,7467,24022,16553,2975,1300,1095462,151588,
58,24884,101932,42086135,24697,24697,7715,24704,17051,3068,1332,1128919,156249,
59,25641,104977,43604139,25423,25423,7950,25448,17571,3162,1364,1162385,160967,
60,26189,107118,45795646,25969,25969,8370,25883,17697,3230,1402,1190239,166322,
61,26958,110125,47547775,26706,26706,8720,26554,18114,3325,1440,1223975,171546,
62,27537,112547,49677576,27282,27282,9070,27175,18341,3397,1475,1252591,176346,
63,28125,115127,51622634,27867,27867,9349,27926,18648,3470,1505,1281581,180696,
64,28720,117674,53656859,28459,28459,9651,28622,18939,3544,1536,1311445,185227,
65,29322,120254,55629196,29058,29058,9959,29330,19231,3618,1567,1341943,189803,
66,29932,122848,57782165,29665,29665,10297,30027,19501,3693,1601,1372644,194600,
67,30551,125524,59846611,30281,30281,10609,30777,19806,3770,1632,1404149,199308,
68,31180,128228,62053213,30907,30907,10939,31524,20103,3848,1664,1435640,204211,
69,31816,130978,64155627,31540,31540,11264,32295,20412,3927,1694,1467567,209007,
70,32593,133970,66473876,32281,32281,11735,32934,20716,4023,1738,1500669,215154,
71,33504,137676,68986845,33160,33160,12323,33860,21037,4136,1824,1525078,223314,
72,34451,141769,69886183,34073,34073,12360,35064,21945,4254,1849,1562150,226563,
73,35404,145774,71030066,34991,34991,12421,36164,22835,4372,1872,1600059,230347,
74,36375,149817,72345224,35925,35925,12516,37249,23709,4493,1899,1639351,234812,
75,37160,152989,74829908,36671,36671,12928,38049,24080,4590,1939,1675163,240587,
76,37943,156202,77072398,37416,37416,13289,38894,24500,4687,1977,1708434,246017,
77,38761,159590,78957934,38194,38194,13552,39809,25053,4788,2008,1744213,250913,
78,39600,163009,80825558,38994,38994,13819,40687,25623,4892,2039,1781014,255975,
79,40450,166439,82784698,39802,39802,14118,41548,26172,4997,2072,1818302,261208,
80,41308,169909,84588487,40608,40608,14376,42444,26770,5103,2101,1856229,266331,
81,42173,173424,86517132,41412,41412,14653,43381,27356,5210,2131,1894669,271545,
82,43055,177022,88453942,42235,42235,14958,44344,27931,5319,2163,1934053,276985,
83,44077,181973,90625680,43195,43195,15381,46228,28528,5446,2220,1944205,283625,
84,45108,186635,90954227,44161,44161,15394,47801,29544,5574,2240,1981126,286831,
85,46138,190898,91358310,45122,45122,15408,48986,30558,5702,2251,2024339,290232,
86,47168,195076,92083113,46083,46083,15447,50086,31547,5830,2262,2068728,294272,
87,48199,199182,92744945,47046,47046,15484,51109,32539,5958,2272,2114031,298698,
88,49230,203161,93672377,48006,48006,15559,52011,33493,6086,2284,2159859,303598,
89,50261,207088,94609260,48964,48964,15645,52865,34436,6214,2297,2205569,308572,
90,51292,210887,95603574,49922,49922,15757,53591,35353,6342,2311,2251831,313858,
91,52323,214731,96662717,50878,50878,15906,54366,36233,6470,2327,2298610,319254,
92,53391,219013,98289795,51875,51875,16216,55455,36989,6603,2353,2342185,325411,
93,54459,223117,99483495,52871,52871,16383,56368,37888,6736,2369,2388817,330885,
94,55527,227227,100847984,53869,53869,16619,57283,38718,6869,2388,2435856,336666,
95,56595,231411,102314507,54862,54862,16871,58282,39532,7002,2407,2482880,342567,
96,57663,235740,103853902,55853,55853,17153,59430,40316,7135,2428,2529259,348689,
97,58731,240121,105288943,56839,56839,17381,60640,41154,7268,2446,2576798,354556,
98,59799,244539,106888428,57826,57826,17627,61885,41974,7401,2465,2624466,360499,
99,60868,248863,108856110,58809,58809,17970,63043,42698,7534,2489,2671674,366886,
100,61942,253258,111327290,59794,59794,18414,64263,43326,7667,2521,2716142,373852,
101,63016,257728,113199661,60775,60775,18693,65566,44119,7800,2543,2762701,379882,
102,64090,262157,115219982,61756,61756,19010,66828,44874,7933,2566,2810106,386160,
103,65164,266658,117395298,62736,62736,19329,68164,45627,8066,2588,2857844,392435,
104,66238,271269,119511109,63716,63716,19621,69610,46407,8199,2609,2905384,398616,
105,67312,275925,121662578,64696,64696,19911,71101,47189,8332,2630,2953535,404845,
106,68386,280657,123849094,65676,65676,20174,72668,47998,8465,2650,3000935,410840,
107,69460,285484,125952430,66656,66656,20392,74330,48852,8598,2667,3049312,416676,
108,70534,290367,128330275,67636,67636,20679,76048,49637,8731,2688,3097631,422801,
109,71627,294801,131921023,68637,68637,21236,77253,50171,8867,2724,3143093,430520,
110,72720,299615,134479992,69638,69638,21530,78838,50968,9003,2746,3191002,436782,
111,73813,304439,137208825,70638,70638,21843,80435,51746,9139,2768,3239391,443149,
112,74906,309329,139727164,71637,71637,22111,82100,52569,9275,2788,3288165,449250,
113,75999,314140,142571462,72636,72636,22419,83686,53352,9411,2809,3336748,455611,
114,77092,319018,145354549,73635,73635,22714,85339,54148,9547,2830,3385224,461876,
115,78186,323457,148881483,74636,74636,23232,86548,54722,9683,2860,3431451,469390,
116,79279,328342,151715732,75635,75635,23497,88208,55548,9819,2881,3479924,475485,
117,80400,332327,157260791,76661,76661,24279,88883,55885,9958,2934,3529770,485797,
118,81521,337150,160410953,77687,77687,24565,90396,56718,10097,2956,3578144,491910,
119,82642,341952,163635261,78714,78714,24858,91886,57544,10236,2978,3627131,498182,
120,83763,346709,166906941,79740,79740,25154,93333,58367,10375,3000,3676404,504469,
121,84884,351383,170183619,80760,80760,25440,94709,59200,10514,3021,3725366,510532,
122,86005,356308,173309281,81782,81782,25694,96332,60065,10653,3040,3774717,516775,
123,87126,361239,176808905,82804,82804,25997,97961,60881,10792,3062,3824062,523194,
124,88248,366049,180631951,83826,83826,26353,99468,61645,10931,3086,3873440,529818,
125,89380,370347,186386047,84860,84860,27031,100427,62097,11072,3133,3923618,539055,
126,90512,375240,189994168,85892,85892,27316,101985,62942,11213,3155,3972502,545303,
127,91644,380064,193734217,86924,86924,27618,103474,63770,11354,3177,4022438,551655,
128,92776,384915,197549555,87953,87953,27934,104996,64584,11495,3200,4072006,558095,
129,93908,389804,201638502,88981,88981,28296,106558,65352,11636,3225,4121533,564942,
130,95040,394718,205606055,90007,90007,28619,108149,66159,11777,3248,4171513,571494,
131,96172,399638,209509129,91028,91028,28924,109756,66984,11918,3270,4221780,577913,
132,97304,404598,213858168,92049,92049,29276,111403,67762,12059,3294,4271641,584721,
133,98451,408705,220607961,93087,93087,30026,112146,68157,12202,3345,4323085,594444,
134,99598,413553,224917478,94125,94125,30363,113630,68965,12345,3369,4372921,601032,
135,100745,418415,229583427,95161,95161,30718,115132,69755,12488,3394,4423026,607780,
136,101892,423348,233863151,96197,96197,31036,116705,70582,12631,3416,4473472,614310,
137,103040,428259,238220677,97236,97236,31361,118249,71403,12774,3439,4524142,620877,
138,104187,433179,242640169,98272,98272,31676,119809,72233,12917,3461,4574782,627339,
139,105334,438202,247300882,99309,99309,32022,121470,73032,13060,3485,4625072,634099,
140,106481,443329,251567495,100345,100345,32310,123237,73889,13203,3506,4675669,640560,
141,107628,448474,256327138,101382,101382,32647,125020,74697,13346,3531,4726092,647295,
142,108784,452804,263475725,102429,102429,33346,125958,75152,13490,3579,4777395,656780,
143,109940,457745,268628077,103477,103477,33734,127505,75918,13634,3606,4827462,663751,
144,111096,462773,273541302,104523,104523,34078,129143,76728,13778,3630,4878083,670484,
145,112252,467773,278603547,105569,105569,34448,130753,77512,13922,3655,4928912,677448,
146,113408,472733,283618734,106615,106615,34797,132323,78317,14066,3679,4979814,684264,
147,114564,477790,288689866,107660,107660,35135,133992,79133,14210,3703,5030690,690999,
148,115720,482794,294071845,108704,108704,35517,135610,79905,14354,3729,5081585,698021,
149,116876,487609,299750068,109750,109750,35944,137035,80632,14498,3756,5132240,705224,
150,118032,492516,305453283,110792,110792,36365,138560,81365,14642,3783,5181928,712581,
151,119233,496997,313532884,111883,111883,37111,139511,81818,14791,3835,5234282,722581,
152,120434,502012,319222943,112973,112973,37501,140998,82627,14940,3862,5284711,729672,
153,121635,507041,324969544,114063,114063,37923,142499,83404,15089,3890,5335400,737012,
154,122836,512102,330184867,115153,115153,38267,144032,84259,15238,3914,5386961,743781,
155,124037,517155,335850628,116243,116243,38655,145557,85070,15387,3940,5438303,750953,
156,125238,522245,341790398,117330,117330,39052,147125,85872,15536,3966,5489856,758104,
157,126439,527423,347423724,118416,118416,39421,148783,86702,15685,3991,5541291,765092,
158,127640,532561,353120558,119504,119504,39788,150397,87534,15834,4016,5592502,772080,
159,128885,537129,361830082,120636,120636,40553,151303,88012,15989,4070,5645284,782334,
160,130130,542340,367573256,121763,121763,40916,152862,88892,16144,4096,5696721,789361,
161,131375,547568,373197071,122894,122894,41266,154430,89785,16299,4120,5748628,796264,
162,132620,552686,379248331,124025,124025,41667,155888,90627,16454,4147,5800284,803506,
163,133865,557943,385205121,125153,125153,42044,157491,91493,16609,4173,5852166,810634,
164,135110,563118,390986841,126283,126283,42384,159008,92396,16764,4197,5904571,817500,
165,136355,568475,396172499,127409,127409,42658,160715,93365,16919,4217,5957291,824058,
166,137600,573853,402254473,128535,128535,43023,162443,94243,17074,4242,6009607,831142,
167,138845,579205,408419139,129657,129657,43403,164153,95106,17229,4268,6061590,838245,
168,140147,584102,417788122,130838,130838,44187,165226,95622,17391,4323,6115851,848760,
169,141449,589526,424254772,132011,132011,44592,166842,96517,17553,4351,6167696,856037,
170,142751,595011,430130478,133179,133179,44924,168529,97485,17715,4374,6220280,862989,
171,144054,600402,436724018,134347,134347,45346,170121,98364,17877,4402,6273038,870350,
172,145357,605990,442550640,135515,135515,45669,171910,99342,18039,4425,6326118,877178,
173,146659,611565,448233347,136681,136681,45975,173691,100336,18201,4447,6379168,883980,
174,147962,617022,454968379,137847,137847,46386,175353,101226,18363,4474,6432037,891350,
175,149265,622610,461302975,139013,139013,46742,177146,102171,18525,4500,6484613,898548,
176,150584,627440,470911080,140193,140193,47500,178135,102730,18689,4551,6539181,908752,
177,151903,633030,476797738,141373,141373,47794,179884,103753,18853,4573,6592059,915406,
178,153222,638481,483748532,142547,142547,48212,181506,104652,19017,4601,6644872,922904,
179,154541,643994,490382967,143714,143714,48591,183204,105590,19181,4626,6698259,930113,
180,155861,649489,497257241,144881,144881,48999,184883,106500,19345,4653,6751524,937642,
181,157180,655105,503772883,146043,146043,49357,186694,107459,19509,4677,6805016,944818,
182,158499,660758,510100364,147203,147203,49694,188546,108439,19673,4700,6858723,951750,
183,159819,666447,516276898,148363,148363,50005,190433,109446,19837,4721,6912534,958707,
184,161139,671822,524113844,149519,149519,50504,192014,110265,20001,4752,6965381,966847,
185,162471,676652,534351101,150690,150690,51281,193006,110818,20167,4806,7018931,977426,
186,163803,682231,541177373,151861,151861,51648,194747,111781,20333,4832,7071869,984634,
187,165135,687742,547961535,153032,153032,52022,196420,112737,20499,4857,7125694,991849,
188,166467,693156,555534490,154200,154200,52455,198002,113634,20665,4886,7179406,999480,
189,167799,698543,563200245,155363,155363,52904,199567,114515,20831,4915,7232573,1007187,
190,169131,703968,570587260,156521,156521,53311,201180,115438,20997,4942,7286542,1014657,
191,170463,709420,577398642,157678,157678,53667,202822,116412,21163,4966,7340819,1021885,
192,171795,714854,585013371,158833,158833,54096,204450,117313,21329,4994,7394846,1029483,
193,173127,720317,593013776,159982,159982,54553,206119,118186,21495,5023,7448584,1037345,
194,174465,724916,603856761,161134,161134,55386,206912,118689,21661,5077,7502181,1048429,
195,175801,730253,611435329,162282,162282,55799,208453,119610,21827,5105,7555408,1055829,
196,177137,735676,618914491,163429,163429,56185,210082,120558,21993,5131,7609166,1063293,
197,178474,740989,626890048,164578,164578,56653,211596,121425,22159,5161,7662172,1071337,
198,179810,746427,633996490,165722,165722,57004,213246,122408,22325,5185,7716464,1078495,
199,181146,751915,641260852,166868,166868,57367,214942,123379,22491,5210,7770703,1085808,
200,182482,757507,648399911,168014,168014,57720,216742,124360,22657,5234,7824904,1093157,
201,183818,763019,656258711,169159,169159,58134,218464,125280,22823,5261,7878712,1100762,
202,185174,767892,667548051,170330,170330,58926,219472,125842,22992,5314,7934153,1111403,
203,186530,773489,674793562,171498,171498,59289,221210,126833,23161,5339,7987404,1118623,
204,187886,779150,682478304,172668,172668,59673,223008,127803,23330,5365,8041619,1126087,
205,189242,784820,689904500,173836,173836,60043,224819,128787,23499,5390,8095922,1133533,
206,190598,790469,697640733,175004,175004,60436,226609,129748,23668,5416,8150642,1141176,
207,191954,796219,704964204,176171,176171,60794,228502,130744,23837,5440,8205603,1148474,
208,193310,802027,712326061,177339,177339,61145,230451,131747,24006,5464,8259785,1155862,
209,194667,807674,720727234,178509,178509,61587,232234,132660,24175,5492,8314433,1163707,
