Backup ID, Logical chunk num, Unique chunk num, Base chunk num, Delta chunk num, Logical chunk size, Unique chunk size, Base chunk size, Delta chunk size, LZ4_save size, Delta_save size, 
0,598076,118229,111686,6543,8588886016,1032135022,614491593,10202507,351907002,55533920
1,1195194,131087,121589,9498,17177772032,1171401480,665345706,15835638,404648063,85572073
2,1791173,149943,136896,13047,25766658048,1368358678,750831208,22708844,474099461,120719165
3,2386184,164814,148507,16307,34355544064,1528865472,811299495,29645944,535635918,152284115
4,2980525,182825,162918,19907,42944430080,1719207135,892401141,36125563,602270851,188409580
5,3572942,204438,180619,23819,51533316096,1951922178,987577006,45784597,695201237,223359338
6,4164755,221561,193979,27582,60122202112,2137587443,1058764076,53671966,765169491,259981910
7,4755932,242885,211467,31418,68711088128,2361052678,1156638297,61666519,847444059,295303803
8,5346585,262903,227389,35514,77299974144,2573569874,1243074490,70365509,927007875,333122000
9,5936829,281759,242233,39526,85888860160,2774054407,1323608425,77204081,1001940694,371301207
10,6526705,307464,263307,44157,94477746176,3045410776,1436641363,88754298,1111011479,409003636
11,7117376,326216,278183,48033,103066632192,3242865686,1518656624,95139122,1183947629,445122311
12,7708121,347836,295580,52256,111655518208,3473193093,1612839690,105662617,1273476676,481214110
13,8299588,374837,317925,56912,120244404224,3759205714,1734918044,112131770,1386592516,525563384
14,8891445,396422,335179,61243,128833290240,3992611430,1828496944,120049015,1477309963,566755508
15,9483489,417887,352294,65593,137422176256,4224877819,1919820791,128497675,1569116138,607443215
16,10077606,443648,373514,70134,146011062272,4498147302,2038437487,136894742,1673128586,649686487
17,10672558,470248,395475,74773,154599948288,4782863934,2158369030,146159954,1786234531,692100419
18,11268152,494813,415500,79313,163188834304,5047681626,2268630986,156109981,1889683928,733256731
19,11865051,517318,433846,83472,171777720320,5289461317,2368639230,162657253,1985437319,772727515
20,12462550,542802,454666,88136,180366606336,5563245113,2481537781,180432881,2095067381,806207070
21,13060779,568100,475179,92921,188955492352,5836765923,2593317412,188390734,2203615568,851442209
22,13661032,598836,500923,97913,197544378368,6163336318,2736671651,200490745,2332258695,893915227
23,14263100,625524,522945,102579,206133264384,6450494513,2857083956,250580453,2447058712,895771392
24,14866184,651870,544452,107418,214722150400,6735758417,2972374255,223088495,2563089884,977205783
25,15472152,686885,574093,112792,223311036416,7109281814,3136124604,231762264,2714321241,1027073705
26,16079762,719004,601205,117799,231899922432,7452798290,3283847765,252093939,2856026879,1060829707
27,16689366,753044,629839,123205,240488808448,7818860463,3440680535,252393172,3006265176,1119521580
28,17301791,788203,659500,128703,249077694464,8196526159,3602917846,264645680,3161969321,1166993312
29,17916474,824183,689947,134236,257666580480,8581486572,3769470154,279628231,3321292059,1211096128
