Backup ID, FPindex, SFindex, Deltaindex
0,9458320,21357440,285280
1,10486960,23256640,434240
2,11995440,26192640,593888
3,13185120,28420096,735360
4,14626000,31183872,892544
5,16355040,34580608,1058464
6,17724880,37140608,1222240
7,19430800,40496896,1384736
8,21032240,43550080,1563648
9,22540720,46396800,1738144
10,24597120,50439232,1936256
11,26097280,53291968,2105504
12,27826880,56629120,2290464
13,29986960,60915264,2490432
14,31713760,64225408,2681568
15,33430960,67508416,2875552
16,35491840,71578240,3073664
17,37619840,75791680,3277088
18,39585040,79633280,3478144
19,41385440,83152128,3661280
20,43424160,87146112,3866752
21,45448000,91080576,4081600
22,47906880,96020160,4303520
23,50041920,100245376,4509152
24,52149600,104370112,4723808
25,54950800,110058560,4962272
26,57520320,115261056,5180576
27,60243520,120754624,5421696
28,63056240,126445824,5663456
29,65934640,132287552,5905728
