Backup ID, Online Delta_save, Offline Delta_save, Offline delta time, Offline dedelta time, Offline delete time, Offline Delta chunk num
0,0,55533920,6543,0,126,6543
1,0,85572073,11564,2066,247,9498
2,0,120719165,18938,5891,391,13047
3,0,152284115,27890,11583,550,16307
4,0,188409580,38852,18945,737,19907
5,0,223359338,51861,28042,943,23819
6,0,259981910,66611,39029,1164,27582
7,0,295303803,80756,49338,1392,31418
8,0,333122000,97096,61582,1640,35514
9,0,371301207,114842,75316,1910,39526
10,0,409003636,134801,90644,2216,44157
11,0,445122311,155798,107765,2500,48033
12,0,481214110,178619,126363,2814,52256
13,0,525563384,203740,146828,3145,56912
14,0,566755508,229994,168751,3501,61243
15,0,607443215,257897,192304,3877,65593
16,0,649686487,287427,217293,4248,70134
17,0,692100419,318837,244064,4632,74773
18,0,733256731,351661,272348,5042,79313
19,0,772727515,385319,301847,5440,83472
20,0,806207070,421248,333112,5894,88136
21,0,851442209,458835,365914,6330,92921
22,0,893915227,498211,400298,6814,97913
23,0,895771392,539115,436536,7263,102579
24,0,977205783,575930,468512,7757,107418
25,0,1027073705,614937,502145,8271,112792
26,0,1060829707,655325,537526,8766,117799
27,0,1119521580,697951,574746,9322,123205
28,0,1166993312,743330,614627,9902,128703
29,0,1211096128,790420,656184,10484,134236
