BackupID, OnlineSpeed(MB/s), Encalve ProcessTime(s), BackupSize, OnlineSize, OfflineSize, OfflineTime(s)
0, 446.303, 18.353, 8588886016, 638211050, 624694100, 13.5726
1, 732.352, 11.1845, 8588886016, 686522629, 681181344, 8.27215
2, 696.652, 11.7577, 8588886016, 779851644, 773540052, 10.9547
3, 732.113, 11.1882, 8588886016, 846618652, 840945439, 12.0517
4, 710.567, 11.5274, 8588886016, 936362289, 928526704, 13.9964
5, 653.486, 12.5343, 8588886016, 1039115305, 1033361603, 16.0741
6, 713.091, 11.4866, 8588886016, 1119979871, 1112436042, 17.7019
7, 703.027, 11.6511, 8588886016, 1225650106, 1218304816, 17.2087
8, 702.857, 11.6539, 8588886016, 1321622456, 1313439999, 19.2403
9, 709.792, 11.54, 8588886016, 1410164286, 1400812506, 20.5602
10, 685.331, 11.9519, 8588886016, 1532356522, 1525395661, 23.18
11, 714.505, 11.4639, 8588886016, 1623130896, 1613795746, 22.8705
12, 672.713, 12.1761, 8588886016, 1725808032, 1718502307, 25.0936
13, 634.975, 12.8997, 8588886016, 1860167564, 1847049814, 27.6943
14, 688.495, 11.897, 8588886016, 1959733410, 1948545959, 28.3919
15, 687.761, 11.9097, 8588886016, 2059225458, 2048318466, 30.2738
16, 669.217, 12.2397, 8588886016, 2187087441, 2175332229, 31.3906
17, 672.313, 12.1833, 8588886016, 2315941919, 2304528984, 33.1184
18, 658.242, 12.4438, 8588886016, 2435625577, 2424740967, 34.1938
19, 670.031, 12.2248, 8588886016, 2543195536, 2531296483, 34.2482
20, 671.226, 12.203, 8588886016, 2664735454, 2661970662, 37.3628
21, 671.448, 12.199, 8588886016, 2795663781, 2781708146, 38.3771
22, 648.483, 12.631, 8588886016, 2947849420, 2937162396, 40.7738
23, 661.451, 12.3834, 8588886016, 3078446548, 3107664409, 41.1017
24, 659.831, 12.4138, 8588886016, 3245399742, 3195462750, 38.6494
25, 628.158, 13.0397, 8588886016, 3384099842, 3367886868, 41.1702
26, 626.535, 13.0735, 8588886016, 3538357474, 3535941704, 42.0827
27, 613.792, 13.3449, 8588886016, 3717688970, 3693073707, 44.6099
28, 616.261, 13.2914, 8588886016, 3880860586, 3867563526, 46.6844
29, 611.713, 13.3903, 8588886016, 4059572101, 4049098385, 48.4543
