Backup ID, Ecall, Inline_Ocall, Offline_Ocall, _Inline_FPOcall, _Inline_SFOcall, _Inline_LocalOcall, _Inline_LoadOcall, _Inline_DeltaOcall, _Inline_RecipeOcall, _Inline_Write_ContainerOcall, _inline_have_similar_chunk_num, _inline_need_load_container_num
0,4675,7543,126299,1143,1143,688,0,3985,584,161,6550,1344,
1,9342,13891,241333,1693,1693,1131,0,8207,1167,177,9505,2269,
2,14001,20300,379617,2278,2278,1605,0,12390,1749,202,13054,3394,
3,18652,26694,531867,2860,2860,2086,0,16558,2330,221,16314,4592,
4,23298,33112,705672,3457,3457,2585,0,20703,2910,246,19914,6000,
5,27929,39599,898826,4097,4097,3128,0,24789,3488,274,23826,7498,
6,32555,46018,1106072,4706,4706,3629,0,28912,4065,296,27589,9044,
7,37176,52510,1310258,5354,5354,4160,0,33000,4642,325,31425,10570,
8,41793,59007,1538988,6007,6007,4709,0,37066,5218,352,35521,12298,
9,46407,65501,1785621,6660,6660,5245,0,41142,5794,377,39533,14007,
10,51018,72122,2059036,7378,7378,5881,0,45115,6370,411,44164,15994,
11,55635,78665,2322403,8054,8054,6441,0,49170,6946,436,48040,17676,
12,60253,85261,2609264,8756,8756,7041,0,53186,7522,465,52263,19459,
13,64876,91991,2917528,9522,9522,7689,0,57159,8099,501,56919,21437,
14,69502,98658,3244708,10255,10255,8313,0,61159,8676,530,61250,23359,
15,74130,105360,3589376,11004,11004,8967,0,65131,9254,558,65600,25401,
16,78774,112166,3936218,11796,11796,9652,0,69088,9834,593,70141,27372,
17,83425,119024,4299608,12610,12610,10364,0,73025,10415,629,74780,29358,
18,88081,125891,4684443,13426,13426,11079,0,76964,10996,662,79320,31448,
19,92747,132731,5060255,14223,14223,11763,0,80944,11578,692,83479,33282,
20,97417,139722,5482368,15093,15093,12516,0,84859,12161,726,88143,35403,
21,102093,146852,5899147,16029,16029,13272,0,88777,12745,760,92928,37601,
22,106785,154100,6351254,17015,17015,14053,0,92686,13331,802,97920,39922,
23,111491,161403,6786559,18021,18021,14815,0,96628,13918,838,102586,42042,
24,116205,168713,7232359,19026,19026,15636,0,100519,14506,873,107425,44375,
25,120942,176203,7707530,20108,20108,16536,0,104354,15097,921,112799,46936,
26,125691,183909,8176338,21291,21291,17382,0,108255,15690,964,117806,49263,
27,130456,191699,8689490,22507,22507,18316,0,112084,16285,1010,123212,51856,
28,135243,199612,9227107,23772,23772,19279,0,115906,16883,1058,128710,54665,
29,140048,207681,9771018,25105,25105,20256,0,119732,17483,1107,134243,57473,
