Backup ID, Logical chunk num, Unique chunk num, Base chunk num, Delta chunk num, Logical chunk size, Unique chunk size, Base chunk size, Delta chunk size, LZ4_save size, Delta_save size, 
0,47270,45091,44906,185,374824960,355493664,226778392,121741,127105196,1488335
1,93760,63193,55042,8151,741068800,495103669,276876562,1021870,157209706,59995531
2,140254,80435,64873,15562,1108418560,629979924,325815687,2041418,187565022,114557797
3,186916,97135,73595,23540,1477611520,759367472,369553807,3116952,214469140,172227573
4,233561,111930,80896,31034,1846190080,875009206,404867547,3994647,239061531,227085481
5,271616,126584,88488,38096,2149201920,988912863,439635956,4982939,265185878,279108090
6,333509,182509,140843,41666,2647705600,1439024217,688926914,6296208,438758035,305043060
7,375631,217536,168330,49206,2997319680,1732574333,807837677,7753772,550874055,366108829
8,419564,249310,186578,62732,3364526080,1998004082,897666496,13233517,608733179,478370890
9,463497,249332,186588,62744,3731732480,1998126473,897674337,13236771,608775816,478439549
10,511234,257100,192030,65070,4109803520,2059446492,924708973,13520352,626794489,494422678
11,550375,262844,195525,67319,4422103040,2104629607,940436016,13750430,640802757,509640404
12,589502,277512,203155,74357,4734248960,2218783128,977256355,14802461,665914845,560809467
13,652520,280730,203632,77098,5241784320,2241418287,979155600,15137123,667398229,579727335
14,717905,300858,213020,87838,5764464640,2400783295,1021325919,16555852,698522881,664378643
15,783325,316129,219049,97080,6287237120,2525462985,1050583887,17565665,719397322,737916111
16,829595,341773,229640,112133,6673735680,2745488039,1097174216,27557316,762881784,857874723
17,875466,350721,231440,119281,7057971200,2823472834,1103534364,34342448,769995618,915600404
18,923854,357394,235582,121812,7442227200,2876277470,1121876819,34571027,786878424,932951200
19,971484,363629,238991,124638,7817871360,2924628193,1136105716,34902845,801134711,952484921
20,1019179,369592,242105,127487,8194682880,2971142827,1148739446,35222640,814950123,972230618
21,1067026,375496,245101,130395,8573368320,3017413239,1160632112,35576816,828752463,992451848
22,1112897,375519,245113,130406,8957603840,3017536324,1160645051,35581137,828798539,992511597
23,1158768,375540,245116,130424,9341839360,3017643824,1160646420,35586018,828810994,992600392
24,1207545,391103,253767,137336,9731287040,3147129212,1206874712,36418563,854922511,1048913426
25,1256392,394790,254576,140214,10121338880,3173146392,1211062806,36722189,856498583,1068862814
26,1305302,398504,255099,143405,10512404480,3198894091,1212883897,37156706,858172067,1090681421
27,1354172,412295,260867,151428,10903429120,3314601417,1241841327,38057452,878272698,1156429940
28,1402940,415863,261518,154345,11293941760,3340115247,1245745755,38383131,879349811,1176636550
29,1443085,436186,270349,165837,11619184640,3504542465,1289188539,40118771,907937679,1267297476
30,1483217,452933,276707,176226,11944468480,3640857118,1319321077,41560039,930277268,1349698734
31,1523363,455386,277093,178293,12269639680,3659050396,1321448805,41821816,931104335,1364675440
32,1563546,457878,277592,180286,12595281920,3677505788,1324296778,42087200,932094383,1379027427
33,1603775,460343,278063,182280,12921047040,3695746745,1327128451,42352276,933014705,1393251313
34,1648884,470364,281963,188401,13298063360,3789919389,1338654105,54159429,958739992,1438365863
35,1694029,478149,283139,195010,13675489280,3861312313,1342949054,63720523,963441915,1491200821
36,1741440,485699,283621,202078,14072944640,3929958353,1345315489,73179355,965050321,1546413188
37,1788524,505702,288705,216997,14468106240,4101652910,1370893897,83593414,981015216,1666150383
38,1835523,513397,290374,223023,14863370240,4171832822,1376932878,91176419,991949810,1711773715
39,1876216,530689,299100,231589,15191316480,4311487807,1420184138,92527056,1018344553,1780432060
40,1913449,545953,304039,241914,15492782080,4436563133,1444431232,94357486,1034357115,1863417300
41,1950738,563025,310122,252903,15794718720,4575785202,1474382019,96245745,1053514168,1951643270
42,1988065,578196,316122,262074,16096768000,4699732147,1505526882,97810385,1070839787,2025555093
43,2025433,582690,317415,265275,16399237120,4732139714,1511213622,98571111,1074739931,2047615050
44,2074134,597635,324921,272714,16789903360,4856818378,1550602801,99728825,1098807536,2107679216
45,2122847,600194,325507,274687,17180590080,4875734367,1554276022,99916408,1099792886,2121749051
46,2171519,603472,325942,277530,17570560000,4899115325,1556481297,100196140,1100992593,2141445295
47,2220326,618425,331338,287087,17961431040,5021636387,1580876380,101470792,1121392091,2217897124
48,2257694,618450,331346,287104,18263900160,5021781860,1580881451,101475607,1121423893,2218000909
49,2307202,622086,333210,288876,18659973120,5049354401,1594200843,101664161,1123054434,2230434963
50,2356622,624875,333901,290974,19055656960,5069977693,1598753729,101910519,1123978038,2245335407
51,2405612,636347,338052,298295,19468840960,5177786411,1614723011,115687070,1146851150,2300525180
52,2447006,637794,338502,299292,19802460160,5189341117,1617731162,115835231,1147551330,2308223394
53,2484962,639336,339156,300180,20109813760,5201673249,1622423487,115973706,1148250886,2315025170
54,2522969,640807,339646,301161,20417689600,5213578195,1625787177,116118702,1148906893,2322765423
55,2561009,642051,339924,302127,20725667840,5223559501,1627532807,116275115,1149463467,2330288112
56,2599098,643311,340175,303136,21034076160,5233628060,1629024126,116430825,1149976018,2338197091
57,2639876,645916,340742,305174,21364449280,5252952705,1632502672,116708711,1150885950,2352855372
58,2680677,648640,341416,307224,21695129600,5273120641,1636658548,117008091,1151937180,2367516822
59,2721490,651174,341814,309360,22025707520,5292001087,1638929095,117295707,1152719172,2383057113
60,2762338,653720,342230,311490,22356746240,5310963607,1641440432,117594792,1153508987,2398419396
61,2803249,656273,342612,313661,22687907840,5329807731,1643576596,117889193,1154254158,2414087784
62,2850269,667060,344096,322964,23082076160,5426033199,1648723899,130608330,1162342005,2484358965
63,2897423,675589,344622,330967,23477360640,5503728992,1651037808,142186028,1164073410,2546431746
64,2946849,684080,345165,338915,23892674560,5580869610,1653293731,153455551,1166278894,2607841434
65,2995937,692541,345557,346984,24305715200,5657844301,1655034810,164181630,1167911250,2670716611
66,3034026,692567,345569,346998,24614123520,5657992401,1655047986,164186814,1167957687,2670799914
67,3083892,695994,347126,348868,25014067200,5683878422,1663518777,164358659,1171819788,2684181198
68,3133068,710148,353400,356748,25406832640,5802337491,1696552299,165373545,1191936145,2748475502
69,3182530,712856,354144,358712,25803069440,5822555219,1701774272,165598298,1192908560,2762274089
70,3220619,712881,354149,358732,26111477760,5822699186,1701776568,165606212,1192929142,2762387264
71,3263035,735096,374876,360220,26455859200,6005656824,1818639966,166128215,1247305973,2773582670
72,3307336,746419,383810,362609,26815508480,6098796294,1867032137,166680029,1273014879,2792069249
73,3350218,752391,388260,364131,27163023360,6147772247,1891999519,166984297,1284608708,2804179723
74,3393144,753605,388589,365016,27510743040,6157487549,1894209003,167103437,1285088015,2811087094
75,3436144,759571,392147,367424,27858503680,6204746036,1911822625,167499340,1296065409,2829358662
76,3479144,762358,392801,369557,28206233600,6225611499,1915317820,167843207,1297708131,2844742341
77,3523445,770570,397988,372582,28565800960,6291053095,1940530524,168452143,1315151993,2866918435
78,3567732,772866,398382,374484,28925265920,6310049010,1942557595,168697505,1316439578,2882354332
79,3612081,781297,403293,378004,29285120000,6376027080,1965530641,169516756,1333530899,2907448784
80,3656412,784282,403815,380467,29644994560,6399193338,1967814669,169891395,1335399145,2926088129
81,3700674,787566,404648,382918,30004213760,6425556325,1972216105,170204275,1337559459,2945576486
82,3740691,798725,414280,384445,30326528000,6515039713,2024922635,170679459,1362245431,2957192188
83,3783372,805381,418718,386663,30671964160,6567954497,2047957892,171125715,1375040217,2973830673
84,3825950,810353,422073,388280,31016939520,6607659097,2065313798,171510633,1385061119,2985773547
85,3868596,815960,424707,391253,31362539520,6650687784,2082684690,171984680,1388878591,3007139823
86,3910995,819466,425599,393867,31706787840,6677029366,2087651588,172368950,1391079155,3025929673
87,3953403,821838,425868,395970,32051159040,6694505446,2088602498,172638946,1392121145,3041142857
88,3997704,821859,425872,395987,32410808320,6694628515,2088610446,172643155,1392143576,3041231338
89,4042378,824073,427788,396285,32773447680,6712487789,2103166506,172726553,1393290931,3043303799
90,4086956,826102,428899,397203,33135206400,6728833826,2111759853,172852514,1393900941,3050320518
91,4131606,827496,429268,398228,33497640960,6740028415,2114221386,172991646,1394429287,3058386096
92,4176284,834288,433427,400861,33860229120,6794113241,2133773698,173567722,1409340149,3077431672
93,4220932,838026,434100,403926,34222755840,6822115611,2136373979,174139229,1411667691,3099934712
94,4265582,838047,434106,403941,34585190400,6822244413,2136378260,174143538,1411691066,3100031549
