Backup ID, FPindex, SFindex, Deltaindex
0,3607280,8562432,10176
1,5055440,10505600,514400
2,6434800,12391168,826144
3,7770800,14065024,1129440
4,8954400,15465792,1409024
5,10126720,16920896,1679296
6,14600720,26908288,1839008
7,17402880,31881088,2267456
8,19944800,35324416,2894112
9,19946560,35326336,2894816
10,20568000,36370304,2978336
11,21027520,37041216,3066528
12,22200960,38505536,3319968
13,22458400,38597120,3453696
14,24068640,40396608,3881632
15,25290320,41554048,4200928
16,27341840,43563840,4792672
17,28057680,43856896,5083808
18,28591520,44651584,5178624
19,29090320,45305664,5283968
20,29567360,45903552,5386720
21,30039680,46478720,5491040
22,30041520,46481024,5491584
23,30043200,46481600,5492416
24,31288240,48141312,5732448
25,31583200,48296256,5846368
26,31880320,48396352,5960096
27,32983600,49503360,6249664
28,33269040,49627840,6351488
29,34894880,51321024,6773792
30,36234640,52541504,7132320
31,36430880,52615616,7206752
32,36630240,52711232,7278080
33,36827440,52801664,7350240
34,37629120,53530240,7567744
35,38251920,53720832,7829824
36,38855920,53811968,8071072
37,40456160,54770240,8591584
38,41071760,55036992,8801504
39,42455120,56702400,9098112
40,43676240,57644096,9493632
41,45042000,58781888,9885728
42,46255680,59930688,10205824
43,46615200,60174592,10323264
44,47810800,61615744,10583040
45,48015520,61728064,10654624
46,48277760,61811520,10756128
47,49474000,62846464,11096608
48,49476000,62847936,11097536
49,49766880,63204288,11155968
50,49990000,63336960,11236096
51,50907760,64126208,11515360
52,51023520,64212608,11564928
53,51146880,64338176,11598880
54,51264560,64432256,11636192
55,51364080,64485632,11669568
56,51464880,64533824,11704512
57,51673280,64642688,11780384
58,51891200,64771584,11856000
59,52093920,64848000,11930976
60,52297600,64927872,12003616
61,52501840,65001088,12076864
62,53364800,65278784,12429472
63,54047120,65377856,12710976
64,54726400,65477440,12975424
65,55403280,65550400,13247456
66,55405360,65552704,13248096
67,55679520,65851648,13311296
68,56811840,67056000,13579968
69,57028480,67198528,13649856
70,57030480,67199488,13650720
71,58807680,71173632,13735424
72,59713520,72887488,13854752
73,60191280,73741632,13926080
74,60288400,73804800,13959200
75,60765680,74487936,14047136
76,60988640,74612800,14121344
77,61645600,75607232,14229280
78,61829280,75682624,14306304
79,62503760,76624704,14431104
80,62742560,76724224,14526720
81,63005280,76883904,14619968
82,63898000,78726144,14690880
83,64430480,79576640,14783328
84,64828240,80220544,14845664
85,65276800,80725952,14953184
86,65557280,80896768,15041952
87,65747040,80948160,15111744
88,65748720,80948928,15112512
89,65925840,81316800,15123264
90,66088160,81530112,15174176
91,66199680,81600960,15214688
92,66743040,82399232,15310880
93,67042080,82527680,15427360
94,67043760,82528832,15428000
