Backup ID, Online Delta_save, Offline Delta_save, Offline delta time, Offline dedelta time, Offline delete time, Offline Delta chunk num
0,1488335,0,0,0,0,0
1,59995531,0,0,0,0,0
2,114557797,0,0,0,0,0
3,172227573,0,0,0,0,0
4,227085481,0,0,0,0,0
5,279108090,0,0,0,0,0
6,305043060,0,0,0,0,0
7,366108829,0,0,0,0,0
8,478370890,0,0,0,0,0
9,478439549,0,0,0,0,0
10,494422678,0,0,0,0,0
11,509640404,0,0,0,0,0
12,560809467,0,0,0,0,0
13,579727335,0,0,0,0,0
14,664378643,0,0,0,0,0
15,737916111,0,0,0,0,0
16,857874723,0,0,0,0,0
17,915600404,0,0,0,0,0
18,932951200,0,0,0,0,0
19,952484921,0,0,0,0,0
20,972230618,0,0,0,0,0
21,992451848,0,0,0,0,0
22,992511597,0,0,0,0,0
23,992600392,0,0,0,0,0
24,1048913426,0,0,0,0,0
25,1068862814,0,0,0,0,0
26,1090681421,0,0,0,0,0
27,1156429940,0,0,0,0,0
28,1176636550,0,0,0,0,0
29,1267297476,0,0,0,0,0
30,1349698734,0,0,0,0,0
31,1364675440,0,0,0,0,0
32,1379027427,0,0,0,0,0
33,1393251313,0,0,0,0,0
34,1438365863,0,0,0,0,0
35,1491200821,0,0,0,0,0
36,1546413188,0,0,0,0,0
37,1666150383,0,0,0,0,0
38,1711773715,0,0,0,0,0
39,1780432060,0,0,0,0,0
40,1863417300,0,0,0,0,0
41,1951643270,0,0,0,0,0
42,2025555093,0,0,0,0,0
43,2047615050,0,0,0,0,0
44,2107679216,0,0,0,0,0
45,2121749051,0,0,0,0,0
46,2141445295,0,0,0,0,0
47,2217897124,0,0,0,0,0
48,2218000909,0,0,0,0,0
49,2230434963,0,0,0,0,0
50,2245335407,0,0,0,0,0
51,2300525180,0,0,0,0,0
52,2308223394,0,0,0,0,0
53,2315025170,0,0,0,0,0
54,2322765423,0,0,0,0,0
55,2330288112,0,0,0,0,0
56,2338197091,0,0,0,0,0
57,2352855372,0,0,0,0,0
58,2367516822,0,0,0,0,0
59,2383057113,0,0,0,0,0
60,2398419396,0,0,0,0,0
61,2414087784,0,0,0,0,0
62,2484358965,0,0,0,0,0
63,2546431746,0,0,0,0,0
64,2607841434,0,0,0,0,0
65,2670716611,0,0,0,0,0
66,2670799914,0,0,0,0,0
67,2684181198,0,0,0,0,0
68,2748475502,0,0,0,0,0
69,2762274089,0,0,0,0,0
70,2762387264,0,0,0,0,0
71,2773582670,0,0,0,0,0
72,2792069249,0,0,0,0,0
73,2804179723,0,0,0,0,0
74,2811087094,0,0,0,0,0
75,2829358662,0,0,0,0,0
76,2844742341,0,0,0,0,0
77,2866918435,0,0,0,0,0
78,2882354332,0,0,0,0,0
79,2907448784,0,0,0,0,0
80,2926088129,0,0,0,0,0
81,2945576486,0,0,0,0,0
82,2957192188,0,0,0,0,0
83,2973830673,0,0,0,0,0
84,2985773547,0,0,0,0,0
85,3007139823,0,0,0,0,0
86,3025929673,0,0,0,0,0
87,3041142857,0,0,0,0,0
88,3041231338,0,0,0,0,0
89,3043303799,0,0,0,0,0
90,3050320518,0,0,0,0,0
91,3058386096,0,0,0,0,0
92,3077431672,0,0,0,0,0
93,3099934712,0,0,0,0,0
94,3100031549,0,0,0,0,0
