BackupID, OnlineSpeed(MB/s), Encalve ProcessTime(s), BackupSize, OnlineSize, OfflineSize, OfflineTime(s)
0, 102.672, 3.48158, 374824960, 226900133, 226900133, 0.000516
1, 194.005, 1.80035, 366243840, 277898432, 277898432, 0.000653
2, 198.647, 1.76359, 367349760, 327857105, 327857105, 0.000601
3, 205.404, 1.71414, 369192960, 372670759, 372670759, 0.000747
4, 219.521, 1.60123, 368578560, 408862194, 408862194, 0.000714
5, 183.271, 1.57676, 303011840, 444618895, 444618895, 0.000784
6, 101.514, 4.68322, 498503680, 695223122, 695223122, 0.001228
7, 104.379, 3.19431, 349614080, 815591449, 815591449, 0.001431
8, 115.762, 3.02513, 367206400, 910900013, 910900013, 0.001445
9, 683.906, 0.512052, 367206400, 910911108, 910911108, 0.001735
10, 308.505, 1.16872, 378071040, 938229325, 938229325, 0.001527
11, 311.778, 0.955271, 312299520, 954186446, 954186446, 0.001543
12, 177.994, 1.67245, 312145920, 992058816, 992058816, 0.001671
13, 463.038, 1.04532, 507535360, 994292723, 994292723, 0.008959
14, 214.637, 2.32237, 522680320, 1037881771, 1037881771, 0.001827
15, 249.346, 1.99945, 522772480, 1068149552, 1068149552, 0.001878
16, 139.168, 2.64855, 386498560, 1124731532, 1124731532, 0.0019
17, 244.716, 1.49739, 384235520, 1137876812, 1137876812, 0.001793
18, 302.019, 1.21335, 384256000, 1156447846, 1156447846, 0.001912
19, 310.246, 1.1547, 375644160, 1171008561, 1171008561, 0.001891
20, 315.218, 1.14002, 376811520, 1183962086, 1183962086, 0.001982
21, 317.444, 1.13766, 378685440, 1196208928, 1196208928, 0.001958
22, 670.61, 0.546421, 384235520, 1196226188, 1196226188, 0.002214
23, 686.282, 0.533943, 384235520, 1196232438, 1196232438, 0.002119
24, 204.34, 1.81759, 389447680, 1243293275, 1243293275, 0.002188
25, 360.992, 1.03044, 390051840, 1247784995, 1247784995, 0.002189
26, 353.19, 1.05595, 391065600, 1250040603, 1250040603, 0.009561
27, 213.699, 1.74502, 391024640, 1279898779, 1279898779, 0.002161
28, 336.466, 1.10686, 390512640, 1284128886, 1284128886, 0.002023
29, 137.423, 2.25709, 325242880, 1329307310, 1329307310, 0.002156
30, 149.91, 2.06934, 325283840, 1360881116, 1360881116, 0.002417
31, 370.014, 0.838097, 325171200, 1363270621, 1363270621, 0.002276
32, 348.364, 0.891472, 325642240, 1366383978, 1366383978, 0.002121
33, 348.985, 0.890221, 325765120, 1369480727, 1369480727, 0.002309
34, 229.577, 1.56614, 377016320, 1392813534, 1392813534, 0.002299
35, 246.877, 1.45798, 377425920, 1406669577, 1406669577, 0.002237
36, 238.789, 1.58735, 397455360, 1418494844, 1418494844, 0.011004
37, 142.11, 2.65185, 395161600, 1454487311, 1454487311, 0.002341
38, 216.408, 1.74186, 395264000, 1468109297, 1468109297, 0.002311
39, 142.283, 2.19812, 327946240, 1512711194, 1512711194, 0.002418
40, 120.09, 2.39403, 301465600, 1538788718, 1538788718, 0.002621
41, 128.673, 2.23783, 301936640, 1570627764, 1570627764, 0.002551
42, 129.247, 2.22874, 302049280, 1603337267, 1603337267, 0.002541
43, 212.847, 1.35523, 302469120, 1609784733, 1609784733, 0.00259
44, 176.367, 2.11246, 390666240, 1650331626, 1650331626, 0.002575
45, 381.328, 0.977079, 390686720, 1654192430, 1654192430, 0.002519
46, 342.534, 1.08574, 389969920, 1656677437, 1656677437, 0.002715
47, 163.892, 2.27444, 390871040, 1682347172, 1682347172, 0.002709
48, 574.858, 0.501788, 302469120, 1682357058, 1682357058, 0.002967
49, 311.451, 1.21279, 396072960, 1695865004, 1695865004, 0.002777
50, 332.119, 1.1362, 395683840, 1700664248, 1700664248, 0.002896
51, 156.202, 2.52265, 413184000, 1730410081, 1730410081, 0.004191
52, 425.117, 0.748415, 333619200, 1733566393, 1733566393, 0.01278
53, 388.471, 0.754536, 307353600, 1738397193, 1738397193, 0.002963
54, 376.647, 0.779544, 307875840, 1741905879, 1741905879, 0.013813
55, 406.02, 0.72339, 307978240, 1743807922, 1743807922, 0.002783
56, 394.18, 0.746159, 308408320, 1745454951, 1745454951, 0.010842
57, 302.137, 1.0428, 330373120, 1749211383, 1749211383, 0.002878
58, 302.744, 1.04168, 330680320, 1753666639, 1753666639, 0.002743
59, 313.356, 1.00609, 330577920, 1756224802, 1756224802, 0.010934
60, 315.342, 1.00114, 331038720, 1759035224, 1759035224, 0.003132
61, 297.422, 1.06186, 331161600, 1761465789, 1761465789, 0.002795
62, 150.697, 2.49446, 394168320, 1779332229, 1779332229, 0.002774
63, 160.757, 2.34499, 395284480, 1793223836, 1793223836, 0.011506
64, 158.796, 2.49424, 415313920, 1806749282, 1806749282, 0.002773
65, 154.783, 2.54489, 413040640, 1819216440, 1819216440, 0.002952
66, 572.592, 0.513666, 308408320, 1819234800, 1819234800, 0.003135
67, 322.289, 1.18346, 399943680, 1827877436, 1827877436, 0.002858
68, 161.312, 2.32203, 392765440, 1861925844, 1861925844, 0.003086
69, 274.779, 1.37522, 396236800, 1867372570, 1867372570, 0.002878
70, 569.533, 0.516425, 308408320, 1867382780, 1867382780, 0.003585
71, 127.948, 2.56687, 344381440, 1984768181, 1984768181, 0.004698
72, 205.635, 1.66794, 359649280, 2033712166, 2033712166, 0.00446
73, 267.366, 1.23956, 347514880, 2058983816, 2058983816, 0.003349
74, 449.368, 0.73795, 347719680, 2061312440, 2061312440, 0.010504
75, 250.858, 1.32206, 347760640, 2079321965, 2079321965, 0.003403
76, 311.783, 1.06363, 347729920, 2083161027, 2083161027, 0.003427
77, 218.783, 1.56735, 359567360, 2108982667, 2108982667, 0.00336
78, 388.84, 0.881628, 359464960, 2111255100, 2111255100, 0.010631
79, 213.638, 1.60638, 359854080, 2135047397, 2135047397, 0.003569
80, 298.344, 1.15036, 359874560, 2137706064, 2137706064, 0.003299
81, 332.709, 1.02966, 359219200, 2142420380, 2142420380, 0.005117
82, 181.37, 1.69479, 322314240, 2195602094, 2195602094, 0.003654
83, 237.394, 1.38771, 345436160, 2219083607, 2219083607, 0.003532
84, 257.546, 1.27742, 344975360, 2236824431, 2236824431, 0.005354
85, 242.856, 1.35714, 345600000, 2254669370, 2254669370, 0.003478
86, 260.679, 1.25941, 344248320, 2260020538, 2260020538, 0.003697
87, 321.253, 1.0223, 344371200, 2261241444, 2261241444, 0.007262
88, 545.528, 0.628727, 359649280, 2261253601, 2261253601, 0.003922
89, 403.69, 0.856696, 362639360, 2275893059, 2275893059, 0.003578
90, 379.474, 0.909154, 361758720, 2284612367, 2284612367, 0.00361
91, 431.77, 0.800529, 362434560, 2287213032, 2287213032, 0.011519
92, 232.562, 1.48688, 362588160, 2307341420, 2307341420, 0.003685
93, 263.895, 1.31012, 362526720, 2310513208, 2310513208, 0.003813
94, 549.966, 0.628483, 362434560, 2310521798, 2310521798, 0.003879
