Backup ID, Ecall, Inline_Ocall, Offline_Ocall, _Inline_FPOcall, _Inline_SFOcall, _Inline_LocalOcall, _Inline_LoadOcall, _Inline_DeltaOcall, _Inline_RecipeOcall, _Inline_Write_ContainerOcall, _inline_have_similar_chunk_num, _inline_need_load_container_num, _inlineDeltaChunkNum, 
0,372,1114,5,370,370,0,267,61,46,59,515,162,185
1,738,2197,10,694,694,0,350,368,91,73,8497,539,8151
2,1104,3284,15,1016,1016,0,445,671,136,87,15921,1067,15562
3,1471,4365,20,1334,1334,0,544,972,181,100,23906,1727,23540
4,1838,5378,25,1622,1622,0,661,1247,226,110,31412,2425,31034
5,2138,6244,30,1861,1861,0,789,1470,263,120,38482,3090,38096
6,2624,7794,35,2340,2340,0,1106,1685,323,185,42238,3588,41666
7,2956,9777,40,2666,2666,0,2161,1920,364,217,52417,4271,49206
8,3302,11355,45,2992,2992,0,2761,2204,406,243,66329,5151,62732
9,3648,11421,63,2999,2999,0,2765,2210,448,245,66341,5159,62744
10,4023,11979,68,3151,3151,0,2836,2347,494,253,68667,5491,65070
11,4331,12496,73,3283,3283,0,2926,2472,532,258,70918,5824,67319
12,4639,13433,78,3525,3525,0,3112,2701,570,269,77956,6617,74357
13,5134,14042,563,3674,3674,0,3213,2850,631,271,80697,6951,77098
14,5647,15330,568,4017,4017,0,3421,3181,694,284,91453,7739,87838
15,6161,16463,573,4319,4319,0,3599,3469,757,293,100695,8495,97080
16,6525,17833,578,4652,4652,0,3936,3791,802,309,115894,9680,112133
17,6886,18994,583,4833,4833,0,4511,3971,846,314,123471,10482,119281
18,7267,19601,588,4987,4987,0,4617,4117,893,320,126006,10790,121812
19,7642,20235,593,5143,5143,0,4740,4270,939,325,128832,11202,124638
20,8017,20867,598,5295,5295,0,4874,4418,985,330,131681,11630,127487
21,8393,21493,603,5444,5444,0,5010,4564,1031,335,134589,12083,130395
22,8754,21560,623,5451,5451,0,5013,4570,1075,337,134600,12091,130406
23,9115,21626,634,5458,5458,0,5014,4577,1119,339,134618,12103,130424
24,9499,22482,639,5681,5681,0,5175,4779,1166,352,141538,12711,137336
25,9883,23281,644,5880,5880,0,5330,4978,1213,355,144420,13227,140214
26,10268,24084,1175,6071,6071,0,5513,5169,1260,357,147614,13768,143405
27,10652,24960,1180,6287,6287,0,5702,5377,1307,366,155640,14492,151428
28,11035,25794,1185,6477,6477,0,5920,5566,1354,368,158562,15089,154345
29,11351,27045,1190,6773,6773,0,6253,5853,1393,381,170055,16179,165837
30,11667,28199,1195,7031,7031,0,6602,6103,1432,391,180445,17273,176226
31,11983,28748,1200,7147,7147,0,6766,6217,1471,393,182512,17666,178293
32,12299,29311,1205,7264,7264,0,6942,6331,1510,395,184505,18086,180286
33,12616,29888,1210,7377,7377,0,7141,6444,1549,397,186499,18513,182280
34,12971,30508,1215,7489,7489,0,7382,6555,1593,405,192697,19270,188401
35,13326,31355,1220,7603,7603,0,7844,6668,1637,410,199571,20094,195010
36,13699,32048,1710,7714,7714,0,8161,6776,1683,414,206649,20939,202078
37,14069,33638,1715,8007,8007,0,8831,7065,1728,425,221702,22591,216997
38,14439,35046,1720,8122,8122,0,9849,7180,1773,430,228284,23597,223023
39,14759,36281,1725,8373,8373,0,10305,7418,1812,442,236893,24645,231589
40,15052,37551,1730,8624,8624,0,10791,7664,1848,451,247257,25800,241914
41,15346,39092,1735,8892,8892,0,11503,7921,1884,461,258434,27063,252903
42,15640,40509,1740,9162,9162,0,12114,8151,1920,471,267634,28328,262074
43,15934,41676,1745,9407,9407,0,12621,8285,1956,474,270875,29070,265275
44,16317,42719,1750,9624,9624,0,12977,8491,2003,485,278314,29935,272714
45,16700,43475,1755,9839,9839,0,13141,8606,2050,487,280288,30271,274687
46,17083,44310,1760,10027,10027,0,13365,8794,2097,489,283132,30775,277530
47,17467,45688,1765,10319,10319,0,13829,9077,2144,497,292698,31920,287087
48,17761,45985,1781,10443,10443,0,13836,9083,2180,499,292716,31932,287104
49,18150,46599,1786,10564,10564,0,14042,9201,2228,504,294495,32327,288876
50,18539,47226,1791,10686,10686,0,14255,9323,2276,507,296593,32753,290974
51,18924,48431,1796,10815,10815,0,15027,9451,2323,516,303963,33946,298295
52,19250,48816,2254,10921,10921,0,15118,9493,2363,518,304960,34105,299292
53,19549,49476,2259,11159,11159,0,15226,9532,2400,521,305848,34273,300180
54,19848,50079,2757,11371,11371,0,15331,9569,2437,523,306829,34449,301161
55,20148,50474,2762,11477,11477,0,15440,9606,2474,525,307795,34635,302127
56,20448,50742,3021,11517,11517,0,15551,9646,2511,527,308804,34831,303136
57,20769,51704,3026,11805,11805,0,15785,9759,2550,529,310842,35311,305174
58,21090,52609,3031,12065,12065,0,16020,9870,2589,532,312895,35792,307224
59,21411,53240,3437,12182,12182,0,16266,9982,2628,534,315031,36265,309360
60,21733,53872,3442,12297,12297,0,16516,10095,2667,536,317161,36751,311490
61,22055,54538,3447,12411,12411,0,16803,10207,2706,538,319333,37246,313661
62,22425,55975,3452,12604,12604,0,17618,10398,2751,544,328692,38670,322964
63,22796,57178,3986,12732,12732,0,18392,10525,2797,549,336710,39875,330967
64,23185,58503,3991,12859,12859,0,19290,10650,2845,554,344690,41138,338915
65,23571,60340,3996,13165,13165,0,20342,10776,2892,559,352776,42457,346984
66,23871,60460,4016,13200,13200,0,20348,10783,2929,561,352790,42467,346998
67,24263,61100,4021,13328,13328,0,20560,10907,2977,565,354660,42852,348868
68,24650,62285,4026,13548,13548,0,21048,11116,3025,575,362542,43911,356748
69,25039,63138,4031,13769,13769,0,21291,11236,3073,578,364507,44374,358712
70,25339,63257,4044,13803,13803,0,21298,11243,3110,580,364527,44390,358732
71,25673,63979,4049,14015,14015,0,21461,11337,3151,611,366043,44646,360220
72,26022,64766,4054,14240,14240,0,21606,11486,3194,625,368441,44977,362609
73,26360,65424,4059,14429,14429,0,21738,11593,3235,633,369965,45247,364131
74,26698,65869,4396,14576,14576,0,21804,11637,3276,635,370850,45380,365016
75,27036,66489,4401,14730,14730,0,21958,11754,3317,641,373258,45747,367424
76,27374,67260,4406,14922,14922,0,22187,11871,3358,643,375398,46215,369557
77,27723,68127,4411,15122,15122,0,22449,12033,3401,651,378423,46815,372582
78,28071,68723,4813,15300,15300,0,22571,12108,3444,653,380327,47096,374484
79,28420,69713,4818,15521,15521,0,22905,12279,3487,660,383857,47803,378004
80,28769,70534,4823,15724,15724,0,23154,12402,3530,662,386326,48312,380467
81,29117,71179,4828,15901,15901,0,23316,12488,3573,665,388779,48658,382918
82,29432,71956,4833,16080,16080,0,23550,12634,3612,680,390348,49036,384445
83,29768,72673,4838,16251,16251,0,23769,12749,3653,687,392568,49453,386663
84,30103,73377,4843,16420,16420,0,23988,12855,3694,693,394185,49861,388280
85,30439,74247,4848,16614,16614,0,24287,12997,3735,699,397158,50448,391253
86,30773,75059,4853,16787,16787,0,24597,13112,3776,702,399776,50977,393867
87,31107,75780,5130,16946,16946,0,24850,13221,3817,704,401882,51399,395970
88,31456,76093,5142,17073,17073,0,24859,13228,3860,706,401899,51411,395987
89,31808,76604,5147,17237,17237,0,24954,13273,3903,711,402197,51558,396285
90,32159,76962,5152,17327,17327,0,25044,13318,3946,715,403115,51718,397203
91,32510,77322,5529,17409,17409,0,25152,13363,3989,717,404140,51904,398228
92,32862,78200,5534,17585,17585,0,25480,13518,4032,723,406775,52557,400861
93,33213,79075,5539,17757,17757,0,25844,13642,4075,725,409850,53171,403926
94,33564,79283,5553,17832,17832,0,25852,13649,4118,727,409865,53184,403941
