Backup ID, Logical chunk num, Unique chunk num, Base chunk num, Delta chunk num, Logical chunk size, Unique chunk size, Base chunk size, Delta chunk size, LZ4_save size, Delta_save size, 
0,47270,45091,44901,190,374824960,355493664,226750912,122321,127088064,1532367
1,93760,63193,55041,8152,741068800,495103669,276846072,1019023,157205169,60033405
2,140254,80435,64873,15562,1108418560,629979924,325788376,1978100,187591731,114621717
3,186916,97135,73593,23542,1477611520,759367472,369514298,3040126,214491075,172321973
4,233561,111930,80887,31043,1846190080,875009206,404816478,3915744,239052327,227224657
5,271616,126584,88479,38105,2149201920,988912863,439656413,4830246,265133368,279292836
6,333509,182509,140908,41601,2647705600,1439024217,689199115,6384691,438900758,304539653
7,375631,217536,166946,50590,2997319680,1732574333,803960911,12817853,541509185,374286384
8,419564,249310,185155,64155,3364526080,1998004082,893746461,19802647,599557304,484897670
9,463497,249332,185165,64167,3731732480,1998126473,893754328,19805786,599599915,484966444
10,511234,257100,190617,66483,4109803520,2059446492,920820408,19926767,617650956,501048361
11,550375,262844,194117,68727,4422103040,2104629607,936555337,20118037,631684928,516271305
12,589502,277512,201849,75663,4734248960,2218783128,973816564,20957737,657040953,566967874
13,652520,280730,202346,78384,5241784320,2241418287,975793726,21609156,658571097,585444308
14,717905,300858,211725,89133,5764464640,2400783295,1017957264,22996669,689670834,670158528
15,783325,316129,217766,98363,6287237120,2525462985,1047250594,23792056,710585092,743835243
16,829595,341773,228302,113471,6673735680,2745488039,1093845166,35967041,754162350,861513482
17,875466,350721,229767,120954,7057971200,2823472834,1099390939,44489490,760063701,919528704
18,923854,357394,233941,123453,7442227200,2876277470,1117855113,43817745,777031495,937573117
19,971484,363629,237352,126277,7817871360,2924628193,1132055390,43960658,791319530,957292615
20,1019179,369592,240471,129121,8194682880,2971142827,1144707779,44235692,805133231,977066125
21,1067026,375496,243480,132016,8573368320,3017413239,1156601523,44465583,819027547,997318586
22,1112897,375519,243492,132027,8957603840,3017536324,1156614462,44469006,819073623,997379233
23,1158768,375540,243497,132043,9341839360,3017643824,1156620006,45456697,819078998,996488123
24,1207545,391103,252153,138950,9731287040,3147129212,1202860631,45873286,845216859,1053178436
25,1256392,394790,252972,141818,10121338880,3173146392,1207070071,46075854,846777670,1073222797
26,1305302,398504,253507,144997,10512404480,3198894091,1208924547,46424651,848458816,1095086077
27,1354172,412295,259291,153004,10903429120,3314601417,1237987235,47449263,868578343,1160586576
28,1402940,415863,259951,155912,11293941760,3340115247,1241933878,47716431,869668765,1180796173
29,1443085,436186,268810,167376,11619184640,3504542465,1285511862,50043633,898390007,1270596963
30,1483217,452933,275211,177722,11944468480,3640857118,1315839333,51215706,920888728,1352913351
31,1523363,455386,275612,179774,12269639680,3659050396,1318029076,51424376,921761011,1367835933
32,1563546,457878,276118,181760,12595281920,3677505788,1320913917,51610270,922751589,1382230012
33,1603775,460343,276591,183752,12921047040,3695746745,1323762954,51762156,923650919,1396570716
34,1648884,470364,280568,189796,13298063360,3789919389,1335619156,65286334,950001742,1439012157
35,1694029,478149,281561,196588,13675489280,3861312313,1339612660,74139633,954324209,1493235811
36,1741440,485699,282126,203573,14072944640,3929958353,1342222316,81766119,956482234,1549487684
37,1788524,505702,287255,218447,14468106240,4101652910,1367962195,93517854,972680640,1667492221
38,1835523,513397,288308,225089,14863370240,4171832822,1372053531,105006340,979032712,1715740239
39,1876216,530689,297061,233628,15191316480,4311487807,1415423148,106173571,1005490408,1784400680
40,1913449,545953,301966,243987,15492782080,4436563133,1439555922,108356053,1021376758,1867274400
41,1950738,563025,307913,255112,15794718720,4575785202,1469096673,110386658,1039919411,1956382460
42,1988065,578196,313895,264301,16096768000,4699732147,1500259234,111628707,1057158586,2030685620
43,2025433,582690,315157,267533,16399237120,4732139714,1505916103,112363955,1060939105,2052920551
44,2074134,597635,322713,274922,16789903360,4856818378,1545552135,115412711,1085177588,2110675944
45,2122847,600194,323304,276890,17180590080,4875734367,1549263204,115385902,1086170384,2124914877
46,2171519,603472,323755,279717,17570560000,4899115325,1551511714,115723481,1087414248,2144465882
47,2220326,618425,329204,289221,17961431040,5021636387,1576122161,115799599,1107995604,2221719023
48,2257694,618450,329212,289238,18263900160,5021781860,1576127232,115802079,1108027406,2221825143
49,2307202,622086,331085,291001,18659973120,5049354401,1589485659,115816371,1109687975,2234364396
50,2356622,624875,331778,293097,19055656960,5069977693,1594045158,116264322,1110617396,2249050817
51,2405612,636347,335912,300435,19468840960,5177786411,1610008905,135205798,1133627966,2298943742
52,2447006,637794,336366,301428,19802460160,5189341117,1613049275,135039243,1134346244,2306906355
53,2484962,639336,337023,302313,20109813760,5201673249,1617750783,135400139,1135033036,2313489291
54,2522969,640807,337518,303289,20417689600,5213578195,1621144703,135459738,1135705445,2321268309
55,2561009,642051,337807,304244,20725667840,5223559501,1622998100,135593545,1136259474,2328708382
56,2599098,643311,338079,305232,21034076160,5233628060,1624572097,135702479,1136834146,2336519338
57,2639876,645916,338666,307250,21364449280,5252952705,1628118519,136273676,1137822689,2350737821
58,2680677,648640,339347,309293,21695129600,5273120641,1632318316,136779652,1138868621,2365154052
59,2721490,651174,339763,311411,22025707520,5292001087,1634695227,136824852,1139714499,2380766509
60,2762338,653720,340186,313534,22356746240,5310963607,1637215895,136865558,1140520603,2396361551
61,2803249,656273,340573,315700,22687907840,5329807731,1639384550,137222509,1141267537,2411933135
62,2850269,667060,342502,324558,23082076160,5426033199,1645966016,145827336,1152118245,2482121602
63,2897423,675589,343123,332466,23477360640,5503728992,1648657175,155123121,1154481553,2545467143
64,2946849,684080,343765,340315,23892674560,5580869610,1651268241,164212906,1157319012,2608069451
65,2995937,692541,344355,348186,24305715200,5657844301,1653550937,173065307,1159924869,2671303188
66,3034026,692567,344368,348199,24614123520,5657992401,1653564930,173069967,1159975097,2671382407
67,3083892,695994,345942,350052,25014067200,5683878422,1662100515,172753326,1163875124,2685149457
68,3133068,710148,352221,357927,25406832640,5802337491,1695166298,173575771,1184027466,2749567956
69,3182530,712856,352969,359887,25803069440,5822555219,1700405603,173615201,1185000613,2763533802
70,3220619,712881,352973,359908,26111477760,5822699186,1700407477,173621397,1185017171,2763653141
71,3263035,735096,373696,361400,26455859200,6005656824,1817285700,174326874,1239368238,2774676012
72,3307336,746419,382629,363790,26815508480,6098796294,1865675756,175710293,1265062543,2792347702
73,3350218,752391,387075,365316,27163023360,6147772247,1890634038,175341090,1276631746,2805165373
74,3393144,753605,387476,366129,27510743040,6157487549,1893433346,175432332,1277129141,2811492730
75,3436144,759571,391050,368521,27858503680,6204746036,1911117623,175854215,1288163403,2829610795
76,3479144,762358,391706,370652,28206233600,6225611499,1914630125,175795395,1289784687,2845401292
77,3523445,770570,397051,373519,28565800960,6291053095,1940276994,176304875,1307761530,2866709696
78,3567732,772866,397453,375413,28925265920,6310049010,1942357752,177320386,1309052548,2881318324
79,3612081,781297,402379,378918,29285120000,6376027080,1965412454,177994763,1326195179,2906424684
80,3656412,784282,402901,381381,29644994560,6399193338,1967718207,177470709,1328037443,2925966979
81,3700674,787566,403750,383816,30004213760,6425556325,1972191430,177708862,1330222332,2945433701
82,3740691,798725,413353,385372,30326528000,6515039713,2024798752,178576773,1354762060,2956902128
83,3783372,805381,417797,387584,30671964160,6567954497,2047871908,179002915,1367576879,2973502795
84,3825950,810353,421183,389170,31016939520,6607659097,2065347062,179426268,1377743434,2985142333
85,3868596,815960,423830,392130,31362539520,6650687784,2082748295,179973013,1381608624,3006357852
86,3910995,819466,424727,394739,31706787840,6677029366,2087771265,180109600,1383816917,3025331584
87,3953403,821838,425023,396815,32051159040,6694505446,2088827573,180136042,1384919356,3040622475
88,3997704,821859,425027,396832,32410808320,6694628515,2088835205,180139962,1384940986,3040712362
89,4042378,824073,426949,397124,32773447680,6712487789,2103407253,180225632,1386100540,3042754364
90,4086956,826102,428060,398042,33135206400,6728833826,2112006500,180415841,1386704959,3049706526
91,4131606,827496,428531,398965,33497640960,6740028415,2115229960,180449375,1387249268,3057099812
92,4176284,834288,432698,401590,33860229120,6794113241,2134835946,181146491,1402146565,3075984239
93,4220932,838026,433363,404663,34222755840,6822115611,2137393373,183175937,1404426189,3097120112
94,4265582,838047,433368,404679,34585190400,6822244413,2137397229,183178935,1404445543,3097222706
