Backup ID, FPindex, SFindex, Deltaindex
0,3607280,8562112,10496
1,5055440,10505472,514528
2,6434800,12390720,826432
3,7770800,14062528,1129792
4,8954400,15454848,1409440
5,10126720,16903680,1679488
6,14600720,26896384,1836000
7,17402880,31731648,2324448
8,19944800,35167936,2929504
9,19946560,35169856,2930208
10,20568000,36212800,3013472
11,21027520,36882944,3101632
12,22200960,38348224,3350304
13,22458400,38442368,3483200
14,24068640,40236672,3913024
15,25290320,41387328,4231552
16,27341840,43377088,4824128
17,28057680,43623424,5127264
18,28591520,44421312,5221216
19,29090320,45073088,5326848
20,29567360,45668672,5429536
21,30039680,46244160,5533568
22,30041520,46246464,5534112
23,30043200,46247168,5534816
24,31288240,47904064,5774784
25,31583200,48059776,5888384
26,31880320,48160128,6001984
27,32983600,49264320,6291616
28,33269040,49388736,6393248
29,34894880,51075200,6815168
30,36234640,52292928,7172736
31,36430880,52367552,7246464
32,36630240,52463360,7317920
33,36827440,52553152,7390176
34,37629120,53287232,7606336
35,38251920,53453120,7876064
36,38855920,53550080,8116160
37,40456160,54486080,8632544
38,41071760,54646144,8863776
39,42455120,56310592,9160256
40,43676240,57239616,9557408
41,45042000,58359296,9955712
42,46255680,59497472,10276352
43,46615200,59734912,10395232
44,47810800,61177856,10653824
45,48015520,61289856,10725696
46,48277760,61373312,10826784
47,49474000,62409408,11166816
48,49476000,62410880,11167744
49,49766880,62768320,11226144
50,49990000,62899904,11306336
51,50907760,63667328,11572352
52,51023520,63754304,11621696
53,51146880,63879104,11655616
54,51264560,63971072,11692640
55,51364080,64025792,11725664
56,51464880,64074496,11760064
57,51673280,64184704,11835328
58,51891200,64313792,11910976
59,52093920,64391232,11985376
60,52297600,64469696,12058176
61,52501840,64541504,12131552
62,53364800,64888448,12473536
63,54047120,64979200,12757120
64,54726400,65089920,13020544
65,55403280,65157120,13287456
66,55405360,65159552,13288064
67,55679520,65460608,13350720
68,56811840,66658368,13620064
69,57028480,66799872,13690112
70,57030480,66800512,13691104
71,58807680,70773632,13776128
72,59713520,72486976,13895520
73,60191280,73339776,13966848
74,60288400,73405312,13996288
75,60765680,74088192,14084544
76,60988640,74210688,14159008
77,61645600,75206784,14262208
78,61829280,75283008,14339008
79,62503760,76220736,14463392
80,62742560,76319296,14559456
81,63005280,76479744,14652160
82,63898000,78318720,14724192
83,64430480,79167872,14816832
84,64828240,79811264,14878080
85,65276800,80315840,14985440
86,65557280,80485248,15074464
87,65747040,80536448,15143776
88,65748720,80537152,15144544
89,65925840,80905472,15155104
90,66088160,81118592,15205984
91,66199680,81192512,15242912
92,66743040,81989696,15339392
93,67042080,82113472,15456640
94,67043760,82114432,15457312
