Backup ID, Online Delta_save, Offline Delta_save, Offline delta time, Offline dedelta time, Offline delete time, Offline Delta chunk num
0,1360851,171516,38,20,8,18
1,59253345,780060,157,59,22,98
2,112573441,2048276,481,203,42,278
3,160433218,11888755,3762,2156,93,1606
4,184538325,42686332,15877,10164,165,5713
5,205098175,74194661,31222,21226,255,9996
6,219431010,85108643,36035,24405,324,11630
7,270980324,103306060,41802,27426,411,14376
8,331097378,153800292,54766,34110,521,20656
9,331157109,153809335,54767,34110,522,20657
10,337746984,163301377,63107,41057,603,22050
11,345967910,170303395,68616,45494,679,23122
12,361568974,205398900,93300,65297,834,28003
13,370867637,214576671,100336,70958,911,29378
14,434406180,235752348,111380,79102,1024,32278
15,474801622,269033621,125944,89539,1130,36405
16,509658151,351855331,162229,114922,1280,47307
17,522067834,397460870,178697,125551,1372,53146
18,527401754,410171363,194191,139292,1506,54899
19,533711319,423581296,210292,153440,1630,56852
20,541107040,435959085,226162,167507,1740,58655
21,548294358,449024228,244045,183486,1863,60559
22,548355005,449024228,244045,183486,1863,60559
23,548426519,448061604,244322,183761,1869,60561
24,573603153,479575283,267203,202890,2021,64313
25,584395964,488826833,279043,213349,2159,65694
26,596544089,498541988,289781,222625,2291,67156
27,620708902,539877674,321594,249424,2442,72170
28,630593559,550202614,335955,262258,2578,73697
29,648403196,622193767,393308,310367,2833,82941
30,667305122,685608229,448203,357338,3041,90865
31,671116227,696719706,464680,372274,3155,92406
32,679620904,702609108,473784,380563,3243,93221
33,686201217,710369499,485619,391333,3344,94286
34,689051900,749960257,503736,403758,3452,99978
35,691726672,801509139,526151,419693,3532,106458
36,693407148,856080536,554621,441396,3657,113225
37,703971403,963520818,644004,517201,3903,126803
38,706167808,1009572431,677704,544536,4015,133168
39,723606748,1060793932,731865,592293,4259,139572
40,753698378,1113576022,789029,642734,4476,146295
41,787699174,1168683286,852458,699104,4704,153354
42,806264547,1224421073,918488,758251,4944,160237
43,814714251,1238206300,938139,775807,5089,162332
44,818105153,1292570791,1023402,854127,5402,169275
45,825099970,1299814907,1040342,870086,5530,170256
46,833123481,1311342401,1061510,889545,5720,171965
47,843506694,1378212329,1157420,977364,6023,180056
48,843612814,1378212329,1157420,977364,6023,180056
49,849343845,1385020551,1178270,997254,6183,181016
50,856375283,1392675534,1200683,1018538,6337,182145
51,858787420,1440156322,1237106,1047930,6514,189176
52,862134331,1444772024,1243231,1053495,6626,189736
53,864575665,1448913626,1249928,1059626,6689,190302
54,865436028,1455832281,1257304,1066139,6746,191165
55,866117601,1462590781,1265584,1073555,6846,192029
56,868394703,1468124635,1272941,1080225,6883,192716
57,870874212,1479863609,1302816,1108398,7090,194418
58,875324709,1489829343,1326617,1130772,7269,195845
59,878657796,1502108713,1356806,1159273,7408,197533
60,884296522,1512065029,1380598,1181716,7524,198882
61,889747799,1522185336,1404493,1204203,7629,200290
62,892469246,1589652356,1467124,1258322,7924,208802
63,894312541,1651154602,1514684,1298189,8094,216495
64,896031487,1712037964,1568805,1344689,8253,224116
65,897337075,1773966113,1629527,1397709,8476,231818
66,897416294,1773966113,1629527,1397709,8476,231818
67,900458621,1784690836,1665756,1432482,8694,233274
68,912951185,1836616771,1761151,1521538,9026,239613
69,918516707,1845017095,1791014,1550187,9233,240827
70,918604784,1845048357,1791024,1550193,9241,240831
71,927319806,1847356206,1793266,1552114,9400,241152
72,941864473,1850483229,1795372,1553704,9481,241668
73,950659690,1854505683,1797666,1555565,9555,242101
74,955675393,1855817337,1798402,1556135,9578,242267
75,965896086,1863714709,1803118,1559812,9666,243306
76,969378301,1876022991,1812825,1567852,9835,244973
77,977541792,1889167904,1822174,1575450,9941,246724
78,985153724,1896164600,1828222,1580500,9992,247722
79,993441545,1912983139,1842834,1592747,10155,250087
80,1000469405,1925497574,1855079,1603401,10240,251678
81,1006702648,1938731053,1867719,1614329,10302,253390
82,1012243565,1944658563,1873608,1619352,10490,254256
83,1016081915,1957420880,1884373,1628400,10634,255973
84,1020035265,1965107068,1892128,1635096,10744,257032
85,1026242765,1980115087,1909322,1650165,10915,259157
86,1030750538,1994581046,1927392,1666285,11019,261107
87,1034155122,2006467353,1943077,1680419,11119,262658
88,1034196435,2006515927,1943108,1680442,11127,262666
89,1034924103,2007830261,1945156,1682299,11186,262857
90,1038440440,2011266086,1947336,1684022,11276,263314
91,1040580042,2016519770,1951083,1687118,11348,263965
92,1047071890,2028912349,1965061,1699348,11499,265713
93,1055312972,2041807140,1980061,1712341,11692,267720
94,1055415566,2041807140,1980061,1712341,11692,267720
