BackupID, OnlineSpeed(MB/s), Encalve ProcessTime(s), BackupSize, OnlineSize, OfflineSize, OfflineTime(s)
0, 98.1863, 3.64064, 374824960, 226964559, 226873233, 0.153922
1, 186.918, 1.86861, 366243840, 278183397, 277865095, 0.334617
2, 185.657, 1.88698, 367349760, 328331192, 327766476, 0.662987
3, 193.316, 1.82132, 369192960, 380407053, 372554424, 4.1582
4, 215.034, 1.63465, 368578560, 434535291, 408732222, 12.5924
5, 176.211, 1.63993, 303011840, 469794154, 444486659, 15.2804
6, 99.8789, 4.75986, 498503680, 702269540, 695583806, 5.25941
7, 106.723, 3.12413, 349614080, 821812571, 816778764, 6.81912
8, 115.193, 3.04007, 367206400, 931620572, 913549108, 15.3953
9, 621.317, 0.563634, 367206400, 913560896, 913560114, 0.013385
10, 287.276, 1.25509, 378071040, 945688555, 940747175, 7.53885
11, 300.579, 0.99086, 312299520, 959972097, 956673374, 5.2325
12, 179.745, 1.65616, 312145920, 1020684274, 994774301, 20.7206
13, 463.75, 1.04372, 507535360, 1002715420, 997402882, 6.51249
14, 209.781, 2.37613, 522680320, 1053013321, 1040953933, 10.4276
15, 241.942, 2.06063, 522772480, 1090976503, 1071042650, 13.536
16, 151.234, 2.43725, 386498560, 1161300586, 1129812207, 33.9136
17, 293.525, 1.2484, 384235520, 1153643360, 1143880429, 17.4442
18, 313.241, 1.16988, 384256000, 1168874293, 1161672858, 11.0699
19, 328.518, 1.09048, 375644160, 1184097581, 1176016048, 12.8164
20, 337.319, 1.06533, 376811520, 1196666670, 1188943471, 12.0794
21, 340.538, 1.06051, 378685440, 1209503002, 1201067106, 12.7541
22, 673.301, 0.544237, 384235520, 1201083468, 1201083468, 0.004481
23, 621.325, 0.589765, 384235520, 1201093841, 1202076703, 0.332833
24, 201.312, 1.84493, 389447680, 1266862261, 1248733917, 18.414
25, 409.896, 0.907504, 390051840, 1258285614, 1253145925, 9.23018
26, 394.592, 0.945151, 391065600, 1261271745, 1255349198, 8.95633
27, 221.072, 1.68683, 391024640, 1310570977, 1285436498, 23.9777
28, 408.731, 0.911167, 390512640, 1296278794, 1289650309, 10.9557
29, 149.869, 2.06965, 325242880, 1378848471, 1335555495, 44.4935
30, 175.987, 1.76271, 325283840, 1405719862, 1367055039, 44.4898
31, 426.622, 0.72689, 325171200, 1377245540, 1369453452, 12.0844
32, 434.139, 0.71534, 325642240, 1376831997, 1372524187, 7.33909
33, 423.382, 0.73379, 325765120, 1381207489, 1375525110, 8.82026
34, 275.549, 1.30485, 377016320, 1406586665, 1400905490, 17.3683
35, 319.33, 1.12718, 377425920, 1427628374, 1413752293, 21.8459
36, 318.004, 1.19194, 397455360, 1439890142, 1423988435, 25.1363
37, 179.252, 2.10238, 395161600, 1505326923, 1461480049, 69.2822
38, 323.804, 1.16414, 395264000, 1487771809, 1477059871, 29.8676
39, 168.524, 1.85584, 327946240, 1552766726, 1521596719, 41.4642
40, 170.735, 1.6839, 301465600, 1579517030, 1547911975, 42.5124
41, 159.379, 1.8067, 301936640, 1611698883, 1579483331, 48.6738
42, 174.601, 1.6498, 302049280, 1645707112, 1611887941, 50.9989
43, 324.097, 0.890034, 302469120, 1627449152, 1618280058, 15.2992
44, 210.714, 1.76812, 390666240, 1692128960, 1660964846, 57.0158
45, 432.939, 0.860602, 390686720, 1669867668, 1664649106, 12.9421
46, 403.568, 0.921541, 389969920, 1674903235, 1667235195, 15.5589
47, 204.501, 1.8228, 390871040, 1733788951, 1691921760, 67.7691
48, 634.666, 0.454502, 302469120, 1691929311, 1691929311, 0.003442
49, 404.092, 0.934749, 396072960, 1709329951, 1705302030, 15.4679
50, 438.01, 0.861519, 395683840, 1715068318, 1710309480, 16.708
51, 274.528, 1.43535, 413184000, 1748979349, 1745214703, 32.3714
52, 499.581, 0.636862, 333619200, 1752324099, 1748088518, 5.43912
53, 502.692, 0.583091, 307353600, 1756770222, 1753150922, 5.00345
54, 468.95, 0.626108, 307875840, 1763061862, 1756604441, 5.75
55, 509.922, 0.575992, 307978240, 1764808301, 1758591645, 6.40528
56, 479.844, 0.612951, 308408320, 1765468010, 1760274576, 5.26698
57, 402.215, 0.783334, 330373120, 1772082998, 1764392195, 19.1025
58, 411.37, 0.766612, 330680320, 1776150225, 1769097968, 18.3602
59, 403.943, 0.780465, 330577920, 1780293172, 1771520079, 20.9807
60, 409.385, 0.771165, 331038720, 1781398820, 1774081453, 17.8991
61, 425.871, 0.741587, 331161600, 1784236631, 1776607059, 16.0098
62, 255.451, 1.47155, 394168320, 1812625543, 1791793352, 47.3197
63, 296.152, 1.2729, 395284480, 1821751636, 1803780296, 40.7314
64, 315.305, 1.25616, 415313920, 1833807013, 1815481147, 42.809
65, 306.066, 1.287, 413040640, 1845306055, 1826616244, 48.5045
66, 624.904, 0.470666, 308408320, 1826634897, 1826634897, 0.010437
67, 415.889, 0.91711, 399943680, 1841424397, 1834853841, 22.153
68, 211.551, 1.77059, 392765440, 1899863527, 1868742069, 67.7661
69, 380.124, 0.994098, 396236800, 1879376351, 1874020804, 21.9789
70, 623.151, 0.47199, 308408320, 1874037207, 1874028874, 0.036463
71, 145.029, 2.26456, 344381440, 1992860541, 1991612574, 3.25628
72, 239.478, 1.43223, 359649280, 2042895328, 2041386049, 2.2762
73, 322.503, 1.02764, 347514880, 2069281772, 2065975128, 2.32816
74, 481.974, 0.688027, 347719680, 2070090811, 2068865678, 0.686837
75, 325.351, 1.01936, 347760640, 2093251911, 2086971838, 3.70418
76, 405.904, 0.816994, 347729920, 2099186664, 2090425520, 7.49783
77, 286.377, 1.19741, 359567360, 2125420068, 2116581869, 7.77932
78, 456.646, 0.750718, 359464960, 2125752778, 2119678138, 4.8073
79, 278.093, 1.23406, 359854080, 2154088301, 2143407217, 11.6226
80, 396.708, 0.865127, 359874560, 2154828243, 2145188916, 9.58851
81, 413.526, 0.828432, 359219200, 2159906216, 2149900292, 9.2317
82, 220.803, 1.39212, 322314240, 2206845700, 2203375525, 5.72961
83, 299.791, 1.09888, 345436160, 2235136976, 2226874823, 8.3502
84, 349.434, 0.941506, 344975360, 2250547909, 2244773330, 6.20217
85, 321.011, 1.02672, 345600000, 2272463829, 2262721308, 12.3822
86, 388.087, 0.845947, 344248320, 2278252144, 2267880865, 13.0222
87, 429.269, 0.765063, 344371200, 2278364754, 2268963615, 11.4958
88, 624.976, 0.548802, 359649280, 2268984001, 2268975167, 0.073095
89, 469.017, 0.737371, 362639360, 2284533714, 2283632885, 1.98923
90, 467.863, 0.737395, 361758720, 2295580537, 2292422341, 1.99168
91, 513.73, 0.672813, 362434560, 2300446591, 2295679335, 2.81512
92, 299.006, 1.15647, 362588160, 2324269859, 2315982437, 9.92843
93, 390.825, 0.884621, 362526720, 2327883176, 2320569310, 11.0352
94, 633.773, 0.545376, 362434560, 2320576164, 2320576164, 0.004305
