Backup ID, Ecall, Inline_Ocall, Offline_Ocall, _Inline_FPOcall, _Inline_SFOcall, _Inline_LocalOcall, _Inline_LoadOcall, _Inline_DeltaOcall, _Inline_RecipeOcall, _Inline_Write_ContainerOcall, _inline_have_similar_chunk_num, _inline_need_load_container_num
0,372,1422,6014,370,370,2,266,368,46,59,515,162,
1,738,2558,22345,694,694,6,345,728,91,73,8497,541,
2,1104,3708,51679,1016,1016,13,442,1085,136,87,15924,1069,
3,1471,4843,119095,1334,1334,37,531,1426,181,102,23909,1720,
4,1838,5925,233168,1622,1622,101,627,1727,226,119,31419,2404,
5,2138,6826,372101,1861,1861,172,715,1954,263,136,38484,3012,
6,2624,8669,473054,2340,2340,213,1056,2397,323,203,42236,3527,
7,2956,10247,600692,2666,2666,273,1611,2667,364,236,52403,4176,
8,3302,11650,781166,2992,2992,371,1976,2913,406,266,66210,5064,
9,3648,12056,781798,2999,2999,372,1982,3256,448,268,66222,5072,
10,4023,12850,917856,3151,3151,407,2053,3594,494,278,68540,5428,
11,4331,13531,1042089,3283,3283,431,2126,3876,532,284,70786,5722,
12,4639,14469,1288860,3525,3525,520,2236,4093,570,302,77805,6451,
13,5134,15387,1419497,3674,3674,551,2302,4555,631,305,80526,6784,
14,5647,16781,1604426,4017,4017,602,2436,5015,694,320,91281,7521,
15,6161,18072,1800909,4319,4319,662,2548,5467,757,334,100527,8189,
16,6525,19233,2114128,4652,4652,822,2636,5669,802,358,115635,9417,
17,6886,20052,2308824,4833,4833,906,2690,5944,846,366,123119,10200,
18,7267,20851,2540438,4987,4987,959,2755,6270,893,374,125620,10655,
19,7642,21664,2745122,5143,5143,1010,2837,6592,939,381,128444,11118,
20,8017,22451,2942565,5295,5295,1055,2901,6920,985,388,131288,11544,
21,8393,23237,3147012,5444,5444,1100,2969,7249,1031,395,134183,11967,
22,8754,23658,3147185,5451,5451,1100,2973,7608,1075,397,134194,11975,
23,9115,24075,3167263,5458,5458,1101,2973,7966,1119,399,134212,11987,
24,9499,25053,3418593,5681,5681,1169,3076,8280,1166,417,141126,12592,
25,9883,25966,3634814,5880,5880,1218,3162,8613,1213,421,143994,13117,
26,10268,26866,3846986,6071,6071,1257,3250,8957,1260,425,147173,13594,
27,10652,27833,4128775,6287,6287,1334,3356,9262,1307,440,155185,14231,
28,11035,28725,4353943,6477,6477,1382,3440,9595,1354,444,158094,14726,
29,11351,29783,4819651,6773,6773,1530,3553,9761,1393,468,169559,15895,
30,11667,30769,5240266,7031,7031,1649,3670,9956,1432,487,179907,16788,
31,11983,31409,5451728,7147,7147,1688,3725,10231,1471,491,181959,17113,
32,12299,32059,5620985,7264,7264,1709,3788,10524,1510,494,183945,17391,
33,12616,32701,5801900,7377,7377,1735,3850,10813,1549,498,185937,17678,
34,12971,33354,6020518,7489,7489,1816,3882,11085,1593,508,191981,18516,
35,13326,34007,6196479,7603,7603,1894,3910,11360,1637,516,198784,19162,
36,13699,34670,6437086,7714,7714,1976,3934,11649,1683,524,205781,19792,
37,14069,35774,6986498,8007,8007,2165,4039,11828,1728,546,220673,21370,
38,14439,36443,7250882,8122,8122,2249,4065,12112,1773,554,227319,22087,
39,14759,37436,7689204,8373,8373,2360,4199,12319,1812,575,235885,22951,
40,15052,38374,8120730,8624,8624,2460,4308,12510,1848,591,246245,23765,
41,15346,39352,8578658,8892,8892,2566,4422,12696,1884,608,257398,24682,
42,15640,40321,9059708,9162,9162,2676,4523,12878,1920,626,266600,25553,
43,15934,41209,9338091,9407,9407,2716,4593,13130,1956,631,269833,25987,
44,16317,42147,9943763,9624,9624,2848,4669,13379,2003,651,277222,27107,
45,16700,43075,10195836,9839,9839,2871,4739,13737,2050,655,279190,27410,
46,17083,43973,10515319,10027,10027,2924,4833,14065,2097,659,282021,27949,
47,17467,45112,11150418,10319,10319,3051,4959,14320,2144,677,291533,29118,
48,17761,45695,11150434,10443,10443,3051,4966,14612,2180,679,291551,29126,
49,18150,46456,11441416,10564,10564,3078,5050,14972,2228,685,293316,29469,
50,18539,47206,11744727,10686,10686,3113,5121,15324,2276,689,295412,29813,
51,18924,47924,12061050,10815,10815,3211,5151,15609,2323,700,302750,30830,
52,19250,48529,12232211,10921,10921,3224,5180,15920,2363,703,303743,30952,
53,19549,49364,12346753,11159,11159,3236,5205,16205,2400,707,304630,31061,
54,19848,50147,12429087,11371,11371,3250,5230,16488,2437,711,305617,31169,
55,20148,50717,12548638,11477,11477,3265,5253,16771,2474,715,306572,31284,
56,20448,51158,12608160,11517,11517,3275,5279,17059,2511,718,307577,31388,
57,20769,52142,12931020,11805,11805,3329,5329,17324,2550,722,309596,31851,
58,21090,53075,13193146,12065,12065,3369,5384,17603,2589,726,311641,32188,
59,21411,53725,13457707,12182,12182,3413,5442,17878,2628,730,313762,32558,
60,21733,54379,13666655,12297,12297,3443,5507,18168,2667,734,315887,32876,
61,22055,55037,13871267,12411,12411,3472,5578,18459,2706,738,318056,33203,
62,22425,55895,14375478,12604,12604,3609,5637,18690,2751,749,326915,34695,
63,22796,56597,14684843,12732,12732,3701,5668,18967,2797,758,334824,35557,
64,23185,57318,15012568,12859,12859,3793,5700,19262,2845,767,342674,36367,
65,23571,58393,15375354,13165,13165,3886,5732,19553,2892,776,350549,37324,
66,23871,58805,15375879,13200,13200,3886,5739,19851,2929,778,350563,37335,
67,24263,59565,15745963,13328,13328,3939,5805,20188,2977,783,352416,37796,
68,24650,60552,16390071,13548,13548,4054,5919,20458,3025,801,360292,38632,
69,25039,61507,16724966,13769,13769,4090,5997,20809,3073,805,362252,39024,
70,25339,61919,16726611,13803,13803,4091,6006,21106,3110,807,362273,39040,
71,25673,62796,16929624,14015,14015,4113,6086,21416,3151,838,363786,39299,
72,26022,63709,17015543,14240,14240,4129,6159,21747,3194,852,366185,39589,
73,26360,64530,17108110,14429,14429,4142,6225,22070,3235,860,367713,39815,
74,26698,65232,17128039,14576,14576,4145,6256,22403,3276,863,368600,39910,
75,27036,65983,17220424,14730,14730,4167,6322,22717,3317,871,371005,40210,
76,27374,66813,17387780,14922,14922,4211,6391,23009,3358,876,373136,40592,
77,27723,67687,17516598,15122,15122,4257,6475,23310,3401,886,376161,41030,
78,28071,68474,17580019,15300,15300,4274,6517,23639,3444,890,378057,41228,
79,28420,69403,17780388,15521,15521,4325,6614,23935,3487,900,381583,41749,
80,28769,70271,17905490,15724,15724,4360,6686,24247,3530,904,384048,42089,
81,29117,71066,18001566,15901,15901,4394,6738,24559,3573,909,386484,42363,
82,29432,71865,18191890,16080,16080,4432,6827,24834,3612,925,388055,42756,
83,29768,72658,18337757,16251,16251,4477,6903,25123,3653,934,390268,43134,
84,30103,73433,18454560,16420,16420,4508,6966,25425,3694,941,391885,43447,
85,30439,74281,18660880,16614,16614,4567,7051,25700,3735,949,394845,43979,
86,30773,75062,18807771,16787,16787,4608,7113,25991,3776,954,397454,44372,
87,31107,75824,18942170,16946,16946,4642,7184,26289,3817,958,399548,44732,
88,31456,76475,18946683,17073,17073,4644,7191,26634,3860,960,399565,44744,
89,31808,77235,19021057,17237,17237,4656,7230,26972,3903,965,399859,44875,
90,32159,77851,19102293,17327,17327,4665,7274,27312,3946,969,400777,44995,
91,32510,78445,19169238,17409,17409,4676,7312,27650,3989,972,401803,45120,
92,32862,79295,19343383,17585,17585,4726,7417,27950,4032,981,404428,45612,
93,33213,80112,19545934,17757,17757,4770,7498,28255,4075,985,407501,46011,
94,33564,80661,19545947,17832,17832,4770,7505,28604,4118,987,407517,46022,
