Backup ID, Logical chunk num, Unique chunk num, Base chunk num, Delta chunk num, Logical chunk size, Unique chunk size, Base chunk size, Delta chunk size, LZ4_save size, Delta_save size, 
0,24641,24495,24461,34,208250880,207122891,100522795,132661,106250527,216908
1,49838,39626,31436,8190,420976640,343883169,130445276,1751231,137248341,74438321
2,75769,54678,37459,17219,640409600,480951594,155755379,3858107,164226953,157111155
3,102154,69374,43225,26149,864501760,615776387,180430239,6246042,189838671,239261435
4,128934,85204,49892,35312,1092659200,760639837,208912702,8947329,219632594,323147212
5,156457,101934,57210,44724,1326612480,913110906,240156777,12048672,252073120,408832337
6,184290,118788,64070,54718,1563217920,1067086366,269513275,15451630,282302021,499819440
7,212510,136407,71550,64857,1803356160,1227283855,301540634,19000059,315479790,591263372
8,241451,155151,79304,75847,2049822720,1397466120,334616847,22562140,349407167,690879966
9,270745,172102,85034,87068,2300139520,1554665685,359176595,25694169,375328053,794466868
10,300593,189672,91229,98443,2554542080,1715971804,385309985,29085883,403065071,898510865
11,331389,208165,98390,109775,2817464320,1885698253,415483220,32919572,434982226,1002313235
12,362473,226816,105831,120985,3082168320,2056620195,447244763,36853197,467965879,1104556356
13,394467,248136,115398,132738,3355002880,2249505687,488232281,41997741,510266995,1209008670
14,427730,269719,125731,143988,3639654400,2446105951,532587177,46084879,556572924,1310860971
15,461573,291289,135038,156251,3929231360,2642868685,572269466,51129101,598052975,1421417143
16,495907,313484,146517,166967,4223057920,2845343213,621510495,55769839,649980392,1518082487
17,533891,338250,161125,177125,4533319680,3055374134,678121428,60372479,710702940,1606177287
18,573226,363914,174053,189861,4869498880,3288730076,732929294,65394659,770055798,1720350325
19,614460,390057,186133,203924,5222645760,3527677934,784169557,70344767,824978069,1848185541
20,657190,416136,197219,218917,5588357120,3767058441,830728398,75390619,875272476,1985666948
21,701984,444128,209497,234631,5970749440,4022803683,881881734,80496884,931358346,2129066719
22,748244,472329,220985,251344,6365849600,4281805935,930178174,86066663,983751043,2281810055
23,795533,500237,231117,269120,6770524160,4539452538,972633197,92264207,1029692560,2444862574
24,843831,528928,241652,287276,7183421440,4803542209,1016323787,98063437,1077462982,2611692003
25,892453,557325,251824,305501,7597076480,5064122709,1058164821,103701226,1122998292,2779258370
26,943081,588339,264415,323924,8028426240,5347599334,1110095136,110229459,1180581673,2946693066
27,994732,617593,274503,343090,8468920320,5618093235,1152036657,115911571,1226247819,3123897188
28,1047519,648825,285280,363545,8918517760,5905656166,1197040192,122887368,1275656387,3310072219
29,1100481,678191,294662,383529,9369497600,6177498332,1236238867,134306632,1317476273,3489476560
30,1161683,730293,334768,395525,9891061760,6631310292,1399406333,148914639,1500018291,3582971029
31,1224165,764459,346862,417597,10425190400,6949135668,1449951432,154156878,1556439881,3788587477
32,1287906,799067,358462,440605,10969159680,7270247371,1497878494,160063264,1609307240,4002998373
33,1352398,833924,369001,464923,11518976000,7592912324,1541196156,166644445,1657348763,4227722960
34,1418053,869731,380252,489479,12079032320,7925229976,1587225526,173876096,1708914214,4455214140
35,1485051,906885,392367,514518,12650547200,8269312100,1636664761,181582544,1764962181,4686102614
36,1552883,943650,403645,540005,13229209600,8610980264,1682646436,188927058,1816957559,4922449211
37,1620506,980487,414862,565625,13805813760,8953041890,1728326466,196005904,1868661873,5160047647
38,1688546,1017268,424693,592575,14386237440,9294603528,1768841282,203290195,1913300056,5409171995
39,1757006,1054333,435591,618742,14970695680,9640069539,1813903514,211556897,1963807939,5650801189
40,1810412,1083547,444018,639529,15425167360,9911406345,1849245740,223250399,2002609308,5836300898
41,1864540,1113534,452689,660845,15886080000,10189212551,1885509010,231490833,2042378731,6029833977
42,1919273,1143338,460694,682644,16352163840,10465661096,1918944933,240001308,2079562143,6227152712
43,1974837,1173737,468907,704830,16824729600,10747386683,1953317455,249484352,2117261047,6427323829
44,2031182,1204027,476880,727147,17304453120,11028976023,1986490429,258867849,2154007863,6629609882
45,2088613,1233728,483603,750125,17793658880,11306693526,2014437408,266955325,2185122769,6840178024
46,2147190,1264387,490771,773616,18292684800,11593204633,2044175682,276099162,2218714660,7054215129
47,2206496,1294554,496695,797859,18798346240,11876362472,2068871696,285032380,2246341051,7276117345
48,2266715,1323504,501080,822424,19312179200,12150398334,2086996295,292851751,2266793322,7503756966
49,2335940,1359838,511167,848671,19902177280,12489094108,2128459699,314132051,2313819197,7732683161
50,2419066,1426420,558122,868298,20615280640,13077690238,2314892264,334513696,2536751601,7891532677
51,2503193,1471068,572409,898659,21337559040,13492750308,2373678393,342224612,2603051315,8173795988
52,2593570,1520912,591401,929511,22117294080,13956496725,2441786786,351094645,2704045636,8459569658
53,2687808,1568890,606385,962505,22935326720,14407514754,2498646610,360749285,2782170910,8765947949
54,2782874,1615142,620562,994580,23760384000,14838437071,2555589665,373251556,2847744299,9061851551
55,2878878,1662942,634319,1028623,24594739200,15284296250,2611815007,386069153,2912181094,9374230996
56,2975128,1710128,647785,1062343,25430681600,15725714597,2666064800,397279190,2975941755,9686428852
57,3070965,1757037,661781,1095256,26264494080,16164609531,2722545971,407515508,3042571264,9991976788
58,3166442,1803100,674367,1128733,27094425600,16595252208,2773771777,418008174,3101709465,10301762792
59,3262959,1849992,687745,1162247,27933890560,17033027647,2828241466,429271096,3163881333,10611633752
60,3332759,1886832,696790,1190042,28529817600,17377600787,2865859543,440622274,3206125198,10864993772
61,3430872,1934164,710329,1223835,29384591360,17821510252,2920635423,454324954,3271158703,11175391172
62,3504712,1972423,719998,1252425,30015549440,18178220181,2960491823,464232445,3315479330,11438016583
63,3579605,2009807,728357,1281450,30656389120,18529206646,2995042347,473649466,3354586330,11705928503
64,3655420,2047926,736611,1311315,31304744960,18886528805,3028798150,485152301,3393031589,11979546765
65,3732183,2085663,743871,1341792,31962798080,19242462056,3059091389,495971290,3426999287,12260400090
66,3809922,2124329,751844,1372485,32629002240,19606090117,3092432093,507375011,3464277890,12542005123
67,3888789,2162403,758448,1403955,33305978880,19966345083,3120016024,517563328,3495004684,12833761047
68,3968924,2200450,765011,1435439,33992949760,20325995601,3147130705,528735443,3525317080,13124812373
69,4050053,2237353,770021,1467332,34688532480,20677381896,3167837001,538130989,3548725170,13422688736
70,4149217,2284535,784071,1500464,35551836160,21119663880,3224404446,572221488,3616160235,13706877711
71,4265450,2371143,846553,1524590,36571084800,21893659608,3461212985,622971964,3929191070,13880283589
72,4386386,2425654,864034,1561620,37635307520,22408755401,3526873950,631703498,4019647435,14230530518
73,4508081,2477154,877624,1599530,38705633280,22895215145,3581470426,642285402,4084181980,14587277337
74,4632072,2531806,892969,1638837,39797422080,23410168790,3641298613,653646565,4159556563,14955667049
75,4732223,2578458,903824,1674634,40669081600,23848856535,3685933096,659699963,4210502303,15292721173
76,4832181,2625447,917564,1707883,41540311040,24291221580,3741420136,690059524,4275792369,15583949551
77,4936619,2671964,928275,1743689,42453647360,24729783746,3784831782,705039389,4325893207,15914019368
78,5043629,2718584,938228,1780356,43391784960,25170334985,3824984645,719331556,4372944270,16253074514
79,5152164,2765822,948157,1817665,44339476480,25614745161,3864163107,732820764,4419542672,16598218618
80,5261707,2811976,956398,1855578,45297090560,26053001409,3897394580,744730939,4458537696,16952338194
81,5372102,2858319,964281,1894038,46262865920,26494109032,3929494340,756919368,4495778717,17311916607
82,5484739,2905801,972368,1933433,47246745600,26944336428,3961641057,770760833,4533632177,17678302361
83,5615274,2974727,1031183,1943544,48257761280,27443678836,4150347618,785984481,4751875225,17755471512
84,5746948,3029093,1048623,1980470,49277388800,27828197717,4201673767,794932582,4813322895,18018268473
85,5878524,3079049,1055359,2023690,50296289280,28176859675,4219113442,803579521,4835955390,18318211322
86,6010103,3128955,1060882,2068073,51315240960,28525163481,4233207398,811954180,4854729987,18625271916
87,6141701,3178812,1065433,2113379,52334305280,28872958077,4244843861,819258059,4870185469,18938670688
88,6273302,3228688,1069492,2159196,53353441280,29220978790,4255581652,824363275,4884352366,19256681497
89,6404919,3278502,1073605,2204897,54372648960,29568467799,4266377823,829147756,4899049011,19573893209
90,6536540,3328324,1077221,2251103,55391866880,29916062621,4275702154,832047215,4911471135,19896842117
91,6668160,3378140,1080548,2297592,56411105280,30263561394,4284318745,848046946,4922989832,20208205871
92,6804565,3431960,1090869,2341091,57475010560,30644138614,4315887361,850737147,4960353865,20517160241
93,6940979,3482283,1094637,2387646,58538915840,30995265413,4325533341,853986972,4973001113,20842743987
94,7077386,3532627,1097995,2434632,59602872320,31346808615,4334204065,856938635,4984636508,21171029407
95,7213812,3582970,1101443,2481527,60666920960,31698289312,4343002083,860845883,4996643342,21497798004
96,7350241,3633269,1105374,2527895,61731000320,32049460760,4353172162,864064671,5010453111,21821770816
97,7486674,3683528,1108226,2575302,62795130880,32400320490,4360409294,867695009,5020332233,22151883954
98,7623116,3733785,1110861,2622924,63859322880,32751090403,4367051361,871294215,5029473186,22483271641
99,7759591,3784184,1114122,2670062,64923535360,33102591715,4375244455,906271213,5040701690,22780374357
100,7896734,3837918,1123539,2714379,65993605120,33482551991,4404117718,933255072,5074612347,23070566854
101,8033918,3888530,1127673,2760857,67063715840,33836062449,4414877966,927446275,5089313345,23404424863
102,8171098,3939120,1130866,2808254,68133888000,34189542680,4423189174,924786895,5100431385,23741135226
103,8308293,3989691,1133873,2855818,69204070400,34542631238,4430986165,925022114,5110755974,24075866985
104,8445492,4040213,1136878,2903335,70274324480,34895496730,4438451482,927226964,5121078211,24408740073
105,8582680,4090615,1139178,2951437,71344588800,35247383444,4444150598,929737188,5128998295,24744497363
106,8719869,4141100,1142321,2998779,72414894080,35599950429,4451756223,933105229,5139615403,25075473574
107,8857075,4191540,1144449,3047091,73485209600,35952016244,4456992594,936490171,5146898315,25411635164
108,8994276,4241970,1146603,3095367,74555525120,36304049595,4462105258,975812668,5154352995,25711778674
109,9133868,4296766,1156005,3140761,75646996480,36692624072,4491574642,971787820,5189057522,26040204088
110,9273476,4347897,1159274,3188623,76738498560,37049737902,4499930910,974288226,5200068715,26375450051
111,9413087,4398892,1161927,3236965,77830031360,37405820556,4506609573,977301241,5209260436,26712649306
112,9552710,4449914,1164194,3285720,78921687040,37762308541,4512499072,980705113,5217205461,27051898895
113,9692345,4500877,1166665,3334212,80013373440,38118104505,4518861681,984603567,5225728139,27388911118
114,9831983,4551835,1169200,3382635,81105090560,38473884103,4525227969,988446185,5234443594,27725766355
115,9971637,4602922,1174140,3428782,82196858880,38830540205,4539714167,992214781,5252499127,28046112130
116,10111284,4653852,1176742,3477110,83288637440,39186071420,4546234239,1037691289,5261556914,28340588978
117,10254480,4719071,1192173,3526898,84415191040,39665633935,4595217738,1035897999,5328970602,28705547596
118,10397681,4770973,1195717,3575256,85541744640,40028724542,4604408856,1038338240,5340951293,29045026153
119,10540871,4822680,1198463,3624217,86668339200,40390617824,4611545674,1041797071,5350554002,29386721077
120,10684073,4874361,1200897,3673464,87794995200,40752012280,4617884964,1045638990,5358877170,29729611156
121,10827281,4926037,1203690,3722347,88921692160,41113288654,4624992026,1049985398,5368592057,30069719173
122,10970483,4977636,1205989,3771647,90048409600,41473895648,4630888486,1053468811,5376628598,30412909753
123,11113686,5029199,1208256,3820943,91175137280,41834152531,4636553803,1057812687,5384356017,30755430024
124,11256922,5081046,1210756,3870290,92301875200,42196440001,4642887532,1117900803,5393141061,31042510605
125,11401515,5143663,1223245,3920418,93438638080,42646913920,4684140343,1104525283,5440196032,31418052262
126,11546098,5195868,1226616,3969252,94575441920,43011697796,4692826158,1105028710,5451740750,31762102178
127,11690685,5248179,1229080,4019099,95712296960,43377614779,4699149947,1107702543,5460047551,32110714738
128,11835284,5300501,1231857,4068644,96849203200,43743443888,4706666862,1110875183,5469631063,32456270780
129,11979903,5352677,1234535,4118142,97986140160,44107982046,4713386658,1114997595,5478957457,32800640336
130,12124509,5404840,1236791,4168049,99123118080,44472661525,4718998848,1118727697,5486708406,33148226574
131,12269135,5456984,1238697,4218287,100260126720,44837198007,4723811841,1123419630,5493300999,33496665537
132,12413757,5509206,1241108,4268098,101397145600,45202159037,4729661344,1188880955,5501760227,33781856511
133,12560306,5573743,1254250,4319493,102548971520,45669972107,4772664815,1174575563,5553452785,34169278944
134,12706853,5626534,1257286,4369248,103700848640,46039405097,4780763636,1174339560,5563998709,34520303192
135,12853388,5679316,1260018,4419298,104852684800,46408795222,4787814348,1178445186,5573428753,34869106935
136,12999928,5732016,1262391,4469625,106004572160,46777402158,4794020382,1182336032,5581767283,35219278461
137,13146491,5784871,1264643,4520228,107156520960,47147233419,4799730179,1186131103,5589513242,35571858895
138,13293046,5837477,1266688,4570789,108308500480,47515049838,4804868828,1189937248,5596544108,35923699654
139,13439601,5890056,1269012,4621044,109460500480,47882533659,4810499509,1194086088,5604508125,36273439937
140,13586157,5942529,1270931,4671598,110612520960,48249044660,4815233058,1197616242,5611007872,36625187488
141,13732717,5995056,1273070,4721986,111764551680,48616124200,4820366396,1273928915,5618496825,36903332064
142,13880344,6058499,1285234,4773265,112924149760,49073860100,4860483498,1252485306,5664994906,37295896390
143,14027988,6111925,1288668,4823257,114083829760,49447891995,4869297118,1252124310,5676737579,37649732988
144,14175645,6165186,1291374,4873812,115243581440,49820445302,4876176640,1255283664,5685951072,38003033926
145,14323303,6218305,1293715,4924590,116403353600,50191733991,4882015193,1259138167,5693907685,38356672946
146,14470960,6271425,1295986,4975439,117563146240,50563113252,4887838536,1263576497,5701767122,38709931097
147,14618628,6324581,1298307,5026274,118722969600,50934898919,4893657529,1267371349,5709860220,39064009821
148,14766300,6377676,1300582,5077094,119882823680,51306102127,4899376326,1271592287,5717746571,39417386943
149,14913989,6430735,1303008,5127727,121042739200,51676783287,4905368447,1276571942,5726109343,39768733555
150,15061697,6483725,1306350,5177375,122202654720,52046653921,4913889466,1367303384,5737916328,40027544743
151,15215081,6551594,1321988,5229606,123417743360,52542126172,4962250137,1346620206,5806041937,40427213892
152,15368526,6606120,1326125,5279995,124632862720,52923284157,4973097004,1346440360,5820027663,40783719130
153,15521904,6659947,1329305,5330642,125848002560,53299309398,4981668292,1347483252,5831445467,41138712387
154,15675282,6713636,1331480,5382156,127063162880,53674073370,4987171270,1350872979,5839046176,41496982945
155,15828675,6767498,1334065,5433433,128278353920,54050239508,4993783024,1354710680,5848154513,41853591291
156,15982054,6821147,1336218,5484929,129493575680,54424765409,4999111503,1357894200,5855588335,42212171371
157,16135440,6874760,1338519,5536241,130708828160,54798978754,5004785676,1361921107,5863473307,42568798664
158,16288844,6928446,1341027,5587419,131924111360,55173626794,5010777253,1447644025,5872310547,42842894969
159,16447881,6997829,1357750,5640079,133193082880,55683897240,5061174232,1428092541,5947996285,43246634182
160,16606926,7052409,1360891,5691518,134462105600,56065143765,5069154802,1426907244,5958832062,43610249657
161,16765974,7106802,1363405,5743397,135731159040,56444802879,5075436760,1428866642,5967443967,43973055510
162,16925032,7161385,1366341,5795044,137000273920,56826044878,5083181027,1433122795,5977835431,44331905625
163,17084103,7215812,1368964,5846848,138269419520,57205869603,5089851571,1436993057,5986994287,44692030688
164,17243196,7270287,1371113,5899174,139538606080,57586041595,5095303751,1441008352,5994615519,45055113973
165,17402274,7324836,1372965,5951871,140807864320,57967173406,5100014766,1444466315,6001029366,45421662959
166,17561357,7379256,1375092,6004164,142077163520,58347083586,5105332513,1450433689,6008393807,45782923577
167,17720447,7433609,1377523,6056086,143346462720,58726475359,5110996122,1545756591,6016739290,46052983356
168,17886817,7504752,1395042,6109710,144686612480,59254482293,5162383574,1650287576,6102140878,46339670265
169,18053209,7560224,1398687,6161537,146026874880,59642371034,5171548957,1675684713,6114669053,46680468311
170,18219602,7615541,1401458,6214083,147367178240,60028979932,5178579072,1688563230,6124266533,47037571097
171,18386010,7670761,1403964,6266797,148707522560,60414563771,5184852667,1700981072,6133016504,47395713528
172,18552417,7725971,1406207,6319764,150047897600,60800172108,5190474813,1709342694,6140800659,47759553942
173,18718807,7781013,1408299,6372714,151388272640,61184458625,5195576207,1717189234,6148059479,48123633705
174,18885225,7836302,1410782,6425520,152728668160,61570577496,5201561679,1726119427,6156603265,48486293125
175,19051640,7891501,1413461,6478040,154069084160,61956043340,5208082622,1756113940,6165929347,48825917431
176,19220179,7958927,1426416,6532511,155427061760,62443904441,5249392120,1774798576,6217603772,49202109973
177,19388737,8014877,1429526,6585351,156785070080,62834909536,5257511429,1780465499,6228349058,49568583550
178,19557303,8070715,1432596,6638119,158143150080,63225012328,5265087966,1787263777,6238909460,49933751125
179,19725862,8126473,1434984,6691489,159501301760,63614575920,5271100483,1793214500,6247219008,50303041929
180,19894446,8182287,1437564,6744723,160859504640,64004795765,5277407977,1799682040,6256177634,50671528114
181,20063015,8238008,1439841,6798167,162217748480,64394128344,5283155500,1804607048,6264301956,51042063840
182,20231579,8293687,1441875,6851812,163576023040,64783161592,5288264351,1810195010,6271334150,51413368081
183,20400159,8349256,1443708,6905548,164934318080,65171073852,5292751731,1815619639,6277700372,51785002110
184,20568769,8405097,1446738,6958359,166292643840,65560730580,5300409247,1869420412,6288393574,52102507347
185,20738884,8474319,1462594,7011725,167663482880,66060826530,5348641068,1875547245,6351803854,52484834363
186,20909007,8530654,1466067,7064587,169034342400,66453771629,5356987932,1879473889,6364066091,52853243717
187,21079149,8586848,1468476,7118372,170405335040,66846099255,5362939212,1883715864,6372357231,53227086948
188,21249296,8643194,1471245,7171949,171776348160,67239456128,5369891413,1889661526,6381952647,53597950542
189,21419516,8699712,1474621,7225091,173147402240,67633595012,5378484908,1898820233,6393563754,53962726117
190,21589668,8755882,1476879,7279003,174518487040,68025605366,5384101943,1902807195,6401469066,54337227162
191,21759830,8812170,1478955,7333215,175889612800,68418780233,5389269601,1906517953,6408634663,54714358016
192,21930000,8868495,1481304,7387191,177260769280,68811767293,5395243862,1911245267,6417059356,55088218808
193,22100177,8924695,1483815,7440880,178631946240,69203938386,5401217555,1972970054,6425999345,55403751432
194,22271074,8992244,1497831,7494413,180008775680,69690705773,5446339237,1972809302,6479907805,55791649429
195,22441790,9048642,1501040,7547602,181384151040,70084352759,5454458107,1975309327,6490856262,56163729063
196,22612511,9105227,1504053,7601174,182759546880,70479646678,5462369144,1979985436,6501389769,56535902329
197,22783370,9163082,1509046,7654036,184135034880,70884113696,5475877773,1991559017,6519334134,56897342772
198,22954098,9219404,1511075,7708329,185510543360,71277231023,5480888579,1994016824,6526509602,57275816018
199,23124824,9275749,1513284,7762465,186886082560,71670617640,5486530652,1998618103,6534416978,57651051907
200,23295551,9332065,1515504,7816561,188261662720,72063721272,5492080632,2003343638,6542116015,58026180987
201,23466280,9388353,1518077,7870276,189637253120,72456450053,5498414746,2067951652,6551348655,58338735000
202,23639562,9457474,1531885,7925589,191035084800,72958078126,5541793005,2066297839,6608735515,58741251767
203,23812842,9514409,1535574,7978835,192432936960,73355640238,5550719986,2067825205,6621342147,59115752900
204,23986132,9571470,1538473,8032997,193830850560,73754512241,5557917739,2072532492,6631567058,59492494952
205,24159416,9628351,1541083,8087268,195228815360,74151741452,5564465176,2078408336,6640591241,59868276699
206,24332721,9685313,1543476,8141837,196626831360,74549606383,5570634842,2084547214,6648915857,60245508470
207,24506020,9742188,1545508,8196680,198024888320,74946933668,5575752517,2087960959,6656035254,60627184938
208,24679332,9799081,1548328,8250753,199422986240,75344383951,5583015934,2092681087,6665968578,61002718352
209,24852683,9856049,1550732,8305317,200821135360,75742099691,5588772351,2171808735,6674412552,61307106053
