Backup ID, FPindex, SFindex, Deltaindex
0,1959600,4687040,1728
1,3170080,6024896,522144
2,4374240,7180544,938848
3,5549920,8287040,1320704
4,6816320,9564288,1710816
5,8154720,10967616,2117408
6,9503040,12280832,2551744
7,10912560,13705024,2984608
8,12412080,15182272,3465056
9,13768160,16274496,3943200
10,15173760,17452416,4408416
11,16653200,18817536,4870464
12,18145280,20235648,5339648
13,19850880,22060224,5836672
14,21577520,24031552,6315264
15,23303120,25805888,6851200
16,25078720,27998400,7311392
17,27060000,30786176,7762496
18,29113120,33237248,8320896
19,31204560,35537280,8945440
20,33290880,37649536,9586912
21,35530240,39988480,10244704
22,37786320,42176832,10948576
23,40018960,44104896,11690336
24,42314240,46114816,12439904
25,44586000,48050880,13180672
26,47067120,50450816,13927136
27,49407440,52371904,14715072
28,51906000,54421184,15540000
29,54255280,56209216,16341952
30,58423440,63893760,16831232
31,61156720,66213568,18034080
32,63925360,68436160,18988480
33,66713920,70450368,19959776
34,69578480,72587456,20931520
35,72550800,74892096,21923360
36,75492000,77033088,22929664
37,78438960,79168640,23933568
38,81381440,81035968,24995456
39,84346640,83107840,26002336
40,86683760,84684608,26799200
41,89082720,86315136,27617440
42,91467040,87819008,28459200
43,93898960,89361408,29304896
44,96322160,90854144,30154016
45,98698240,92107584,31024768
46,101150960,93443520,31896896
47,103564320,94535104,32797440
48,105880320,95330688,33685024
49,108787040,97231488,34693920
50,114113600,106197952,35468896
51,117685440,108931584,37025344
52,121672960,112537280,38282688
53,125511200,115392320,39603552
54,129211360,118095808,40851136
55,133035360,120699968,42196160
56,136810240,123251520,43507968
57,140562960,125911424,44789600
58,144248000,128300160,46099776
59,147999360,130841280,47392192
60,150946560,132522944,48430048
61,154733120,135083584,49730592
62,157793840,136891520,50807968
63,160784560,138455616,51892480
64,163834080,139993664,52998400
65,166853040,141338240,54117088
66,169946320,142812224,55233248
67,172992240,144027648,56373440
68,176036000,145236736,57498816
69,178988240,146143104,58627296
70,182762800,148793664,59901600
71,189691440,160710208,60893952
72,194052320,164056320,62866368
73,198172320,166656512,64390464
74,202544480,169586368,65914752
75,206276640,171602240,67260576
76,210035760,174176512,68505440
77,213757120,176186304,69903456
78,217486720,178030720,71260896
79,221265760,179882048,72632800
80,224958080,181410688,74012448
81,228665520,182876608,75395776
82,232464080,184372544,76809056
83,237978160,195635072,77266720
84,242327440,198981824,79484128
85,246323920,200273728,81259680
86,250316400,201328000,82839616
87,254304960,202190400,84407296
88,258295040,202942144,85982816
89,262280160,203693696,87532864
90,266265920,204337856,89095520
91,270251200,204874176,90654240
92,274556800,206770880,92155904
93,278582640,207433728,93852928
94,282610160,208017152,95442880
95,286637600,208605248,97015104
96,290661520,209299584,98570208
97,294682240,209783936,100150432
98,298702800,210227456,101730944
99,302734720,210777984,103299104
100,307033440,212501824,104802912
101,311082400,213237888,106473056
102,315129600,213784192,108069472
103,319175280,214275392,109657344
104,323217040,214777152,111238688
105,327249200,215165312,112833504
106,331288000,215715200,114397504
107,335323200,216065536,115992480
108,339357600,216422464,117582368
109,343741280,218142976,119115936
110,347831760,218713472,120834784
111,351911360,219161920,122449376
112,355993120,219545600,124067808
113,360070160,219951040,125669504
114,364146800,220378624,127270464
115,368233760,221238272,128833280
116,372308160,221709248,130425856
117,377525680,224584896,132159104
118,381677840,225206592,133905120
119,385814400,225673600,135548928
120,389948880,226076992,137182368
121,394082960,226553280,138802656
122,398210880,226934336,140431424
123,402335920,227311104,142056576
124,406483680,227724096,143687872
125,411493040,230028480,145404288
126,415669440,230626496,147133024
127,419854320,231032064,148793952
128,424040080,231501632,150439168
129,428214160,231954688,152078560
130,432387200,232332160,153726240
131,436558720,232633920,155379648
132,440736480,233039680,157019008
133,445899440,235459712,158781472
134,450122720,235973504,160552384
135,454345280,236423680,162222176
136,458561280,236808640,163889344
137,462789680,237177728,165559968
138,466998160,237507840,167224320
139,471204480,237889984,168874016
140,475402320,238193728,170535232
141,479604480,238557888,172184064
142,484679920,240812800,173932928
143,488954000,241412160,175707040
144,493214880,241879040,177390080
145,497464400,242262528,179072512
146,501714000,242640768,180746176
147,505966480,243030592,182417760
148,510214080,243392832,184088448
149,514458800,243798528,185753664
150,518698000,244377280,187391584
151,524127520,247275520,189194592
152,528489600,248008064,191010464
153,532795760,248550592,192708096
154,537090880,248920512,194417632
155,541399840,249346560,196115040
156,545691760,249699584,197810528
157,549980800,250064576,199500416
158,554275680,250481664,201184576
159,559826320,253600064,203000320
160,564192720,254136256,204842432
161,568544160,254557120,206569440
162,572910800,255051136,208281664
163,577264960,255490112,209990176
164,581622960,255840256,211711808
165,585986880,256138368,213442432
166,590340480,256488576,215156512
167,594688720,256889152,216860736
168,600380160,260107520,218707392
169,604817920,260743424,220566368
170,609243280,261214336,222322048
171,613660880,261630976,224064864
172,618077680,261985408,225814720
173,622481040,262321984,227556832
174,626904160,262733632,229288896
175,631320080,263191104,231016320
176,636714160,265575040,232878848
177,641190160,266125824,234743808
178,645657200,266650368,236497824
179,650117840,267046272,238263264
180,654582960,267472896,240020928
181,659040640,267856128,241778336
182,663494960,268200256,243537312
183,667940480,268487104,245298944
184,672407760,268998400,247035328
185,677945520,271943680,248866464
186,682452320,272546240,250747616
187,686947840,272941056,252539552
188,691455520,273393216,254313088
189,695976960,273981760,256073760
190,700470560,274341248,257845408
191,704973600,274679552,259625280
192,709479600,275061504,261400224
193,713975600,275467264,263167712
194,719379520,278038016,265000096
195,723891360,278606976,266888576
196,728418160,279105280,268676768
197,733046560,279977536,270442656
198,737552320,280307648,272234976
199,742059920,280656448,274012960
200,746565200,281010624,275788320
201,751068240,281439104,277551552
202,756597920,283989056,279441504
203,761152720,284626624,281326432
204,765717600,285112256,283130336
205,770268080,285547648,284921760
206,774825040,285925184,286721408
207,779375040,286242368,288526464
208,783926480,286708736,290305888
209,788483920,287116160,292097952
