Backup ID, Online Delta_save, Offline Delta_save, Offline delta time, Offline dedelta time, Offline delete time, Offline Delta chunk num
0,216908,0,0,0,0,0
1,74438321,0,0,0,0,0
2,157111155,0,0,0,0,0
3,238800475,460960,96,42,10,54
4,320104922,3042290,777,446,43,331
5,403101353,5730984,1704,1061,67,643
6,475375831,24443609,7524,4801,148,2723
7,518540124,72723248,24530,16416,246,8114
8,577778990,113100976,37748,25124,361,12624
9,644504802,149962066,51474,34751,493,16723
10,710355847,188155018,67180,46219,636,20961
11,772551102,229762133,85333,59702,793,25631
12,832612621,271943735,104579,74215,968,30364
13,876378093,332630577,133579,96285,1165,37294
14,931145100,379715871,155705,113128,1382,42577
15,995202968,426214175,177496,129577,1613,47919
16,1054749762,463332725,195467,143273,1858,52194
17,1104547095,501630192,213798,157092,2127,56706
18,1167052549,553297776,237094,174567,2411,62527
19,1243936116,604249425,261326,193161,2698,68165
20,1325649821,660017127,287224,212773,3011,74451
21,1406908699,722158020,316710,235371,3337,81339
22,1491857694,789952361,350780,261899,3693,88881
23,1575913424,868949150,393541,295994,4067,97547
24,1673831586,937860417,429386,324179,4428,105207
25,1763868524,1015389846,475477,361692,4837,113785
26,1843326240,1103366826,526713,403030,5271,123683
27,1955830063,1168067125,564358,433576,5672,130782
28,2025928890,1284143329,634382,490694,6168,143688
29,2134993926,1354482634,681204,529220,6617,151984
30,2156969254,1426001775,737135,575787,7214,161348
31,2348274275,1440313202,743102,580120,7460,162982
32,2543344466,1459653907,753376,588174,7739,165202
33,2722125484,1505597476,778625,608255,8155,170370
34,2891794418,1563419722,812447,635707,8606,176740
35,3040738795,1645363819,860328,674460,9085,185868
36,3180653050,1741796161,918011,721610,9582,196401
37,3327138889,1832908758,971897,765442,10084,206455
38,3476063707,1933108288,1034058,816538,10552,217520
39,3611949635,2038851554,1104804,875575,11096,229229
40,3632597404,2203703494,1246273,998499,11858,247774
41,3682402779,2347431198,1368381,1104618,12586,263763
42,3749347917,2477804795,1477173,1198775,13300,278398
43,3807904238,2619419591,1605247,1310826,14070,294421
44,3858359332,2771250550,1743427,1432017,14859,311410
45,3918276777,2921901247,1881707,1553591,15637,328116
46,3975213511,3079001618,2036086,1690494,16431,345592
47,4023827882,3252289463,2206511,1841826,17212,364685
48,4086911076,3416845890,2372788,1990136,17955,382652
49,4124776786,3607906375,2558940,2154101,18830,404839
50,4147178961,3744353716,2696746,2274803,19862,421943
51,4386292509,3787503479,2739321,2312531,20459,426790
52,4618836720,3840732938,2786906,2354172,21110,432734
53,4848181641,3917766308,2848189,2406863,21799,441326
54,5051626540,4010225011,2930059,2478246,22597,451813
55,5221968246,4152262750,3037960,2570289,23446,467671
56,5392044175,4294384677,3141389,2658036,24239,483353
57,5563545987,4428430801,3238513,2740258,24980,498255
58,5727381817,4574380975,3350356,2836061,25829,514295
59,5881947904,4729685848,3472918,2941348,26724,531570
60,5902445914,4962547858,3734688,3177497,27875,557191
61,6017516847,5157874325,3895122,3316176,28847,578946
62,6074454960,5363561623,4124973,3523431,30033,601542
63,6165691310,5540237193,4321273,3700298,31149,620975
64,6253870635,5725676130,4525734,3884205,32279,641529
65,6332424534,5927975556,4755271,4091541,33390,663730
66,6406101182,6135903941,5001062,4314318,34552,686744
67,6483824481,6349936566,5253024,4542942,35662,710082
68,6565615966,6559196407,5519125,4786162,36835,732963
69,6644318997,6778369739,5793982,5037327,37936,756655
70,6695121051,7011756660,6047666,5263250,39246,784416
71,6719073821,7161209768,6203683,5397798,40901,805885
72,7036316802,7194213716,6226792,5417350,41454,809442
73,7343754496,7243522841,6265934,5450927,42157,815007
74,7631809235,7323857814,6316974,5493146,42993,823828
75,7725181160,7567540013,6555780,5705976,44319,849804
76,7823406496,7760543055,6740970,5868285,45582,872685
77,7979444343,7934575025,6890184,5998119,46696,892065
78,8139825219,8113249295,7041784,6129858,47776,911926
79,8280932445,8317286173,7216251,6281948,48888,934303
80,8433861521,8518476673,7395494,6439357,49937,956137
81,8596660675,8715255932,7577238,6599644,51052,977594
82,8739537386,8938764975,7786794,6784661,52169,1002133
83,8762964591,8992506921,7816083,6806523,53887,1009560
84,9018460204,8999808269,7817826,6807245,54117,1010581
85,9312123192,9006088130,7819858,6808384,54299,1011474
86,9605810519,9019461397,7825848,6812418,54583,1013430
87,9890861363,9047809325,7840629,6823107,54943,1017522
88,10153407177,9103274320,7875015,6849581,55409,1025434
89,10411384813,9162508396,7917614,6883385,55773,1034229
90,10648789353,9248052764,7987837,6941253,56164,1046584
91,10856481006,9351724865,8095787,7032187,56529,1063600
92,10999096006,9518064235,8257563,7170253,57229,1087310
93,11210116483,9632627504,8380537,7276202,57708,1104335
94,11400241572,9770787835,8539637,7414810,58135,1124827
95,11582960452,9914837552,8721662,7575403,58583,1146259
96,11748011080,10073759736,8936345,7766624,59036,1169721
97,11940907202,10210976752,9138035,7947746,59462,1190289
98,12123481732,10359789909,9370988,8158503,59940,1212485
99,12259730341,10520644016,9686822,8446147,60521,1240675
100,12348799923,10721766931,10057734,8784962,61406,1272772
101,12529368159,10875056704,10300262,9006489,62004,1293773
102,12682769204,11058366022,10612690,9292752,62639,1319938
103,12835644151,11240222834,10949220,9602937,63321,1346283
104,12989772625,11418967448,11296737,9924346,64004,1372391
105,13162404591,11582092772,11629347,10232804,64668,1396543
106,13341570113,11733903461,11954413,10535407,65375,1419006
107,13530634107,11881001057,12282137,10841129,66078,1441008
108,13700310086,12011468588,12665864,11200318,66825,1465546
109,13766063023,12274141065,13258567,11756470,68101,1502097
110,13926843531,12448606520,13667517,12139697,69011,1527820
111,14092854350,12619794956,14084981,12531826,69910,1553155
112,14276911625,12774987270,14471302,12894980,70815,1576322
113,14437767782,12951143336,14930633,13327935,71722,1602698
114,14598979631,13126786724,15402717,13773933,72660,1628784
115,14687033870,13359078260,15996710,14333896,73761,1662814
116,14863510275,13477078703,16448555,14762106,74674,1686449
117,14891078168,13814469428,17286872,15554282,76779,1732590
118,15060569856,13984456297,17758944,16001202,77836,1757742
119,15225694949,14161026128,18261181,16477164,78925,1784017
120,15383884283,14345726873,18805058,16993474,79993,1811584
121,15559617825,14510101348,19304915,17468686,81099,1836229
122,15743504257,14669405496,19783249,17923046,82143,1860203
123,15901063036,14854366988,20382949,18494995,83235,1887954
124,16041548835,15000961770,21032827,19115199,84504,1917628
125,16085151467,15332900795,21972335,20010471,86677,1961864
126,16252264249,15509837929,22553082,20565362,87934,1987720
127,16413047425,15697667313,23174741,21159230,89158,2015511
128,16565914679,15890356101,23820591,21776663,90433,2043928
129,16702712871,16097927465,24554127,22479444,91732,2074683
130,16862547028,16285679546,25224502,23122015,93046,2102487
131,17034754528,16461911009,25873872,23744886,94385,2128986
132,17182325333,16599531178,26606526,24448233,95774,2158293
133,17217194117,16952084827,27733265,25528211,98241,2205054
134,17365414267,17154888925,28473768,26239192,99640,2234576
135,17510491646,17358615289,29240678,26975875,101026,2264803
136,17674677367,17544601094,29938498,27645974,102405,2292524
137,17833724976,17738133919,30695917,28374632,103755,2321285
138,17997216654,17926483000,31455742,29106343,105168,2349399
139,18147225145,18126214792,32277400,29898429,106682,2378971
140,18327648480,18297539008,32987248,30582535,108055,2404713
141,18473708760,18429623304,33851634,31416847,109537,2434787
142,18518203546,18777692844,35097320,32617253,112105,2480067
143,18659969837,18989763151,35952771,33441907,113695,2510864
144,18813074604,19189959322,36806559,34266140,115297,2540419
145,18949297120,19407375826,37743665,35171075,116906,2572590
146,19105545894,19604385203,38610310,36008160,118422,2602150
147,19264413089,19799596732,39489388,36858309,120085,2631079
148,19406572805,20010814138,40456217,37793608,121691,2662609
149,19533662947,20235070608,41498041,38802079,123375,2695962
150,19645842416,20381702327,42585399,39855327,125234,2730072
151,19694206492,20733007400,43939994,41164237,128217,2775757
152,19829820300,20953898830,44913946,42106242,130147,2807704
153,19954398302,21184314085,45945657,43104364,131981,2841293
154,20119450921,21377532024,46841895,43971769,133529,2870126
155,20257765001,21595826290,47858965,44956630,135354,2902335
156,20400700149,21811471222,48899169,45964929,137050,2934240
157,20541767477,22027031187,49949076,46982679,138720,2966397
158,20688967451,22153927518,50966397,47969320,140520,2997077
159,20731553779,22515080403,52466047,49421711,143617,3044336
160,20878598685,22731650972,53476059,50400351,145471,3075708
161,21037716949,22935338561,54460103,51354515,147278,3105588
162,21182301300,23149604325,55507224,52369792,149109,3137432
163,21324192695,23367837993,56600257,53430485,150891,3169772
164,21488994073,23566119900,57607665,54408253,152608,3199412
165,21684357526,23737305433,58456735,55231686,154289,3225049
166,21845037831,23937885746,59501898,56246695,156123,3255203
167,21987739015,24065244341,60656048,57368792,158075,3287256
168,22032257634,24307412631,62271975,58936957,161419,3335018
169,22163710342,24516757969,63463099,60094187,163552,3368912
170,22341398372,24696172725,64439638,61042694,165376,3396944
171,22483100325,24912613203,65618757,62188624,167368,3430133
172,22661890489,25097663453,66608565,63150204,169270,3458361
173,22836825229,25286808476,67639502,64152548,171292,3486954
174,22973002513,25513290612,68899703,65378634,173445,3521069
175,23131857577,25694059854,70021039,66469663,175552,3551376
176,23177533975,26024575998,71735603,68135762,179037,3599841
177,23372514871,26196068679,72668827,69043146,181044,3625681
178,23506171595,26427579530,73948064,70287813,183344,3660251
179,23657665683,26645376246,75167325,71474506,185570,3692819
180,23793351805,26878176309,76480805,72753400,187823,3727405
181,23963746456,27078317384,77615557,73858246,189937,3757311
182,24148108695,27265259386,78700452,74914904,191936,3785548
183,24333193181,27451808929,79793028,75979580,193980,3813448
184,24432151066,27670356281,81363378,77510738,196687,3852640
185,24469418570,28015415793,83220829,79319803,200382,3901026
186,24636429125,28216814592,84390130,80459260,202618,3930870
187,24791226434,28435860514,85654637,81691286,204737,3963351
188,24935097111,28662853431,87020474,83023341,207184,3997133
189,25062120074,28900606043,88455819,84422937,209586,4032882
190,25209330030,29127897132,89832677,85766073,211790,4066604
191,25387211305,29327146711,91020318,86924153,213928,4096165
192,25531954064,29556264744,92425150,88294930,216163,4130220
193,25658822207,29744929225,93948523,89782113,218715,4166410
194,25692459782,30099189647,95842606,91627176,222507,4215430
195,25838282436,30325446627,97214476,92965771,224939,4248705
196,25998589412,30537312917,98495818,94215535,227333,4280283
197,26131616392,30765726380,99882188,95567373,230015,4314815
198,26308191071,30967624947,101114477,96769766,232198,4344711
199,26467218883,31183833024,102467529,98090669,234479,4376860
200,26630317131,31395863856,103766295,99357787,236782,4408508
201,26775933410,31562801590,105196974,100755010,239141,4441964
202,26820010948,31921240819,107259255,102767715,243025,4491540
203,26980268955,32135483945,108569556,104046808,245430,4522748
204,27139451937,32353043015,109938301,105383179,247842,4555122
205,27295158530,32573118169,111354363,106766350,250225,4588013
206,27449545393,32795963077,112795322,108173902,252582,4621420
207,27623708497,33003476441,114118736,109466547,254812,4652189
208,27800323637,33202394715,115380955,110699117,257208,4681838
209,27931167674,33375938379,116993066,112274864,259877,4718202
