BackupID, OnlineSpeed(MB/s), Encalve ProcessTime(s), BackupSize, OnlineSize, OfflineSize, OfflineTime(s)
0, 97.3587, 2.03992, 208250880, 100655456, 100655456, 0.000349
1, 134.197, 1.51174, 212725760, 132196507, 132196507, 0.000329
2, 137.601, 1.52083, 219432960, 159613486, 159613486, 0.00038
3, 145.658, 1.46721, 224092160, 186864610, 186676281, 0.346233
4, 134.03, 1.62343, 228157440, 219016312, 217860031, 1.34174
5, 127.464, 1.75042, 233953280, 253192937, 252205449, 1.4854
6, 129.298, 1.74515, 236605440, 293835439, 284964905, 7.7177
7, 125.16, 1.82977, 240138240, 343035653, 320540693, 20.1062
8, 123.876, 1.89745, 246466560, 375963625, 357178987, 15.7834
9, 128.982, 1.85081, 250316800, 401869624, 384870764, 15.9332
10, 122.385, 1.98241, 254402560, 432144556, 414395868, 17.3527
11, 124.098, 2.02052, 262922240, 467554073, 448402792, 19.4948
12, 122.406, 2.06233, 264704000, 502999026, 484097960, 20.5019
13, 113.899, 2.28445, 272834560, 558113266, 530230022, 29.1033
14, 115.007, 2.36042, 284651520, 600320469, 578672056, 22.9332
15, 116.296, 2.37464, 289576960, 644431256, 623398567, 22.6197
16, 113.416, 2.47068, 293826560, 693980564, 677280334, 19.269
17, 113.676, 2.60291, 310261760, 755246828, 738493907, 19.9324
18, 110.781, 2.89404, 336179200, 821729649, 798323953, 25.0504
19, 112.626, 2.9903, 353146880, 877921805, 854514324, 25.3964
20, 121.326, 2.87465, 365711360, 931727855, 906119017, 27.039
21, 115.224, 3.16494, 382392320, 991162838, 962378618, 30.658
22, 122.532, 3.07509, 395100160, 1047333781, 1016244837, 34.7126
23, 124.127, 3.10913, 404674560, 1100660328, 1064897404, 40.3854
24, 124.079, 3.17353, 412897280, 1146725961, 1114387224, 35.7793
25, 124.535, 3.16772, 413655040, 1197734234, 1161866047, 42.8965
26, 120.963, 3.40077, 431349760, 1260486496, 1220324595, 47.4814
27, 125.6, 3.34465, 440494080, 1297508643, 1267948228, 36.1733
28, 123.949, 3.45924, 449597440, 1374039760, 1319927560, 63.8189
29, 121.645, 3.53561, 450979840, 1399886954, 1370545499, 43.6333
30, 92.9495, 5.35132, 521564160, 1576388776, 1548320972, 51.5641
31, 126.905, 4.0139, 534128640, 1610290335, 1604108310, 8.71629
32, 121.708, 4.26242, 543969280, 1666562059, 1657941758, 12.715
33, 127.796, 4.103, 549816320, 1728674476, 1707840601, 27.5096
34, 128.008, 4.17248, 560056320, 1787024451, 1761101622, 35.331
35, 129.905, 4.19566, 571514880, 1855124854, 1818247305, 48.0137
36, 130.438, 4.23077, 578662400, 1915320477, 1871573494, 54.8991
37, 129.57, 4.24397, 576604160, 1965848755, 1924332370, 52.3508
38, 127.733, 4.33353, 580423680, 2017938307, 1972131477, 57.0606
39, 128.013, 4.35412, 584458240, 2073333544, 2025460411, 63.2622
40, 128.535, 3.37199, 454471680, 2145824128, 2072496139, 111.195
41, 122.56, 3.58651, 460912640, 2182083788, 2116999843, 105.208
42, 122.447, 3.63007, 466083840, 2217926158, 2158946241, 93.0191
43, 123.817, 3.63984, 472565760, 2266837845, 2202801807, 104.537
44, 126.385, 3.6199, 479723520, 2313448256, 2245358278, 112.509
45, 130.762, 3.56788, 489205760, 2349777473, 2281392733, 112.066
46, 130.744, 3.64, 499025920, 2390482914, 2320274844, 122.878
47, 132.497, 3.6396, 505661440, 2432055801, 2353904076, 135.858
48, 132.216, 3.70629, 513832960, 2454089033, 2379848046, 132.487
49, 132.381, 4.25035, 589998080, 2522763868, 2442591750, 143.729
50, 101.967, 6.66948, 713103360, 2704489823, 2649405960, 119.446
51, 121.467, 5.67083, 722278400, 2734314015, 2715903005, 40.7379
52, 127.435, 5.83522, 779735040, 2815850499, 2792881431, 45.527
53, 134.942, 5.78127, 818032640, 2893131405, 2859395895, 57.3635
54, 143.379, 5.48781, 825057280, 2968492135, 2928841221, 74.0582
55, 138.702, 5.73679, 834355200, 3060391536, 2997884160, 98.651
56, 139.395, 5.7191, 835942400, 3125710468, 3063343990, 94.6866
57, 142.093, 5.59625, 833812480, 3189145398, 3130061479, 88.6437
58, 138.844, 5.70051, 829931520, 3257284569, 3191779951, 99.2983
59, 138.943, 5.7619, 839464960, 3326561001, 3257512562, 109.198
60, 130.782, 4.34555, 595927040, 3411377557, 3306481817, 190.353
61, 138.293, 5.89454, 854773760, 3461183386, 3374960377, 140.808
62, 124.666, 4.82672, 630958080, 3517368062, 3424724268, 181.447
63, 128.037, 4.77323, 640839680, 3547590614, 3468691813, 160.302
64, 133.007, 4.64879, 648355840, 3596235172, 3513950451, 164.957
65, 135.593, 4.62834, 658053120, 3644925184, 3555062679, 180.037
66, 134.104, 4.73769, 666204160, 3692582186, 3599807104, 192.312
67, 134.136, 4.81315, 676976640, 3733546910, 3637579352, 196.145
68, 137.947, 4.74926, 686970880, 3768784407, 3675866148, 204.8
69, 139.115, 4.76844, 695582720, 3803991909, 3705967990, 210.943
70, 141.365, 5.824, 863303680, 3888941769, 3796625934, 195.309
71, 113.043, 8.59877, 1019248640, 4128722297, 4084184949, 144.908
72, 146.267, 6.93885, 1064222720, 4172212802, 4158577448, 26.9674
73, 150.914, 6.76374, 1070325760, 4244226074, 4223755828, 41.6345
74, 151.687, 6.86422, 1091788800, 4329466938, 4294945178, 55.5231
75, 141.893, 5.85848, 871659520, 4457368405, 4345633059, 192.939
76, 139.552, 5.95383, 871229440, 4506007810, 4431479660, 163.607
77, 144.787, 6.01591, 913336320, 4563965996, 4489871171, 133.385
78, 147.193, 6.07828, 938137600, 4621145395, 4544316201, 133.71
79, 149.688, 6.03781, 947691520, 4684628823, 4596983871, 152.77
80, 153.216, 5.96054, 957614080, 4728498577, 4642125519, 153.996
81, 151.942, 6.06175, 965775360, 4772122362, 4686413708, 151.571
82, 151.904, 6.17695, 983879680, 4829155445, 4732401890, 173.697
83, 119.586, 8.06267, 1011015680, 4953624690, 4936332099, 48.4626
84, 147.312, 6.60092, 1019627520, 4999852120, 4996606349, 5.52518
85, 171.453, 5.66745, 1018900480, 5025433971, 5022692963, 5.18794
86, 172.689, 5.62716, 1018951680, 5051198260, 5045161578, 10.7617
87, 173.436, 5.60353, 1019064320, 5077152409, 5064101920, 20.8186
88, 176.2, 5.51604, 1019136000, 5106263700, 5079944927, 41.842
89, 183.143, 5.30729, 1019207680, 5123306253, 5095525579, 47.5595
90, 185.53, 5.23906, 1019217920, 5148266919, 5107749369, 71.293
91, 177.706, 5.46984, 1019238400, 5173901894, 5132365691, 101.352
92, 166.15, 6.10664, 1063905280, 5243458686, 5166624508, 148.017
93, 182.871, 5.54828, 1063905280, 5232230976, 5179520313, 107.541
94, 180.119, 5.63333, 1063956480, 5254108547, 5191142700, 135.317
95, 177.24, 5.72533, 1064048640, 5268479384, 5203847966, 148.308
96, 173.005, 5.86564, 1064079360, 5289343202, 5217236833, 170.252
97, 174.375, 5.81985, 1064130560, 5289813487, 5228104303, 159.389
98, 171.623, 5.91351, 1064192000, 5305409107, 5238345576, 178.068
99, 172.393, 5.88718, 1064212480, 5338473103, 5281515668, 234.321
100, 168.008, 6.07412, 1070069760, 5417138315, 5337372790, 280.073
101, 167.568, 6.0903, 1070110720, 5417497260, 5342324241, 186.019
102, 170.582, 5.98302, 1070172160, 5434635280, 5347976069, 234.278
103, 172.621, 5.91241, 1070182400, 5440262712, 5356008279, 243.811
104, 172.641, 5.91211, 1070254080, 5446914630, 5365678446, 252.32
105, 168.339, 6.06327, 1070264320, 5448216871, 5373887786, 242.691
106, 167.449, 6.09572, 1070305280, 5453296686, 5384861452, 235.144
107, 167.29, 6.10156, 1070315520, 5459798818, 5393482765, 233.783
108, 161.487, 6.32085, 1070315520, 5477661064, 5437917926, 270.047
109, 165.718, 6.28121, 1091471360, 5587360429, 5463362462, 413.131
110, 168.291, 6.18535, 1091502080, 5553291465, 5474219136, 299.667
111, 167.673, 6.20831, 1091532800, 5560880224, 5483910814, 297.288
112, 166.771, 6.24258, 1091655680, 5562845535, 5493204185, 272.916
113, 165.899, 6.27558, 1091686400, 5582413940, 5503465248, 319.472
114, 167.414, 6.21896, 1091717120, 5592583986, 5513674154, 322.831
115, 172.262, 6.04422, 1091768320, 5636715557, 5531928948, 408.368
116, 165.587, 6.28796, 1091778560, 5615207189, 5583925528, 315.263
117, 162.548, 6.60951, 1126553600, 5789094409, 5631115737, 566.224
118, 169.422, 6.34136, 1126553600, 5719882993, 5642747096, 345.367
119, 172.063, 6.24425, 1126594560, 5732419307, 5653342745, 354.388
120, 169.201, 6.35023, 1126656000, 5745949009, 5663523954, 380.048
121, 175.694, 6.11577, 1126696960, 5747937608, 5674977424, 343.346
122, 172.193, 6.24022, 1126717440, 5755843792, 5684357297, 330.551
123, 169.138, 6.35299, 1126727680, 5777074183, 5694366490, 400.294
124, 172.01, 6.24698, 1126737920, 5796774339, 5760788335, 435.121
125, 165.493, 6.55074, 1136762880, 5950533602, 5788665626, 627.819
126, 171.439, 6.32377, 1136803840, 5878787763, 5797854868, 412.467
127, 171.178, 6.3337, 1136855040, 5892068159, 5806852490, 428.915
128, 170.912, 6.34384, 1136906240, 5904890630, 5817542045, 436.044
129, 170.666, 6.35316, 1136936960, 5921625137, 5828384253, 488.502
130, 171.521, 6.32173, 1136977920, 5922228107, 5837726545, 455.011
131, 173.35, 6.25517, 1137008640, 5925487575, 5847231471, 431.635
132, 171.158, 6.33535, 1137018880, 5947590724, 5918542299, 490.351
133, 160.475, 6.8451, 1151825920, 6118589016, 5947240378, 737.026
134, 171.982, 6.38739, 1151877120, 6048897417, 5955103196, 523.46
135, 172.598, 6.36438, 1151836160, 6057843020, 5966259534, 526.515
136, 171.01, 6.42375, 1151887360, 6059685950, 5976356414, 477.127
137, 175.162, 6.27183, 1151948800, 6072925972, 5985861282, 507.577
138, 172.595, 6.36525, 1151979520, 6079397550, 5994806076, 515.606
139, 167.708, 6.55088, 1152000000, 6094403142, 6004585597, 549.266
140, 168.957, 6.50257, 1152020480, 6089825717, 6012849300, 474.537
141, 149.363, 7.35563, 1152030720, 6114632761, 6094295311, 572.54
142, 164.72, 6.71368, 1159598080, 6286465730, 6112968804, 806.067
143, 164.212, 6.73493, 1159680000, 6218799403, 6121421428, 598.675
144, 168.81, 6.55188, 1159751680, 6221533750, 6131460304, 578.47
145, 167.887, 6.58804, 1159772160, 6238756637, 6141153360, 622.075
146, 167.445, 6.60554, 1159792640, 6239362435, 6151415033, 587.891
147, 170.226, 6.49781, 1159823360, 6248852564, 6161028878, 584.305
148, 167.305, 6.61142, 1159854080, 6265326028, 6170968613, 630.637
149, 170.929, 6.47159, 1159915520, 6282292917, 6181940389, 685.78
150, 172.332, 6.4189, 1159915520, 6299885021, 6281192850, 717.541
151, 160.477, 7.22096, 1215088640, 6483688307, 6308870343, 892.202
152, 174.947, 6.6239, 1215119360, 6421032063, 6319537364, 673.882
153, 178.239, 6.50163, 1215139840, 6434408063, 6329151544, 695.484
154, 176.357, 6.57114, 1215160320, 6424799843, 6338044249, 601.348
155, 180.068, 6.43589, 1215191040, 6447205029, 6348493704, 670.134
156, 172.482, 6.71912, 1215221760, 6454210401, 6357005703, 681.701
157, 178.154, 6.50534, 1215252480, 6463855095, 6366706783, 692.283
158, 178.465, 6.49417, 1215283200, 6471594093, 6458421278, 669.021
159, 166.566, 7.26552, 1268971520, 6667866092, 6489266773, 955.098
160, 182.656, 6.62574, 1269022720, 6596678388, 6496062046, 698.76
161, 180.67, 6.69876, 1269053440, 6596921175, 6504303402, 665.156
162, 181.686, 6.66162, 1269114880, 6612538058, 6516303822, 683.768
163, 174.173, 6.94914, 1269145600, 6624862322, 6526844628, 718.372
164, 182.459, 6.63377, 1269186560, 6625041525, 6536312103, 665.969
165, 178.3, 6.78887, 1269258240, 6621027713, 6544481081, 567.199
166, 173.657, 6.97063, 1269299200, 6644153651, 6555766202, 678.423
167, 177.542, 6.81809, 1269299200, 6665161029, 6656752713, 739.637
168, 168.152, 7.60066, 1340149760, 6869318460, 6812671150, 1039.02
169, 181.152, 7.05581, 1340262400, 6929876159, 6847233670, 820.482
170, 178.541, 7.15922, 1340303360, 6943044554, 6867142302, 663.142
171, 183.307, 6.9733, 1340344320, 6978344443, 6885833739, 770.207
172, 183.409, 6.96956, 1340375040, 6980560758, 6899817507, 660.854
173, 185.187, 6.90267, 1340375040, 6995270821, 6912765441, 666.766
174, 183.671, 6.95972, 1340395520, 7026415861, 6927681106, 809.515
175, 179.632, 7.11632, 1340416000, 7032537181, 6964196562, 732.475
176, 176.425, 7.34061, 1357977600, 7168074588, 7024190696, 1093.61
177, 176.512, 7.33717, 1358008320, 7113582196, 7037976928, 652.759
178, 180.776, 7.1645, 1358080000, 7154490966, 7052351743, 839.761
179, 185.428, 6.98509, 1358151680, 7161396051, 7064314983, 799.778
180, 183.282, 7.06715, 1358202880, 7179877307, 7077090017, 847.878
181, 180.824, 7.16343, 1358243840, 7176314061, 7087762548, 744.622
182, 181.523, 7.13602, 1358274560, 7181324582, 7098459361, 713.846
183, 180.774, 7.1657, 1358295040, 7190913351, 7108371370, 700.187
184, 185.065, 6.99971, 1358325760, 7241563413, 7169829659, 988.801
185, 166.61, 7.84665, 1370839040, 7380959787, 7224188313, 1194.54
186, 178.159, 7.33812, 1370859520, 7326981475, 7236461821, 799.081
187, 185.203, 7.05973, 1370992640, 7344480852, 7246655076, 837.366
188, 183.047, 7.14299, 1371013120, 7360452882, 7259552939, 885.253
189, 186.687, 7.00391, 1371054080, 7381591962, 7277305141, 931.949
190, 183.883, 7.11088, 1371084800, 7389250153, 7286909138, 894.32
191, 184.45, 7.08922, 1371125760, 7385163961, 7295787554, 778.972
192, 183.56, 7.12374, 1371156480, 7408786287, 7306489129, 899.33
193, 185.264, 7.05835, 1371176960, 7428167913, 7374187609, 972.136
194, 171.603, 7.65164, 1376829440, 7583220356, 7419148539, 1222.63
195, 184.817, 7.09708, 1375375360, 7531907871, 7429767434, 927.46
196, 182.608, 7.18303, 1375395840, 7536800093, 7442354580, 852.099
197, 181.507, 7.22707, 1375488000, 7564854854, 7467436790, 898.661
198, 182.83, 7.17488, 1375508480, 7565854327, 7474905403, 798.193
199, 184.572, 7.10733, 1375539200, 7581648213, 7485148755, 874.547
200, 184.182, 7.12261, 1375580160, 7589186391, 7495424270, 844.937
201, 180.637, 7.26243, 1375590400, 7608666867, 7566366398, 919.279
202, 174.911, 7.62146, 1397831680, 7774861153, 7608090844, 1299.93
203, 181.094, 7.36134, 1397852160, 7716120870, 7618545191, 894.411
204, 179.578, 7.42382, 1397913600, 7727394722, 7630450231, 902.165
205, 185.989, 7.1682, 1397964800, 7740138494, 7642873512, 916.757
206, 183.447, 7.26776, 1398016000, 7753771863, 7655182056, 942.762
207, 182.842, 7.29205, 1398056960, 7756416378, 7663713476, 861.704
208, 175.866, 7.58151, 1398097920, 7763613550, 7675697021, 818.151
209, 182.552, 7.3041, 1398149120, 7797445811, 7760581086, 1010.05
