Backup ID, Ecall, Inline_Ocall, Offline_Ocall, _Inline_FPOcall, _Inline_SFOcall, _Inline_LocalOcall, _Inline_LoadOcall, _Inline_DeltaOcall, _Inline_RecipeOcall, _Inline_Write_ContainerOcall, _inline_have_similar_chunk_num, _inline_need_load_container_num
0,195,637,5,193,193,0,34,193,24,27,64,33,
1,394,1283,10,390,390,0,65,390,48,36,8227,276,
2,599,1957,15,593,593,0,105,593,73,45,17259,727,
3,808,2648,23263,800,800,2,150,798,98,54,26191,1378,
4,1020,3362,81182,1010,1010,9,208,1001,124,64,35361,2233,
5,1238,4104,139799,1226,1226,14,276,1212,150,75,44777,3276,
6,1458,4852,270820,1444,1444,56,343,1388,177,87,54771,4514,
7,1681,5628,458195,1665,1665,161,429,1504,204,103,64911,5883,
8,1910,6450,650074,1892,1892,247,542,1645,232,118,75938,7238,
9,2141,7309,862536,2121,2121,322,686,1799,260,130,87164,8542,
10,2377,8194,1096392,2355,2355,403,840,1952,289,143,98542,9912,
11,2620,9118,1355360,2596,2596,492,1011,2104,319,158,109875,11369,
12,2865,10043,1634846,2839,2839,585,1177,2254,349,173,121086,12834,
13,3117,10992,1967328,3089,3089,724,1345,2365,380,193,132840,14490,
14,3379,12026,2297626,3349,3349,830,1567,2519,412,212,144116,16049,
15,3646,13088,2643767,3614,3614,933,1801,2681,445,230,156382,17649,
16,3917,14202,2993608,3883,3883,1029,2075,2854,478,249,167104,19241,
17,4216,15428,3369063,4180,4180,1143,2373,3037,515,270,177285,20998,
18,4526,16692,3781004,4488,4488,1266,2675,3222,553,292,190141,22836,
19,4851,17965,4202343,4811,4811,1382,2939,3429,593,314,204244,24677,
20,5187,19275,4658025,5145,5145,1505,3206,3640,634,336,219258,26603,
21,5539,20641,5143721,5495,5495,1635,3479,3860,677,360,234988,28625,
22,5903,22042,5673047,5857,5857,1780,3749,4077,722,384,251709,30785,
23,6275,23476,6249531,6227,6227,1942,4027,4285,768,407,269493,33103,
24,6655,24951,6800502,6605,6605,2085,4321,4520,815,430,287650,35375,
25,7037,26419,7436836,6985,6985,2246,4602,4739,862,453,305877,37734,
26,7435,27929,8107252,7381,7381,2441,4875,4940,911,480,324302,40257,
27,7841,29565,8709378,7785,7785,2575,5249,5210,961,501,343493,42597,
28,8256,31137,9501965,8198,8198,2815,5531,5383,1012,529,363961,45452,
29,8672,32799,10202558,8612,8612,2964,5900,5648,1063,551,383945,47910,
30,9153,34686,11047256,9091,9091,3250,6291,5841,1122,605,395949,51586,
31,9644,36705,11476268,9580,9580,3279,6782,6301,1183,623,418021,53284,
32,10144,38772,11949383,10078,10078,3318,7293,6760,1245,641,441046,55370,
33,10650,40780,12619661,10582,10582,3410,7727,7172,1307,661,465364,57877,
34,11165,42793,13358448,11095,11095,3525,8137,7570,1371,684,490014,60676,
35,11691,44791,14183845,11619,11619,3698,8498,7921,1436,709,515084,63743,
36,12223,46799,15065440,12149,12149,3893,8850,8256,1502,735,540584,66905,
37,12754,48831,15945660,12678,12678,4092,9229,8586,1568,761,566206,70116,
38,13288,50902,16812515,13210,13210,4289,9638,8921,1634,787,593156,73290,
39,13825,52997,17779047,13745,13745,4507,10062,9238,1700,814,619323,76621,
40,14245,54492,19174317,14163,14163,4862,10251,9301,1752,846,640110,80465,
41,14670,56152,20478443,14586,14586,5161,10590,9425,1804,875,661433,83802,
42,15100,57883,21721386,15014,15014,5425,10984,9589,1857,902,683233,86936,
43,15537,59599,23089546,15449,15449,5712,11341,9737,1911,931,705419,90263,
44,15980,61299,24516223,15890,15890,6018,11663,9872,1966,960,727737,93617,
45,16431,63047,25925894,16339,16339,6317,12008,10022,2022,988,750717,96913,
46,16891,64787,27408617,16797,16797,6631,12317,10166,2079,1017,774208,100564,
47,17357,66553,28916555,17261,17261,6962,12634,10299,2136,1047,798451,104226,
48,17830,68388,30380220,17732,17732,7270,12998,10462,2194,1074,823017,107782,
49,18373,70342,32041297,18273,18273,7700,13262,10573,2261,1112,849264,112380,
50,19025,72913,33716039,18923,18923,8165,13802,10758,2342,1180,869063,117985,
51,19685,75767,34754523,19581,19581,8247,14600,11334,2424,1204,899435,120604,
52,20394,78961,35848095,20288,20288,8360,15585,11928,2512,1233,930590,123708,
53,21133,81937,37030955,21025,21025,8511,16258,12514,2604,1262,963622,127272,
54,21878,84812,38416431,21768,21768,8706,16812,13062,2696,1292,995698,131244,
55,22631,87631,39924030,22518,22518,8999,17287,13520,2789,1328,1029743,135584,
56,23385,90464,41354392,23259,23259,9282,17793,13989,2882,1363,1063504,139834,
57,24136,93267,42692997,23981,23981,9567,18310,14453,2975,1398,1096422,144071,
58,24884,96089,44213854,24697,24697,9866,18861,14900,3068,1433,1129911,148398,
59,25641,98926,45819853,25423,25423,10185,19397,15336,3162,1469,1163427,152838,
60,26189,100862,48066697,25969,25969,10658,19627,15409,3230,1509,1191222,158327,
61,26958,103692,49884681,26706,26706,11071,20121,15763,3325,1550,1225018,163268,
62,27537,105890,52092758,27282,27282,11483,20518,15928,3397,1587,1253609,167983,
63,28125,108227,54148128,27867,27867,11826,21026,16171,3470,1620,1282636,172184,
64,28720,110573,56255881,28459,28459,12179,21521,16411,3544,1655,1312501,176569,
65,29322,112904,58403811,29058,29058,12562,21980,16628,3618,1689,1342985,181079,
66,29932,115231,60658768,29665,29665,12964,22410,16834,3693,1725,1373678,185745,
67,30551,117631,62883132,30281,30281,13357,22884,17058,3770,1760,1405154,190342,
68,31180,120056,65203106,30907,30907,13750,23352,17292,3848,1795,1436638,195122,
69,31816,122521,67467536,31540,31540,14153,23838,17523,3927,1829,1468531,199855,
70,32593,125258,69878593,32281,32281,14709,24222,17742,4023,1877,1501664,205814,
71,33504,128671,72354176,33160,33160,15348,24855,18012,4136,1963,1526084,213905,
72,34451,132593,73356886,34073,34073,15410,25888,18895,4254,1989,1563161,216980,
73,35404,136405,74611720,34991,34991,15505,26795,19751,4372,2014,1601075,220590,
74,36375,140167,76032393,35925,35925,15666,27599,20559,4493,2044,1640392,224854,
75,37160,143137,78570199,36671,36671,16135,28197,20873,4590,2087,1676189,230482,
76,37943,146084,80853466,37416,37416,16578,28776,21211,4687,2130,1709440,235756,
77,38761,149240,82852372,38194,38194,16924,29459,21681,4788,2165,1745259,240510,
78,39600,152420,84806386,38994,38994,17272,30098,22170,4892,2201,1782044,245375,
79,40450,155606,86862006,39802,39802,17665,30715,22625,4997,2238,1819371,250406,
80,41308,158808,88852215,40608,40608,18043,31343,23103,5103,2273,1857303,255397,
81,42173,162050,90921279,41412,41412,18411,32007,23598,5210,2308,1895763,260410,
82,43055,165324,93057124,42235,42235,18830,32646,24059,5319,2346,1935158,265712,
83,44077,169586,95242889,43195,43195,19377,33841,24532,5446,2405,1945304,272325,
84,45108,173958,95676119,44161,44161,19401,35124,25537,5574,2425,1982235,275207,
85,46138,177964,96059848,45122,45122,19418,36052,26548,5702,2436,2025460,278266,
86,47168,181901,96652595,46083,46083,19451,36911,27543,5830,2447,2069845,281953,
87,48199,185730,97397354,47046,47046,19517,37657,28506,5958,2459,2115151,286091,
88,49230,189378,98370962,48006,48006,19648,38228,29404,6086,2474,2160969,290640,
89,50261,192970,99262517,48964,48964,19781,38747,30300,6214,2488,2206672,295244,
90,51292,196495,100308816,49922,49922,19975,39199,31135,6342,2505,2252878,300178,
91,52323,200055,101435246,50878,50878,20220,39690,31919,6470,2525,2299622,305185,
92,53391,203989,103134982,51875,51875,20649,40431,32556,6603,2557,2343122,311119,
93,54459,207799,104553479,52871,52871,20902,41050,33369,6736,2577,2389751,316203,
94,55527,211694,105944514,53869,53869,21209,41750,34128,6869,2599,2436737,321544,
95,56595,215567,107470232,54862,54862,21541,42438,34862,7002,2622,2483740,327025,
96,57663,219511,109101017,55853,55853,21913,43201,35556,7135,2647,2530139,332718,
97,58731,223521,110663659,56839,56839,22219,44040,36316,7268,2669,2577602,338148,
98,59799,227534,112417794,57826,57826,22554,44880,37047,7401,2692,2625238,343653,
99,60868,231468,114576882,58809,58809,23007,45648,37661,7534,2721,2672393,349702,
100,61942,235352,117272717,59794,59794,23587,46357,38153,7667,2758,2716799,356476,
101,63016,239434,119226208,60775,60775,23914,47272,38898,7800,2781,2763349,361998,
102,64090,243487,121414646,61756,61756,24315,48158,39569,7933,2808,2810752,367944,
103,65164,247497,123728415,62736,62736,24729,49003,40227,8066,2835,2858444,373804,
104,66238,251574,126090172,63716,63716,25140,49915,40888,8199,2862,2905990,379677,
105,67312,255736,128384517,64696,64696,25505,50912,41595,8332,2886,2954093,385462,
106,68386,259964,130714729,65676,65676,25841,51975,42331,8465,2910,3001439,391090,
107,69460,264243,133102946,66656,66656,26161,53089,43083,8598,2933,3049781,396607,
108,70534,268560,135721329,67636,67636,26523,54241,43793,8731,2957,3098064,402369,
109,71627,272507,139592939,68637,68637,27194,54959,44213,8867,2997,3143506,409882,
110,72720,276766,142424229,69638,69638,27587,55989,44911,9003,3022,3191384,415774,
111,73813,281103,145264756,70638,70638,27967,57099,45622,9139,3048,3239739,421724,
112,74906,285432,148045615,71637,71637,28315,58203,46365,9275,3072,3288494,427390,
113,75999,289743,151107651,72636,72636,28713,59289,47058,9411,3097,3337051,433408,
114,77092,294041,154258454,73635,73635,29110,60362,47752,9547,3122,3385477,439358,
115,78186,298026,157973108,74636,74636,29717,61117,48237,9683,3156,3431630,446604,
116,79279,302343,161078967,75635,75635,30064,62209,48981,9819,3180,3479985,452407,
117,80400,306094,166634012,76661,76661,30892,62650,49272,9958,3235,3529858,462636,
118,81521,310443,170047389,77687,77687,31271,63689,50012,10097,3261,3578216,468575,
119,82642,314731,173583043,78714,78714,31670,64665,50732,10236,3286,3627177,474582,
120,83763,318976,177226862,79740,79740,32079,65600,51442,10375,3312,3676430,480627,
121,84884,323210,180775190,80760,80760,32446,66536,52194,10514,3337,3725327,486506,
122,86005,327500,184259388,81782,81782,32804,67524,52955,10653,3361,3774639,492398,
123,87126,331857,188115476,82804,82804,33218,68579,53660,10792,3387,3823937,498588,
124,88248,336121,192291222,83826,83826,33679,69540,54319,10931,3416,3873285,504899,
125,89380,339990,198275214,84860,84860,34457,70070,54671,11072,3466,3923420,514218,
126,90512,344386,202275512,85892,85892,34851,71131,55407,11213,3493,3972255,520246,
127,91644,348709,206409500,86924,86924,35269,72119,56119,11354,3520,4022162,526404,
128,92776,352974,210665524,87953,87953,35704,73055,56814,11495,3548,4071713,532605,
129,93908,357300,215198719,88981,88981,36184,74054,57464,11636,3577,4121222,539202,
130,95040,361669,219567902,90007,90007,36607,75100,58171,11777,3604,4171137,545391,
131,96172,366013,223904222,91028,91028,37004,76131,58904,11918,3630,4221379,551499,
132,97304,370352,228590589,92049,92049,37453,77157,59585,12059,3659,4271191,557989,
133,98451,374152,235506817,93087,93087,38272,77593,59911,12202,3712,4322606,567860,
134,99598,378495,240283088,94125,94125,38715,78572,60613,12345,3741,4372400,574232,
135,100745,382835,245144730,95161,95161,39179,79552,61294,12488,3770,4422484,580716,
136,101892,387263,249843502,96197,96197,39601,80620,62017,12631,3796,4472907,587016,
137,103040,391563,254694641,97236,97236,40033,81553,62731,12774,3823,4523528,593332,
138,104187,395924,259673361,98272,98272,40449,82554,63460,12917,3849,4574108,599513,
139,105334,400359,264870209,99309,99309,40904,83627,64150,13060,3877,4624366,606029,
140,106481,404913,269613477,100345,100345,41285,84821,64914,13203,3902,4674920,612169,
141,107628,409403,274934621,101382,101382,41737,85949,65607,13346,3931,4725312,618700,
142,108784,413330,282389809,102429,102429,42523,86484,65975,13490,3982,4776591,628166,
143,109940,417832,287830488,103477,103477,43000,87592,66652,13634,4012,4826602,634880,
144,111096,422302,293237369,104523,104523,43447,88672,67359,13778,4040,4877181,641359,
145,112252,426711,298949753,105569,105569,43943,89691,68017,13922,4070,4927968,648086,
146,113408,431192,304388508,106615,106615,44384,90782,68730,14066,4098,4978819,654597,
147,114564,435644,309964486,107660,107660,44834,91846,69434,14210,4126,5029655,660998,
148,115720,440150,315774207,108704,108704,45311,92966,70111,14354,4155,5080475,667778,
149,116876,444551,321903861,109750,109750,45833,93977,70743,14498,4186,5131108,674759,
150,118032,448864,328281347,110792,110792,46395,94908,71335,14642,4219,5180757,681953,
151,119233,453040,336489001,111883,111883,47201,95554,71728,14791,4273,5233093,691871,
152,120434,457596,342759529,112973,112973,47706,96582,72422,14940,4304,5283486,698865,
153,121635,462053,349050244,114063,114063,48243,97511,73084,15089,4336,5334140,705945,
154,122836,466564,354779478,115153,115153,48674,98494,73852,15238,4363,5385674,712345,
155,124037,471016,361129530,116243,116243,49178,99418,74547,15387,4394,5436983,719277,
156,125238,475545,367425053,117330,117330,49663,100425,75261,15536,4424,5488479,726080,
157,126439,480076,373721236,118416,118416,50153,101436,75970,15685,4454,5539877,732831,
158,127640,484571,380013704,119504,119504,50622,102407,76700,15834,4484,5591055,739550,
159,128885,488812,388948896,120636,120636,51458,102986,77107,15989,4539,5643783,749766,
160,130130,493450,395327571,121763,121763,51943,103972,77865,16144,4569,5695223,756574,
161,131375,498116,401587165,122894,122894,52401,104978,78650,16299,4597,5747102,763175,
162,132620,502731,408114409,124025,124025,52902,105933,79392,16454,4627,5798767,770158,
163,133865,507409,414746079,125153,125153,53402,106957,80135,16609,4657,5850609,777020,
164,135110,512028,421090800,126283,126283,53844,107918,80936,16764,4685,5902974,783585,
165,136355,516800,426900175,127409,127409,54222,109040,81801,16919,4710,5955672,789854,
166,137600,521581,433411902,128535,128535,54681,110171,82585,17074,4738,6007967,796583,
167,138845,526319,440348553,129657,129657,55176,111267,83333,17229,4769,6059897,803441,
168,140147,531109,449837498,130838,130838,56015,112233,83794,17391,4825,6114129,813884,
169,141449,535968,457063669,132011,132011,56550,113284,84559,17553,4858,6165959,821005,
170,142751,540962,463487849,133179,133179,56972,114480,85437,17715,4886,6218505,827614,
171,144054,545817,470595504,134347,134347,57490,115536,86220,17877,4917,6271226,834693,
172,145357,550747,477072677,135515,135515,57923,116667,87088,18039,4945,6324280,841219,
173,146659,555666,483727157,136681,136681,58360,117792,87951,18201,4973,6377289,847742,
174,147962,560551,491197563,137847,137847,58893,118882,88719,18363,5005,6430095,854864,
175,149265,565531,498200415,139013,139013,59359,120067,89554,18525,5035,6482620,861803,
176,150584,569949,508154610,140193,140193,60211,120644,90019,18689,5089,6537158,871973,
177,151903,575038,514629122,141373,141373,60596,121892,90951,18853,5115,6590000,878319,
178,153222,579932,522345344,142547,142547,61141,122957,91723,19017,5148,6642771,885616,
179,154541,584822,529800651,143714,143714,61645,124032,92536,19181,5179,6696143,892524,
180,155861,589731,537567524,144881,144881,62184,125125,93315,19345,5211,6749377,899848,
181,157180,594724,544712310,146043,146043,62642,126313,94174,19509,5240,6802821,906658,
182,158499,599742,551651282,147203,147203,63063,127530,95070,19673,5267,6856468,913275,
183,159819,604786,558617935,148363,148363,63488,128772,95963,19837,5294,6910236,919951,
184,161139,609502,567463953,149519,149519,64134,129694,96635,20001,5331,6963047,927914,
185,162471,613948,578058361,150690,150690,65007,130302,97092,20167,5387,7016498,938550,
186,163803,618957,585506377,151861,151861,65473,131473,97956,20333,5417,7069428,945377,
187,165135,623892,593210734,153032,153032,65967,132570,98792,20499,5447,7123223,952303,
188,166467,628772,601419774,154200,154200,66500,133618,99589,20665,5479,7176854,959674,
189,167799,633543,609873853,155363,155363,67083,134567,100336,20831,5513,7230012,967073,
190,169131,638417,617971718,156521,156521,67603,135629,101146,20997,5544,7283939,974300,
191,170463,643370,625464172,157678,157678,68055,136772,102024,21163,5573,7338192,981203,
192,171795,648243,633698484,158833,158833,68582,137839,102827,21329,5605,7392211,988491,
193,173127,653057,642468162,159982,159982,69155,138859,103584,21495,5638,7445938,996088,
194,174465,657379,653418321,161134,161134,70037,139375,104038,21661,5694,7499471,1007070,
195,175801,662222,661719682,162282,162282,70562,140422,104847,21827,5725,7552662,1014208,
196,177137,667190,669805604,163429,163429,71044,141596,105699,21993,5755,7606386,1021374,
197,178474,672031,678455163,164578,164578,71617,142638,106461,22159,5789,7659384,1029181,
198,179810,676925,686222978,165722,165722,72073,143744,107339,22325,5818,7713678,1035992,
199,181146,681790,694423922,166868,166868,72562,144817,108184,22491,5848,7767880,1043014,
200,182482,686725,702510477,168014,168014,73039,145960,109041,22657,5877,7822009,1050076,
201,183818,691708,710992408,169159,169159,73554,147153,109860,22823,5909,7875763,1057376,
202,185174,696209,722599563,170330,170330,74429,147789,110339,22992,5964,7931134,1067924,
203,186530,701204,730846043,171498,171498,74924,148925,111198,23161,5994,7984383,1074913,
204,187886,706266,739263127,172668,172668,75424,150124,112052,23330,6024,8038592,1082115,
205,189242,711236,747816868,173836,173836,75931,151235,112899,23499,6055,8092871,1089357,
206,190598,716282,756462825,175004,175004,76441,152422,113743,23668,6086,8147533,1096689,
207,191954,721360,764640875,176171,176171,76913,153643,114625,23837,6115,8202452,1103654,
208,193310,726512,772756980,177339,177339,77373,154936,115519,24006,6144,8256610,1110703,
209,194667,731454,782067995,178509,178509,77949,156014,116298,24175,6178,8311176,1118248,
