Backup ID, Logical chunk num, Unique chunk num, Base chunk num, Delta chunk num, Logical chunk size, Unique chunk size, Base chunk size, Delta chunk size, LZ4_save size, Delta_save size, 
0,47270,45091,44892,199,374824960,355493664,226691089,134316,127049980,1618279
1,93760,63193,55028,8165,741068800,495103669,276789259,1034445,157154490,60125475
2,140254,80435,64859,15576,1108418560,629979924,325728384,2053993,187509806,114687741
3,186916,97135,73581,23554,1477611520,759367472,369466504,3129527,214413924,172357517
4,233561,111930,80882,31048,1846190080,875009206,404780244,4007222,239006315,227215425
5,271616,126584,88474,38110,2149201920,988912863,439548653,4995514,265130662,279238034
6,333509,182509,140829,41680,2647705600,1439024217,688839611,6308783,438702819,305173004
7,375631,217536,168317,49219,2997319680,1732574333,807746759,7764508,550821533,366241533
8,419564,249310,186565,62745,3364526080,1998004082,897575578,13244253,608680657,478503594
9,463497,249332,186575,62757,3731732480,1998126473,897583419,13247507,608723294,478572253
10,511234,257100,192017,65083,4109803520,2059446492,924618055,13531088,626741967,494555382
11,550375,262844,195512,67332,4422103040,2104629607,940345098,13761166,640750235,509773108
12,589502,277512,203142,74370,4734248960,2218783128,977165437,14813197,665862323,560942171
13,652520,280730,203619,77111,5241784320,2241418287,979064682,15147859,667345707,579860039
14,717905,300858,213007,87851,5764464640,2400783295,1021235001,16566588,698470359,664511347
15,783325,316129,219036,97093,6287237120,2525462985,1050492969,17576401,719344800,738048815
16,829595,341773,229627,112146,6673735680,2745488039,1097083298,27568052,762829262,858007427
17,875466,350721,231427,119294,7057971200,2823472834,1103443446,34353184,769943096,915733108
18,923854,357394,235569,121825,7442227200,2876277470,1121785901,34581763,786825902,933083904
19,971484,363629,238978,124651,7817871360,2924628193,1136014798,34913581,801082189,952617625
20,1019179,369592,242092,127500,8194682880,2971142827,1148648528,35233376,814897601,972363322
21,1067026,375496,245088,130408,8573368320,3017413239,1160541194,35587552,828699941,992584552
22,1112897,375519,245100,130419,8957603840,3017536324,1160554133,35591873,828746017,992644301
23,1158768,375540,245103,130437,9341839360,3017643824,1160555502,35596754,828758472,992733096
24,1207545,391103,253754,137349,9731287040,3147129212,1206783794,36429299,854869989,1049046130
25,1256392,394790,254563,140227,10121338880,3173146392,1210971888,36732925,856446061,1068995518
26,1305302,398504,255086,143418,10512404480,3198894091,1212792979,37167442,858119545,1090814125
27,1354172,412295,260854,151441,10903429120,3314601417,1241750409,38068188,878220176,1156562644
28,1402940,415863,261505,154358,11293941760,3340115247,1245654837,38393867,879297289,1176769254
29,1443085,436186,270336,165850,11619184640,3504542465,1289097621,40129507,907885157,1267430180
30,1483217,452933,276694,176239,11944468480,3640857118,1319230159,41570775,930224746,1349831438
31,1523363,455386,277080,178306,12269639680,3659050396,1321357887,41832552,931051813,1364808144
32,1563546,457878,277579,180299,12595281920,3677505788,1324205860,42097936,932041861,1379160131
33,1603775,460343,278050,182293,12921047040,3695746745,1327037533,42363012,932962183,1393384017
34,1648884,470364,281950,188414,13298063360,3789919389,1338563187,54170165,958687470,1438498567
35,1694029,478149,283126,195023,13675489280,3861312313,1342858136,63731259,963389393,1491333525
36,1741440,485699,283608,202091,14072944640,3929958353,1345224571,73190091,964997799,1546545892
37,1788524,505702,288692,217010,14468106240,4101652910,1370802979,83604150,980962694,1666283087
38,1835523,513397,290377,223020,14863370240,4171832822,1376886190,91130793,991997732,1711818107
39,1876216,530689,299103,231586,15191316480,4311487807,1420137450,92481430,1018392475,1780476452
40,1913449,545953,304042,241911,15492782080,4436563133,1444384544,94311860,1034405037,1863461692
41,1950738,563025,310125,252900,15794718720,4575785202,1474335331,96200119,1053562090,1951687662
42,1988065,578196,316125,262071,16096768000,4699732147,1505480194,97764759,1070887709,2025599485
43,2025433,582690,317418,265272,16399237120,4732139714,1511166934,98525485,1074787853,2047659442
44,2074134,597635,324924,272711,16789903360,4856818378,1550556113,99683199,1098855458,2107723608
45,2122847,600194,325510,274684,17180590080,4875734367,1554229334,99870782,1099840808,2121793443
46,2171519,603472,325945,277527,17570560000,4899115325,1556434609,100150514,1101040515,2141489687
47,2220326,618425,331341,287084,17961431040,5021636387,1580829692,101425166,1121440013,2217941516
48,2257694,618450,331349,287101,18263900160,5021781860,1580834763,101429981,1121471815,2218045301
49,2307202,622086,333213,288873,18659973120,5049354401,1594154155,101618535,1123102356,2230479355
50,2356622,624875,333904,290971,19055656960,5069977693,1598707041,101864893,1124025960,2245379799
51,2405612,636347,338055,298292,19468840960,5177786411,1614676323,115608169,1146899072,2300602847
52,2447006,637794,338505,299289,19802460160,5189341117,1617684474,115756330,1147599252,2308301061
53,2484962,639336,339159,300177,20109813760,5201673249,1622376799,115894805,1148298808,2315102837
54,2522969,640807,339649,301158,20417689600,5213578195,1625740489,116039801,1148954815,2322843090
55,2561009,642051,339927,302124,20725667840,5223559501,1627486119,116196214,1149511389,2330365779
56,2599098,643311,340178,303133,21034076160,5233628060,1628977438,116351924,1150023940,2338274758
57,2639876,645916,340745,305171,21364449280,5252952705,1632455984,116629810,1150933872,2352933039
58,2680677,648640,341419,307221,21695129600,5273120641,1636611860,116929190,1151985102,2367594489
59,2721490,651174,341817,309357,22025707520,5292001087,1638882407,117216806,1152767094,2383134780
60,2762338,653720,342233,311487,22356746240,5310963607,1641393744,117515891,1153556909,2398497063
61,2803249,656273,342615,313658,22687907840,5329807731,1643529908,117810292,1154302080,2414165451
62,2850269,667060,344099,322961,23082076160,5426033199,1648677211,130529429,1162389927,2484436632
63,2897423,675589,344625,330964,23477360640,5503728992,1650991120,142107127,1164121332,2546509413
64,2946849,684080,345168,338912,23892674560,5580869610,1653247043,153376650,1166326816,2607919101
65,2995937,692541,345560,346981,24305715200,5657844301,1654988122,164082918,1167959172,2670814089
66,3034026,692567,345572,346995,24614123520,5657992401,1655001298,164088102,1168005609,2670897392
67,3083892,695994,347129,348865,25014067200,5683878422,1663472089,164259947,1171867710,2684278676
68,3133068,710148,353403,356745,25406832640,5802337491,1696505611,165274833,1191984067,2748572980
69,3182530,712856,354147,358709,25803069440,5822555219,1701727584,165499586,1192956482,2762371567
70,3220619,712881,354152,358729,26111477760,5822699186,1701729880,165507500,1192977064,2762484742
71,3263035,735096,374878,360218,26455859200,6005656824,1818590272,166031996,1247347260,2773687296
72,3307336,746419,383812,362607,26815508480,6098796294,1866982443,166583810,1273056166,2792173875
73,3350218,752391,388262,364129,27163023360,6147772247,1891949825,166888078,1284649995,2804284349
74,3393144,753605,388591,365014,27510743040,6157487549,1894159309,167007218,1285129302,2811191720
75,3436144,759571,392149,367422,27858503680,6204746036,1911772931,167403121,1296106696,2829463288
76,3479144,762358,392803,369555,28206233600,6225611499,1915268126,167746988,1297749418,2844846967
77,3523445,770570,397990,372580,28565800960,6291053095,1940480830,168355924,1315193280,2867023061
78,3567732,772866,398384,374482,28925265920,6310049010,1942507901,168601286,1316480865,2882458958
79,3612081,781297,403295,378002,29285120000,6376027080,1965480947,169420537,1333572186,2907553410
80,3656412,784282,403817,380465,29644994560,6399193338,1967764975,169795176,1335440432,2926192755
81,3700674,787566,404650,382916,30004213760,6425556325,1972166411,170108056,1337600746,2945681112
82,3740691,798725,414282,384443,30326528000,6515039713,2024872941,170583240,1362286718,2957296814
83,3783372,805381,418720,386661,30671964160,6567954497,2047908198,171029496,1375081504,2973935299
84,3825950,810353,422075,388278,31016939520,6607659097,2065264104,171414414,1385102406,2985878173
85,3868596,815960,424709,391251,31362539520,6650687784,2082634996,171888461,1388919878,3007244449
86,3910995,819466,425601,393865,31706787840,6677029366,2087601894,172272731,1391120442,3026034299
87,3953403,821838,425870,395968,32051159040,6694505446,2088552804,172542727,1392162432,3041247483
88,3997704,821859,425874,395985,32410808320,6694628515,2088560752,172546936,1392184863,3041335964
89,4042378,824073,427790,396283,32773447680,6712487789,2103116812,172630334,1393332218,3043408425
90,4086956,826102,428901,397201,33135206400,6728833826,2111710159,172756295,1393942228,3050425144
91,4131606,827496,429270,398226,33497640960,6740028415,2114171692,172895427,1394470574,3058490722
92,4176284,834288,433429,400859,33860229120,6794113241,2133724004,173471503,1409381436,3077536298
93,4220932,838026,434102,403924,34222755840,6822115611,2136324285,174043010,1411708978,3100039338
94,4265582,838047,434108,403939,34585190400,6822244413,2136328566,174047319,1411732353,3100136175
