Backup ID, FPindex, SFindex, Deltaindex
0,3607280,8561216,10944
1,5055440,10504384,515136
2,6434800,12389952,826880
3,7770800,14063808,1130176
4,8954400,15464576,1409760
5,10126720,16919680,1680032
6,14600720,26907072,1839744
7,17402880,31879936,2268128
8,19944800,35323264,2894816
9,19946560,35325184,2895520
10,20568000,36369152,2979040
11,21027520,37040064,3067232
12,22200960,38504384,3320672
13,22458400,38595968,3454400
14,24068640,40395456,3882336
15,25290320,41552896,4201632
16,27341840,43562688,4793376
17,28057680,43855744,5084544
18,28591520,44650432,5179360
19,29090320,45304512,5284704
20,29567360,45902400,5387456
21,30039680,46477568,5491776
22,30041520,46479872,5492320
23,30043200,46480448,5493152
24,31288240,48140160,5733184
25,31583200,48295104,5847104
26,31880320,48395200,5960832
27,32983600,49502208,6250400
28,33269040,49626688,6352224
29,34894880,51319872,6774528
30,36234640,52540352,7133056
31,36430880,52614464,7207488
32,36630240,52710080,7278816
33,36827440,52800512,7350976
34,37629120,53529088,7568480
35,38251920,53719680,7830560
36,38855920,53810816,8071808
37,40456160,54769088,8592320
38,41071760,55037824,8801600
39,42455120,56703232,9098208
40,43676240,57644928,9493728
41,45042000,58782720,9885824
42,46255680,59931520,10205920
43,46615200,60175424,10323360
44,47810800,61616576,10583136
45,48015520,61728896,10654720
46,48277760,61812352,10756224
47,49474000,62847296,11096704
48,49476000,62848768,11097632
49,49766880,63205120,11156064
50,49990000,63337792,11236192
51,50907760,64127040,11515872
52,51023520,64213440,11565440
53,51146880,64339008,11599392
54,51264560,64433088,11636704
55,51364080,64486464,11670080
56,51464880,64534656,11705024
57,51673280,64643520,11780896
58,51891200,64772416,11856512
59,52093920,64848832,11931488
60,52297600,64928704,12004128
61,52501840,65001920,12077376
62,53364800,65279616,12429984
63,54047120,65378688,12711488
64,54726400,65478272,12975936
65,55403280,65551232,13247968
66,55405360,65553536,13248608
67,55679520,65852480,13311808
68,56811840,67056832,13580480
69,57028480,67199360,13650368
70,57030480,67200320,13651232
71,58807680,71174336,13736000
72,59713520,72888192,13855328
73,60191280,73742336,13926656
74,60288400,73805504,13959776
75,60765680,74488640,14047712
76,60988640,74613504,14121920
77,61645600,75607936,14229856
78,61829280,75683328,14306880
79,62503760,76625408,14431680
80,62742560,76724928,14527296
81,63005280,76884608,14620544
82,63898000,78726848,14691456
83,64430480,79577344,14783904
84,64828240,80221248,14846240
85,65276800,80726656,14953760
86,65557280,80897472,15042528
87,65747040,80948864,15112320
88,65748720,80949632,15113088
89,65925840,81317504,15123840
90,66088160,81530816,15174752
91,66199680,81601664,15215264
92,66743040,82399936,15311456
93,67042080,82528384,15427936
94,67043760,82529536,15428576
