Backup ID, Online Delta_save, Offline Delta_save, Offline delta time, Offline dedelta time, Offline delete time, Offline Delta chunk num
0,1618279,0,0,0,0,0
1,60125475,0,0,0,0,0
2,114687741,0,0,0,0,0
3,172357517,0,0,0,0,0
4,227215425,0,0,0,0,0
5,279238034,0,0,0,0,0
6,305173004,0,0,0,0,0
7,366241533,0,0,0,0,0
8,478503594,0,0,0,0,0
9,478572253,0,0,0,0,0
10,494555382,0,0,0,0,0
11,509773108,0,0,0,0,0
12,560942171,0,0,0,0,0
13,579860039,0,0,0,0,0
14,664511347,0,0,0,0,0
15,738048815,0,0,0,0,0
16,858007427,0,0,0,0,0
17,915733108,0,0,0,0,0
18,933083904,0,0,0,0,0
19,952617625,0,0,0,0,0
20,972363322,0,0,0,0,0
21,992584552,0,0,0,0,0
22,992644301,0,0,0,0,0
23,992733096,0,0,0,0,0
24,1049046130,0,0,0,0,0
25,1068995518,0,0,0,0,0
26,1090814125,0,0,0,0,0
27,1156562644,0,0,0,0,0
28,1176769254,0,0,0,0,0
29,1267430180,0,0,0,0,0
30,1349831438,0,0,0,0,0
31,1364808144,0,0,0,0,0
32,1379160131,0,0,0,0,0
33,1393384017,0,0,0,0,0
34,1438498567,0,0,0,0,0
35,1491333525,0,0,0,0,0
36,1546545892,0,0,0,0,0
37,1666283087,0,0,0,0,0
38,1711818107,0,0,0,0,0
39,1780476452,0,0,0,0,0
40,1863461692,0,0,0,0,0
41,1951687662,0,0,0,0,0
42,2025599485,0,0,0,0,0
43,2047659442,0,0,0,0,0
44,2107723608,0,0,0,0,0
45,2121793443,0,0,0,0,0
46,2141489687,0,0,0,0,0
47,2217941516,0,0,0,0,0
48,2218045301,0,0,0,0,0
49,2230479355,0,0,0,0,0
50,2245379799,0,0,0,0,0
51,2300602847,0,0,0,0,0
52,2308301061,0,0,0,0,0
53,2315102837,0,0,0,0,0
54,2322843090,0,0,0,0,0
55,2330365779,0,0,0,0,0
56,2338274758,0,0,0,0,0
57,2352933039,0,0,0,0,0
58,2367594489,0,0,0,0,0
59,2383134780,0,0,0,0,0
60,2398497063,0,0,0,0,0
61,2414165451,0,0,0,0,0
62,2484436632,0,0,0,0,0
63,2546509413,0,0,0,0,0
64,2607919101,0,0,0,0,0
65,2670814089,0,0,0,0,0
66,2670897392,0,0,0,0,0
67,2684278676,0,0,0,0,0
68,2748572980,0,0,0,0,0
69,2762371567,0,0,0,0,0
70,2762484742,0,0,0,0,0
71,2773687296,0,0,0,0,0
72,2792173875,0,0,0,0,0
73,2804284349,0,0,0,0,0
74,2811191720,0,0,0,0,0
75,2829463288,0,0,0,0,0
76,2844846967,0,0,0,0,0
77,2867023061,0,0,0,0,0
78,2882458958,0,0,0,0,0
79,2907553410,0,0,0,0,0
80,2926192755,0,0,0,0,0
81,2945681112,0,0,0,0,0
82,2957296814,0,0,0,0,0
83,2973935299,0,0,0,0,0
84,2985878173,0,0,0,0,0
85,3007244449,0,0,0,0,0
86,3026034299,0,0,0,0,0
87,3041247483,0,0,0,0,0
88,3041335964,0,0,0,0,0
89,3043408425,0,0,0,0,0
90,3050425144,0,0,0,0,0
91,3058490722,0,0,0,0,0
92,3077536298,0,0,0,0,0
93,3100039338,0,0,0,0,0
94,3100136175,0,0,0,0,0
