BackupID, OnlineSpeed(MB/s), Encalve ProcessTime(s), BackupSize, OnlineSize, OfflineSize, OfflineTime(s)
0, 98.9567, 3.6123, 374824960, 226825405, 226825405, 0.000478
1, 188.762, 1.85036, 366243840, 277823704, 277823704, 0.000512
2, 194.127, 1.80466, 367349760, 327782377, 327782377, 0.000625
3, 193.011, 1.82419, 369192960, 372596031, 372596031, 0.000691
4, 209.08, 1.68119, 368578560, 408787466, 408787466, 0.00073
5, 177.768, 1.62557, 303011840, 444544167, 444544167, 0.000772
6, 97.9708, 4.85257, 498503680, 695148394, 695148394, 0.00138
7, 101.188, 3.29505, 349614080, 815511267, 815511267, 0.001367
8, 110.412, 3.17171, 367206400, 910819831, 910819831, 0.001556
9, 628.359, 0.557317, 367206400, 910830926, 910830926, 0.001692
10, 296.501, 1.21604, 378071040, 938149143, 938149143, 0.001562
11, 287.608, 1.03555, 312299520, 954106264, 954106264, 0.001588
12, 175.47, 1.69651, 312145920, 991978634, 991978634, 0.001638
13, 457.175, 1.05873, 507535360, 994212541, 994212541, 0.008995
14, 204.654, 2.43566, 522680320, 1037801589, 1037801589, 0.002546
15, 237.42, 2.09988, 522772480, 1068069370, 1068069370, 0.001829
16, 133.601, 2.75892, 386498560, 1124651350, 1124651350, 0.001874
17, 242.848, 1.50891, 384235520, 1137796630, 1137796630, 0.001943
18, 274.678, 1.33413, 384256000, 1156367664, 1156367664, 0.001917
19, 291.509, 1.22892, 375644160, 1170928379, 1170928379, 0.001864
20, 291.328, 1.23351, 376811520, 1183881904, 1183881904, 0.001954
21, 297.16, 1.21532, 378685440, 1196128746, 1196128746, 0.002007
22, 637.982, 0.574367, 384235520, 1196146006, 1196146006, 0.002237
23, 600.499, 0.610218, 384235520, 1196152256, 1196152256, 0.002179
24, 189.608, 1.95881, 389447680, 1243213093, 1243213093, 0.001969
25, 355.115, 1.0475, 390051840, 1247704813, 1247704813, 0.002096
26, 344.767, 1.08174, 391065600, 1249960421, 1249960421, 0.009395
27, 207.183, 1.79991, 391024640, 1279818597, 1279818597, 0.002061
28, 331.439, 1.12365, 390512640, 1284048704, 1284048704, 0.002007
29, 128.576, 2.4124, 325242880, 1329227128, 1329227128, 0.002733
30, 148.142, 2.09403, 325283840, 1360800934, 1360800934, 0.002346
31, 348.459, 0.889939, 325171200, 1363190439, 1363190439, 0.002312
32, 341.566, 0.909215, 325642240, 1366303796, 1366303796, 0.002224
33, 334.553, 0.928624, 325765120, 1369400545, 1369400545, 0.002233
34, 212.62, 1.69105, 377016320, 1392733352, 1392733352, 0.002547
35, 235.056, 1.5313, 377425920, 1406589395, 1406589395, 0.002284
36, 233.67, 1.62213, 397455360, 1418414662, 1418414662, 0.011059
37, 134.717, 2.79739, 395161600, 1454407129, 1454407129, 0.002377
38, 204.775, 1.84082, 395264000, 1468016983, 1468016983, 0.002442
39, 137.691, 2.27141, 327946240, 1512618880, 1512618880, 0.002465
40, 135.015, 2.1294, 301465600, 1538696404, 1538696404, 0.003832
41, 124.708, 2.30899, 301936640, 1570535450, 1570535450, 0.002706
42, 126.045, 2.28535, 302049280, 1603244953, 1603244953, 0.002513
43, 204.679, 1.40931, 302469120, 1609692419, 1609692419, 0.00264
44, 169.683, 2.19567, 390666240, 1650239312, 1650239312, 0.002669
45, 365.031, 1.0207, 390686720, 1654100116, 1654100116, 0.002621
46, 329.573, 1.12844, 389969920, 1656585123, 1656585123, 0.002635
47, 164.278, 2.2691, 390871040, 1682254858, 1682254858, 0.002933
48, 579.073, 0.498136, 302469120, 1682264744, 1682264744, 0.003034
49, 308.376, 1.22488, 396072960, 1695772690, 1695772690, 0.002871
50, 339.231, 1.11238, 395683840, 1700571934, 1700571934, 0.002919
51, 158.627, 2.48408, 413184000, 1730284492, 1730284492, 0.002821
52, 431.24, 0.737789, 333619200, 1733440804, 1733440804, 0.012641
53, 381.209, 0.768909, 307353600, 1738271604, 1738271604, 0.002727
54, 399.81, 0.734382, 307875840, 1741780290, 1741780290, 0.013589
55, 420.533, 0.698426, 307978240, 1743682333, 1743682333, 0.002801
56, 396.655, 0.741504, 308408320, 1745329362, 1745329362, 0.007876
57, 312.23, 1.00909, 330373120, 1749085794, 1749085794, 0.002819
58, 310.489, 1.01569, 330680320, 1753541050, 1753541050, 0.003019
59, 320.567, 0.983455, 330577920, 1756099213, 1756099213, 0.010544
60, 314.928, 1.00246, 331038720, 1758909635, 1758909635, 0.002774
61, 301.681, 1.04687, 331161600, 1761340200, 1761340200, 0.002927
62, 152.193, 2.46994, 394168320, 1779206640, 1779206640, 0.002809
63, 163.26, 2.30904, 395284480, 1793098247, 1793098247, 0.015539
64, 161.033, 2.45959, 415313920, 1806623693, 1806623693, 0.002812
65, 153.64, 2.56383, 413040640, 1819071040, 1819071040, 0.002837
66, 575.579, 0.511, 308408320, 1819089400, 1819089400, 0.00317
67, 321.654, 1.1858, 399943680, 1827732036, 1827732036, 0.003019
68, 163.426, 2.29199, 392765440, 1861780444, 1861780444, 0.002837
69, 289.435, 1.30558, 396236800, 1867227170, 1867227170, 0.002998
70, 551.904, 0.532921, 308408320, 1867237380, 1867237380, 0.003333
71, 135.322, 2.42701, 344381440, 1984622268, 1984622268, 0.003153
72, 204.655, 1.67593, 359649280, 2033566253, 2033566253, 0.003123
73, 279.219, 1.18694, 347514880, 2058837903, 2058837903, 0.003167
74, 457.15, 0.725388, 347719680, 2061166527, 2061166527, 0.010368
75, 284.21, 1.16692, 347760640, 2079176052, 2079176052, 0.003349
76, 324.053, 1.02335, 347729920, 2083015114, 2083015114, 0.003277
77, 223.455, 1.53458, 359567360, 2108836754, 2108836754, 0.003353
78, 397.135, 0.863215, 359464960, 2111109187, 2111109187, 0.01032
79, 217.351, 1.57894, 359854080, 2134901484, 2134901484, 0.003357
80, 320.028, 1.07242, 359874560, 2137560151, 2137560151, 0.003311
81, 336.91, 1.01682, 359219200, 2142274467, 2142274467, 0.003323
82, 183.63, 1.67393, 322314240, 2195456181, 2195456181, 0.003686
83, 243.829, 1.35109, 345436160, 2218937694, 2218937694, 0.003453
84, 261.266, 1.25923, 344975360, 2236678518, 2236678518, 0.00355
85, 238.919, 1.3795, 345600000, 2254523457, 2254523457, 0.004954
86, 270.851, 1.21211, 344248320, 2259874625, 2259874625, 0.003421
87, 319.444, 1.02809, 344371200, 2261095531, 2261095531, 0.007265
88, 542.617, 0.6321, 359649280, 2261107688, 2261107688, 0.003687
89, 385.852, 0.896302, 362639360, 2275747146, 2275747146, 0.003586
90, 385.303, 0.8954, 361758720, 2284466454, 2284466454, 0.003573
91, 363.349, 0.951274, 362434560, 2287067119, 2287067119, 0.011613
92, 237.375, 1.45673, 362588160, 2307195507, 2307195507, 0.003558
93, 276.412, 1.25079, 362526720, 2310367295, 2310367295, 0.003504
94, 539.618, 0.640536, 362434560, 2310375885, 2310375885, 0.003803
