Backup ID, Ecall, Inline_Ocall, Offline_Ocall, _Inline_FPOcall, _Inline_SFOcall, _Inline_LocalOcall, _Inline_LoadOcall, _Inline_DeltaOcall, _Inline_RecipeOcall, _Inline_Write_ContainerOcall, _inline_have_similar_chunk_num, _inline_need_load_container_num
0,372,1423,5,370,370,0,267,370,46,59,515,163,
1,738,2563,10,694,694,0,350,734,91,73,8497,540,
2,1104,3711,15,1016,1016,0,445,1098,136,87,15921,1068,
3,1471,4856,20,1334,1334,0,544,1463,181,100,23906,1728,
4,1838,5959,25,1622,1622,0,661,1828,226,110,31412,2426,
5,2138,6900,30,1861,1861,0,789,2126,263,120,38482,3091,
6,2624,8719,35,2340,2340,0,1106,2610,323,185,42238,3590,
7,2956,10794,40,2666,2666,0,2158,2940,364,217,52417,4272,
8,3302,12433,45,2992,2992,0,2759,3284,406,243,66329,5153,
9,3648,12837,63,2999,2999,0,2763,3628,448,245,66341,5161,
10,4023,13631,68,3151,3151,0,2834,4001,494,253,68667,5493,
11,4331,14329,73,3283,3283,0,2924,4307,532,258,70918,5826,
12,4639,15343,78,3525,3525,0,3110,4613,570,269,77956,6619,
13,5134,16296,563,3674,3674,0,3211,5106,631,271,80697,6953,
14,5647,17764,568,4017,4017,0,3419,5617,694,284,91453,7740,
15,6161,19121,573,4319,4319,0,3597,6129,757,293,100695,8496,
16,6525,20531,578,4652,4652,0,3934,6491,802,309,115894,9681,
17,6886,21871,583,4833,4833,0,4509,6850,846,314,123471,10483,
18,7267,22711,588,4987,4987,0,4615,7229,893,320,126006,10791,
19,7642,23565,593,5143,5143,0,4738,7602,939,325,128832,11203,
20,8017,24422,598,5295,5295,0,4872,7975,985,330,131681,11631,
21,8393,25276,603,5444,5444,0,5008,8349,1031,335,134589,12084,
22,8754,25696,623,5451,5451,0,5011,8708,1075,337,134600,12092,
23,9115,26114,634,5458,5458,0,5012,9067,1119,339,134618,12104,
24,9499,27150,639,5681,5681,0,5173,9449,1166,352,141538,12712,
25,9883,28132,644,5880,5880,0,5328,9831,1213,355,144420,13229,
26,10268,29127,1175,6071,6071,0,5511,10214,1260,357,147614,13770,
27,10652,30177,1180,6287,6287,0,5700,10596,1307,366,155640,14494,
28,11035,31203,1185,6477,6477,0,5918,10977,1354,368,158562,15092,
29,11351,32481,1190,6773,6773,0,6251,11291,1393,381,170055,16182,
30,11667,33699,1195,7031,7031,0,6600,11605,1432,391,180445,17276,
31,11983,34448,1200,7147,7147,0,6764,11919,1471,393,182512,17669,
32,12299,35211,1205,7264,7264,0,6940,12233,1510,395,184505,18089,
33,12616,35990,1210,7377,7377,0,7139,12548,1549,397,186499,18516,
34,12971,36852,1215,7489,7489,0,7380,12901,1593,405,192697,19273,
35,13326,37939,1220,7603,7603,0,7842,13254,1637,410,199571,20097,
36,13699,38895,1710,7714,7714,0,8159,13625,1683,414,206649,20942,
37,14069,40564,1715,8007,8007,0,8829,13993,1728,425,221702,22594,
38,14439,42226,1720,8122,8122,0,9848,14361,1773,430,228284,23600,
39,14759,43541,1725,8373,8373,0,10304,14679,1812,442,236893,24648,
40,15052,44856,1730,8624,8624,0,10790,14970,1848,451,247257,25803,
41,15346,46432,1735,8892,8892,0,11502,15262,1884,461,258434,27066,
42,15640,47911,1740,9162,9162,0,12113,15554,1920,471,267634,28331,
43,15934,49236,1745,9407,9407,0,12620,15846,1956,474,270875,29073,
44,16317,50454,1750,9624,9624,0,12976,16227,2003,485,278314,29938,
45,16700,51476,1755,9839,9839,0,13140,16608,2050,487,280288,30274,
46,17083,52504,1760,10027,10027,0,13364,16989,2097,489,283132,30779,
47,17467,53981,1765,10319,10319,0,13828,17371,2144,497,292698,31925,
48,17761,54564,1781,10443,10443,0,13835,17663,2180,499,292716,31937,
49,18150,55447,1786,10564,10564,0,14041,18050,2228,504,294495,32332,
50,18539,56339,1791,10686,10686,0,14254,18437,2276,507,296593,32758,
51,18924,57792,1796,10815,10815,0,15019,18820,2323,516,303963,33948,
52,19250,58459,2254,10921,10921,0,15110,19144,2363,518,304960,34107,
53,19549,59377,2259,11159,11159,0,15218,19441,2400,521,305848,34275,
54,19848,60240,2757,11371,11371,0,15323,19738,2437,523,306829,34451,
55,20148,60896,2762,11477,11477,0,15432,20036,2474,525,307795,34637,
56,20448,61422,3021,11517,11517,0,15543,20334,2511,527,308804,34833,
57,20769,62590,3026,11805,11805,0,15777,20653,2550,529,310842,35313,
58,21090,63703,3031,12065,12065,0,16012,20972,2589,532,312895,35794,
59,21411,64541,3437,12182,12182,0,16258,21291,2628,534,315031,36267,
60,21733,65380,3442,12297,12297,0,16508,21611,2667,536,317161,36753,
61,22055,66254,3447,12411,12411,0,16795,21931,2706,538,319333,37248,
62,22425,67868,3452,12604,12604,0,17610,22299,2751,544,328692,38672,
63,22796,69313,3986,12732,12732,0,18384,22668,2797,549,336710,39877,
64,23185,70900,3991,12859,12859,0,19282,23055,2845,554,344690,41140,
65,23571,72995,3996,13165,13165,0,20334,23439,2892,559,352776,42458,
66,23871,73406,4016,13200,13200,0,20340,23737,2929,561,352790,42468,
67,24263,74312,4021,13328,13328,0,20552,24127,2977,565,354660,42853,
68,24650,75673,4026,13548,13548,0,21040,24512,3025,575,362542,43912,
69,25039,76793,4031,13769,13769,0,21283,24899,3073,578,364507,44375,
70,25339,77203,4044,13803,13803,0,21290,25197,3110,580,364527,44391,
71,25673,78163,4049,14015,14015,0,21453,25529,3151,611,366043,44647,
72,26022,79148,4054,14240,14240,0,21598,25876,3194,625,368441,44978,
73,26360,80035,4059,14429,14429,0,21730,26212,3235,633,369965,45248,
74,26698,80772,4396,14576,14576,0,21796,26548,3276,635,370850,45381,
75,27036,81611,4401,14730,14730,0,21950,26884,3317,641,373258,45748,
76,27374,82601,4406,14922,14922,0,22179,27220,3358,643,375398,46216,
77,27723,83653,4411,15122,15122,0,22441,27567,3401,651,378423,46816,
78,28071,84520,4813,15300,15300,0,22563,27913,3444,653,380327,47097,
79,28420,85686,4818,15521,15521,0,22897,28260,3487,660,383857,47804,
80,28769,86731,4823,15724,15724,0,23146,28607,3530,662,386326,48313,
81,29117,87636,4828,15901,15901,0,23308,28953,3573,665,388779,48659,
82,29432,88580,4833,16080,16080,0,23542,29266,3612,680,390348,49037,
83,29768,89516,4838,16251,16251,0,23761,29600,3653,687,392568,49454,
84,30103,90447,4843,16420,16420,0,23980,29933,3694,693,394185,49862,
85,30439,91509,4848,16614,16614,0,24279,30267,3735,699,397158,50449,
86,30773,92538,4853,16787,16787,0,24589,30599,3776,702,399776,50978,
87,31107,93482,5130,16946,16946,0,24842,30931,3817,704,401882,51400,
88,31456,94135,5142,17073,17073,0,24851,31278,3860,706,401899,51412,
89,31808,94951,5147,17237,17237,0,24946,31628,3903,711,402197,51559,
90,32159,95613,5152,17327,17327,0,25036,31977,3946,715,403115,51719,
91,32510,96277,5529,17409,17409,0,25144,32326,3989,717,404140,51905,
92,32862,97350,5534,17585,17585,0,25472,32676,4032,723,406775,52558,
93,33213,98450,5539,17757,17757,0,25836,33025,4075,725,409850,53172,
94,33564,99000,5553,17832,17832,0,25844,33374,4118,727,409865,53185,
