Backup ID, Logical chunk num, Unique chunk num, Base chunk num, Delta chunk num, Logical chunk size, Unique chunk size, Base chunk size, Delta chunk size, LZ4_save size, Delta_save size, 
0,598076,118229,113142,5087,8588886016,1032135022,619981151,5928952,359904207,46320712
1,1195194,131087,123035,8052,17177772032,1171401480,670376998,11941112,412957582,76125788
2,1791173,149943,138615,11328,25766658048,1368358678,756294481,18305962,484216925,109541310
3,2386184,164814,150429,14385,34355544064,1528865472,817140968,24792208,547941777,138990519
4,2980525,182825,164983,17842,42944430080,1719207135,898560155,32809501,616141788,171695691
5,3572942,204438,182799,21639,51533316096,1951922178,994018447,41530111,710268025,206105595
6,4164755,221561,196272,25289,60122202112,2137587443,1065470682,50001674,781312770,240802317
7,4755932,242885,213860,29025,68711088128,2361052678,1163547872,56897242,864681050,275926514
8,5346585,262903,229889,33014,77299974144,2573569874,1250228569,65104711,945378067,312858527
9,5936829,281759,244860,36899,85888860160,2774054407,1331164184,73160360,1021669808,348060055
10,6526705,307464,266047,41417,94477746176,3045410776,1444474426,82960424,1131847179,386128747
11,7117376,326216,281055,45161,103066632192,3242865686,1526824497,89983902,1205941055,420116232
12,7708121,347836,298566,49270,111655518208,3473193093,1621226620,97209675,1296553648,458203150
13,8299588,374837,321048,53789,120244404224,3759205714,1743679564,107047228,1411001320,497477602
14,8891445,396422,338425,57997,128833290240,3992611430,1837677883,115798611,1502933263,536201673
15,9483489,417887,355632,62255,137422176256,4224877819,1929135382,122889943,1595805795,577046699
16,10077606,443648,376969,66679,146011062272,4498147302,2048094713,132581736,1700938224,616532629
17,10672558,470248,399068,71180,154599948288,4782863934,2168442547,143809517,1815533405,655078465
18,11268152,494813,419197,75616,163188834304,5047681626,2278963542,153776701,1919991400,694949983
19,11865051,517318,437649,79669,171777720320,5289461317,2379247549,158734168,2016817570,734662030
20,12462550,542802,458593,84209,180366606336,5563245113,2492527368,169324717,2127658760,773734268
21,13060779,568100,479255,88845,188955492352,5836765923,2604764112,176430498,2237683698,817887615
22,13661032,598836,505121,93715,197544378368,6163336318,2748534794,186976075,2367538750,860286699
23,14263100,625524,527309,98215,206133264384,6450494513,2869413914,200163262,2483971303,896946034
24,14866184,651870,548967,102903,214722150400,6735758417,2985277438,205412118,2601441773,943627088
25,15472152,686885,578727,108158,223311036416,7109281814,3149369769,227033740,2753989267,978889038
26,16079762,719004,605955,113049,231899922432,7452798290,3297452192,225063824,2896817537,1033464737
27,16689366,753044,634691,118353,240488808448,7818860463,3454430701,239149223,3048223879,1077056660
28,17301791,788203,664496,123707,249077694464,8196526159,3617196263,252433750,3205334962,1121561184
29,17916474,824183,695092,129091,257666580480,8581486572,3784330136,260396675,3366080494,1170679267
