Backup ID, FPindex, SFindex, Deltaindex
0,9458320,21492480,222688
1,10486960,23390080,372672
2,11995440,26369344,523776
3,13185120,28628352,659936
4,14626000,31418304,814272
5,16355040,34838016,978336
6,17724880,37423872,1140800
7,19430800,40798784,1301984
8,21032240,43874240,1479328
9,22540720,46745216,1651360
10,24597120,50810880,1847872
11,26097280,53687680,2014240
12,27826880,57048512,2197888
13,29986960,61363008,2395360
14,31713760,64698432,2584864
15,33430960,68000896,2777920
16,35491840,72095808,2973984
17,37619840,76337024,3175104
18,39585040,80200128,3374496
19,41385440,83740736,3556160
20,43424160,87760448,3759296
21,45448000,91724480,3971136
22,47906880,96689408,4190880
23,50041920,100945344,4393312
24,52149600,105101312,4604736
25,54950800,110813632,4841152
26,57520320,116040384,5057920
27,60243520,121556416,5297280
28,63056240,127277056,5536160
29,65934640,133150272,5775968
