Backup ID, Online Delta_save, Offline Delta_save, Offline delta time, Offline dedelta time, Offline delete time, Offline Delta chunk num
0,44327793,1992919,1656,1465,18,191
1,72451409,3674379,4017,3664,39,353
2,104915741,4625569,6433,6028,59,405
3,131694614,7295905,11771,11084,115,687
4,159484551,12211140,18728,17501,201,1227
5,186719346,19386249,27770,25823,308,1947
6,215633157,25169160,37898,35329,437,2569
7,238974134,36952380,50189,46544,597,3645
8,266021124,46837403,64059,59396,765,4663
9,289182410,58877645,79599,73589,950,6010
10,316476578,69652169,93746,86550,1148,7196
11,341806024,78310208,108623,100501,1326,8122
12,372985478,85217672,124577,115803,1497,8774
13,402856902,94620700,143360,133510,1721,9850
14,431093670,105108003,163329,152318,1942,11011
15,462376946,114669753,184370,172518,2153,11852
16,492258965,124273664,207422,194466,2398,12956
17,523935468,131142997,231822,217897,2668,13925
18,555563260,139386723,257275,242411,2931,14864
19,585128986,149533044,282952,267302,3170,15650
20,617853773,155880495,311628,295141,3431,16487
21,653027815,164859800,340673,323383,3669,17290
22,688670357,171616342,371702,353574,3966,18128
23,722833275,174112759,404027,385172,4212,18855
24,756998039,186629049,439077,419322,4536,19755
25,794514788,184374250,475320,454618,4855,20702
26,828073758,205390979,514395,492790,5155,21605
27,868979093,208077567,547595,525351,5428,22244
28,907401547,214159637,584606,561502,5773,23104
29,947100227,223579040,623669,599934,6041,23735
