BackupID, OnlineSpeed(MB/s), Encalve ProcessTime(s), BackupSize, OnlineSize, OfflineSize, OfflineTime(s)
0, 434.802, 18.8385, 8588886016, 626765574, 625910103, 1.68777
1, 712.952, 11.4889, 8588886016, 682357128, 682318110, 2.14212
2, 695.714, 11.7735, 8588886016, 774971189, 774600443, 2.17168
3, 701.32, 11.6794, 8588886016, 841991804, 841933176, 4.6219
4, 680.501, 12.0367, 8588886016, 931102276, 931369656, 6.6863
5, 667.087, 12.2788, 8588886016, 1036399975, 1035548558, 8.5326
6, 647.345, 12.6532, 8588886016, 1116420137, 1115472356, 9.6596
7, 629.067, 13.0209, 8588886016, 1223348926, 1220445114, 12.1058
8, 638.711, 12.8243, 8588886016, 1317167831, 1315333280, 13.1641
9, 658.684, 12.4354, 8588886016, 1406202666, 1404324544, 15.4199
10, 644.796, 12.7032, 8588886016, 1529145815, 1527434850, 14.2447
11, 678.71, 12.0685, 8588886016, 1618511641, 1616808399, 14.0283
12, 639.867, 12.8011, 8588886016, 1720348022, 1718436295, 14.4162
13, 611.729, 13.3899, 8588886016, 1852172567, 1850726792, 17.9852
14, 612.211, 13.3794, 8588886016, 1955212826, 1953476494, 18.6476
15, 606.347, 13.5088, 8588886016, 2055165239, 2052025325, 19.0835
16, 632.714, 12.9458, 8588886016, 2182378315, 2180676449, 20.7913
17, 632.034, 12.9598, 8588886016, 2312100315, 2312252064, 22.6734
18, 636.857, 12.8616, 8588886016, 2434160096, 2432740243, 22.8258
19, 622.034, 13.1681, 8588886016, 2542669853, 2537981717, 22.411
20, 613.454, 13.3523, 8588886016, 2662317444, 2661852085, 25.3218
21, 603.974, 13.5619, 8588886016, 2784636860, 2781194610, 25.3284
22, 581.574, 14.0842, 8588886016, 2936757141, 2935510869, 27.5976
23, 582.899, 14.0522, 8588886016, 3067138105, 3069577176, 27.5875
24, 605.119, 13.5362, 8588886016, 3196762910, 3190689556, 30.5015
25, 574.737, 14.2517, 8588886016, 3367769292, 3376403509, 31.6281
26, 542.601, 15.0958, 8588886016, 3537591959, 3522516016, 32.9599
27, 535.694, 15.2905, 8588886016, 3691976264, 3693579924, 28.7801
28, 566.816, 14.4509, 8588886016, 3869723190, 3869630013, 32.3994
29, 562.017, 14.5743, 8588886016, 4049700016, 4044726811, 32.9235
