Backup ID, Ecall, Inline_Ocall, Offline_Ocall, _Inline_FPOcall, _Inline_SFOcall, _Inline_LocalOcall, _Inline_LoadOcall, _Inline_DeltaOcall, _Inline_RecipeOcall, _Inline_Write_ContainerOcall, _inline_have_similar_chunk_num, _inline_need_load_container_num
0,4675,8577,23346,1143,1143,4,1034,4669,584,158,6571,1376,
1,9342,15125,50652,1693,1693,8,1234,9330,1167,173,9548,2213,
2,14001,21754,78523,2278,2278,10,1454,13985,1749,197,13010,3351,
3,18652,28376,141120,2860,2860,22,1682,18622,2330,215,16156,4616,
4,23298,35064,232782,3457,3457,44,1952,23244,2910,238,19634,6085,
5,27929,41829,347140,4097,4097,77,2230,27840,3488,265,23432,7685,
6,32555,48548,479609,4706,4706,105,2530,32436,4065,286,27084,9236,
7,37176,55419,641194,5354,5354,159,2909,37001,4642,314,30825,10996,
8,41793,62305,810746,6007,6007,202,3298,41573,5218,339,34815,12794,
9,46407,69263,998992,6660,6660,268,3762,46119,5794,363,38711,14720,
10,51018,76375,1191313,7378,7378,326,4253,50670,6370,395,43236,16793,
11,55635,83377,1373954,8054,8054,376,4712,55235,6946,419,47006,18556,
12,60253,90494,1552454,8756,8756,409,5233,59818,7522,446,51115,20505,
13,64876,97748,1781039,9522,9522,465,5757,64383,8099,480,55638,22607,
14,69502,104965,2011596,10255,10255,530,6307,68942,8676,507,59846,24737,
15,74130,112277,2238127,11004,11004,575,6917,73523,9254,533,64104,26916,
16,78774,119631,2490751,11796,11796,630,7465,78110,9834,567,68528,29065,
17,83425,127075,2765502,12610,12610,681,8051,82708,10415,601,73029,31392,
18,88081,134534,3040433,13426,13426,729,8643,87314,10996,632,77465,33680,
19,92747,141955,3300122,14223,14223,770,9224,91937,11578,661,81519,35802,
20,97417,149681,3586259,15093,15093,824,9959,96551,12161,694,86062,38227,
21,102093,157491,3858811,16029,16029,867,10639,101182,12745,726,90714,40685,
22,106785,165430,4179662,17015,17015,921,11330,105818,13331,767,95584,43232,
23,111491,173451,4466432,18021,18021,960,12048,110483,13918,802,100107,45548,
24,116205,181544,4814273,19026,19026,1016,12831,115139,14506,836,104797,48127,
25,120942,189834,5170544,20108,20108,1074,13631,119816,15097,882,110052,50911,
26,125691,198283,5517189,21291,21291,1132,14374,124505,15690,924,114943,53513,
27,130456,206867,5829801,22507,22507,1172,15168,129228,16285,968,120247,56292,
28,135243,215642,6199067,23772,23772,1229,16030,133956,16883,1013,125604,59284,
29,140048,224577,6523997,25105,25105,1267,16896,138721,17483,1059,130988,62151,
