Backup ID, Logical chunk num, Unique chunk num, Base chunk num, Delta chunk num, Logical chunk size, Unique chunk size, Base chunk size, Delta chunk size, LZ4_save size, Delta_save size, 
0,598076,118229,112105,6124,8588886016,1032135022,616230417,9131248,354099121,52674236
1,1195194,131087,122003,9084,17177772032,1171401480,666956376,14775614,406883254,82786236
2,1791173,149943,137316,12627,25766658048,1368358678,752457946,21650538,476386256,117863938
3,2386184,164814,148931,15883,34355544064,1528865472,812922355,29052802,537990784,148899531
4,2980525,182825,163355,19470,42944430080,1719207135,894076801,35194222,604731106,185205006
5,3572942,204438,181064,23374,51533316096,1951922178,989270670,44008056,697737412,220906040
6,4164755,221561,194428,27133,60122202112,2137587443,1060461733,52529959,767749652,256846099
7,4755932,242885,211920,30965,68711088128,2361052678,1158333684,60482183,850063672,292173139
8,5346585,262903,227845,35058,77299974144,2573569874,1244796506,69166324,929648905,329958139
9,5936829,281759,242696,39063,85888860160,2774054407,1325357299,75489879,1004652757,368554472
10,6526705,307464,263779,43685,94477746176,3045410776,1438423201,86910678,1113801260,406275637
11,7117376,326216,278659,47557,103066632192,3242865686,1520429557,93881302,1186786693,441768134
12,7708121,347836,296063,51773,111655518208,3473193093,1614636638,101811812,1276347141,480397502
13,8299588,374837,318417,56420,120244404224,3759205714,1736753830,110534388,1389522504,522394992
14,8891445,396422,335679,60743,128833290240,3992611430,1830348034,118677078,1480296504,563289814
15,9483489,417887,352800,65087,137422176256,4224877819,1921672487,127099296,1572187924,603918112
16,10077606,443648,374030,69618,146011062272,4498147302,2040335780,135954926,1676309963,645546633
17,10672558,470248,396007,74241,154599948288,4782863934,2160313457,146466071,1789564081,686520325
18,11268152,494813,416034,78779,163188834304,5047681626,2270556175,154591701,1893054071,729479679
19,11865051,517318,434386,82932,171777720320,5289461317,2370574414,161101725,1988869896,768915282
20,12462550,542802,455213,87589,180366606336,5563245113,2483483003,174672116,2098574282,806515712
21,13060779,568100,475738,92362,188955492352,5836765923,2595315524,186783703,2207218539,847448157
22,13661032,598836,501487,97349,197544378368,6163336318,2738678718,198878234,2335903235,889876131
23,14263100,625524,523512,102012,206133264384,6450494513,2859082854,248973927,2450743521,891694211
24,14866184,651870,545026,106844,214722150400,6735758417,2974405476,221122529,2566853572,973376840
25,15472152,686885,574675,112210,223311036416,7109281814,3138178270,229719531,2718163633,1023220380
26,16079762,719004,601797,117207,231899922432,7452798290,3285954191,235851295,2859979167,1071013637
27,16689366,753044,630437,122607,240488808448,7818860463,3442766522,250248671,3010274437,1115570833
28,17301791,788203,660105,128098,249077694464,8196526159,3605023562,262481777,3166031937,1162988883
29,17916474,824183,690555,133628,257666580480,8581486572,3771574567,277418636,3325399063,1207094306
