Backup ID, FPindex, SFindex, Deltaindex
0,9458320,21391232,268416
1,10486960,23289152,417568
2,11995440,26226368,577088
3,13185120,28454656,718400
4,14626000,31220864,875264
5,16355040,34619008,1041088
6,17724880,37179776,1204864
7,19430800,40536704,1367296
8,21032240,43590528,1546208
9,22540720,46438592,1720512
10,24597120,50482816,1918400
11,26097280,53336448,2087680
12,27826880,56675008,2272512
13,29986960,60962944,2472224
14,31713760,64274880,2663168
15,33430960,67558848,2857056
16,35491840,71630592,3055072
17,37619840,75847360,3258208
18,39585040,79689408,3459296
19,41385440,83209408,3642432
20,43424160,87204864,3847744
21,45448000,91141440,4062368
22,47906880,96082112,4284256
23,50041920,100307712,4489984
24,52149600,104433856,4704576
25,54950800,110123968,4942912
26,57520320,115328448,5160896
27,60243520,120823168,5401856
28,63056240,126515712,5643520
29,65934640,132357824,5885696
