Backup ID, Online Delta_save, Offline Delta_save, Offline delta time, Offline dedelta time, Offline delete time, Offline Delta chunk num
0,7433574,45240662,5925,726,117,5199
1,11693958,71092278,10590,2885,234,7705
2,13942126,103921812,17819,6912,377,10907
3,16090360,132809171,26641,12800,536,13841
4,17913766,167291240,37466,20338,723,17128
5,20542723,200363317,50343,29857,928,20486
6,22068868,234777231,64947,40947,1152,24000
7,24299383,267873756,78929,51521,1378,27408
8,25939914,304018225,95079,63894,1629,31185
9,27420822,341133650,112575,77597,1902,34978
10,29773418,376502219,132255,93149,2198,39106
11,32480885,409287249,152720,110139,2482,42581
12,34500582,445896920,175182,128744,2793,46438
13,37317418,485077574,199919,149411,3127,50508
14,39681156,523608658,225900,171412,3475,54488
15,41832418,562085694,253532,195015,3845,58517
16,44940296,600606337,282773,220249,4223,62524
17,47425898,639094427,313858,247137,4609,66721
18,50135723,679343956,346362,275518,5025,70844
19,53439493,715475789,379600,305084,5417,74516
20,56171328,750344384,415221,336496,5860,78725
21,58433612,789014545,452500,369343,6298,83157
22,60830873,829045258,491623,403908,6789,87715
23,63365124,828329087,532234,440249,7243,91985
24,65781706,907595134,574777,478378,7740,96399
25,68789788,954430592,613453,512191,8263,101262
26,72562712,998450925,653473,547908,8750,105565
27,75653737,1039917096,695708,585291,9282,110417
28,78556289,1084432594,740714,625314,9865,115400
29,82532965,1124561341,787395,667198,10442,120197
