BackupID, OnlineSpeed(MB/s), Encalve ProcessTime(s), BackupSize, OnlineSize, OfflineSize, OfflineTime(s)
0, 448.68, 18.2558, 8588886016, 637118716, 625361665, 10.2456
1, 744.308, 11.0049, 8588886016, 685777941, 681731990, 6.86031
2, 720.086, 11.375, 8588886016, 780029745, 774108484, 9.52422
3, 732.956, 11.1753, 8588886016, 846645603, 841975157, 10.7951
4, 694.855, 11.7881, 8588886016, 936992715, 929271023, 12.7147
5, 684.089, 11.9736, 8588886016, 1039532144, 1033278726, 14.3472
6, 723.433, 11.3224, 8588886016, 1119488178, 1112991692, 15.9263
7, 685.655, 11.9462, 8588886016, 1225857532, 1218815867, 15.7257
8, 683.338, 11.9868, 8588886016, 1321796079, 1313962830, 17.7208
9, 710.24, 11.5327, 8588886016, 1410249364, 1400847178, 19.0416
10, 689.5, 11.8796, 8588886016, 1531989218, 1525333879, 21.2014
11, 711.468, 11.5128, 8588886016, 1622370170, 1614310859, 20.5675
12, 687.978, 11.9059, 8588886016, 1725934606, 1716448450, 23.0776
13, 650.14, 12.5988, 8588886016, 1857629670, 1847288218, 25.3068
14, 697.723, 11.7396, 8588886016, 1959305809, 1949025112, 26.484
15, 691.04, 11.8531, 8588886016, 2059067873, 2048771783, 27.9329
16, 674.411, 12.1454, 8588886016, 2186811919, 2176290706, 28.4101
17, 669.647, 12.2318, 8588886016, 2316291011, 2306779528, 30.7308
18, 663.275, 12.3493, 8588886016, 2437189996, 2425147876, 31.5191
19, 687.058, 11.9218, 8588886016, 2542800857, 2531676139, 31.4896
20, 655.79, 12.4903, 8588886016, 2664430758, 2658155119, 34.5407
21, 649.713, 12.6071, 8588886016, 2791271551, 2782099227, 35.7562
22, 647.977, 12.6409, 8588886016, 2947691967, 2937556952, 37.6063
23, 665.79, 12.3027, 8588886016, 3078222483, 3108056781, 37.9797
24, 661.943, 12.3742, 8588886016, 3245114677, 3195528005, 40.4184
25, 628.352, 13.0357, 8588886016, 3383472609, 3367897801, 38.8561
26, 634.724, 12.9048, 8588886016, 3537662989, 3521805486, 38.3618
27, 608.055, 13.4708, 8588886016, 3702747402, 3693015193, 41.3118
28, 623.419, 13.1388, 8588886016, 3880042247, 3867505339, 43.9347
29, 614.679, 13.3257, 8588886016, 4058718767, 4048993203, 44.9591
