Backup ID, Ecall, Inline_Ocall, Offline_Ocall, _Inline_FPOcall, _Inline_SFOcall, _Inline_LocalOcall, _Inline_LoadOcall, _Inline_DeltaOcall, _Inline_RecipeOcall, _Inline_Write_ContainerOcall, _inline_have_similar_chunk_num, _inline_need_load_container_num
0,4675,7973,115064,1143,1143,375,430,4298,584,161,6562,1365,
1,9342,14398,224118,1693,1693,630,507,8708,1167,178,9522,2291,
2,14001,20861,357657,2278,2278,955,561,13040,1749,204,13065,3467,
3,18652,27314,506182,2860,2860,1271,620,17373,2330,224,16321,4677,
4,23298,33790,676990,3457,3457,1626,678,21662,2910,249,19908,6085,
5,27929,40327,866166,4097,4097,1982,728,25935,3488,278,23812,7583,
6,32555,46794,1070751,4706,4706,2360,776,30181,4065,301,27571,9161,
7,37176,53342,1271679,5354,5354,2736,832,34424,4642,331,31403,10741,
8,41793,59897,1495779,6007,6007,3143,890,38632,5218,358,35496,12480,
9,46407,66445,1737697,6660,6660,3552,944,42835,5794,384,39501,14200,
10,51018,73135,2000305,7378,7378,4007,1013,46989,6370,418,44123,16217,
11,55635,79742,2255011,8054,8054,4392,1077,51219,6946,444,47995,17857,
12,60253,86393,2536951,8756,8756,4843,1132,55384,7522,473,52211,19708,
13,64876,93180,2843280,9522,9522,5305,1189,59543,8099,510,56858,21628,
14,69502,99927,3164648,10255,10255,5756,1269,63716,8676,539,61181,23551,
15,74130,106701,3504779,11004,11004,6260,1341,67838,9254,568,65525,25575,
16,78774,113587,3845773,11796,11796,6745,1421,71995,9834,604,70056,27556,
17,83425,120518,4205641,12610,12610,7271,1494,76118,10415,640,74679,29599,
18,88081,127457,4585469,13426,13426,7804,1566,80239,10996,674,79217,31768,
19,92747,134372,4953979,14223,14223,8277,1641,84430,11578,705,83370,33651,
20,97417,141448,5364721,15093,15093,8836,1726,88539,12161,740,88027,35852,
21,102093,148651,5778939,16029,16029,9423,1799,92626,12745,775,92800,38110,
22,106785,155970,6228021,17015,17015,10027,1870,96712,13331,818,97787,40484,
23,111491,163349,6661689,18021,18021,10595,1946,100848,13918,855,102450,42618,
24,116205,170758,7123987,19026,19026,11204,2045,104951,14506,891,107282,45052,
25,120942,178334,7599705,20108,20108,11872,2131,109018,15097,939,112648,47654,
26,125691,186129,8058897,21291,21291,12476,2220,113161,15690,983,117646,49931,
27,130456,194031,8556482,22507,22507,13179,2332,117221,16285,1030,123046,52617,
28,135243,202048,9090020,23772,23772,13904,2436,121281,16883,1078,128537,55454,
29,140048,210207,9625108,25105,25105,14634,2526,125354,17483,1127,134067,58207,
