Backup ID, Logical chunk num, Unique chunk num, Base chunk num, Delta chunk num, Logical chunk size, Unique chunk size, Base chunk size, Delta chunk size, LZ4_save size, Delta_save size, 
0,349658,181563,71689,109874,2869463040,1586581660,313578336,93387046,292576248,887040030
1,700527,225166,79842,145324,5748879360,2005085802,347660371,125694544,322546074,1209184813
2,1048641,266111,84265,181846,8606402560,2401076896,364603545,159198215,339009563,1538265573
3,1400928,309641,94189,215452,11506227200,2823542516,408455690,205892882,371527212,1837666732
4,1749773,350273,98454,251819,14379182080,3221877633,424792397,240449957,387199780,2169435499
5,2102412,391624,102561,289063,17284945920,3626123370,440183461,274965448,402488993,2508485468
6,2454706,434179,106754,327425,20191088640,4041790630,456062638,308837261,418092912,2858797819
7,2812109,475940,114429,361511,23129180160,4435403046,488400267,349606666,446467829,3150928284
8,3167314,516183,118634,397549,26049710080,4815972298,505635020,385031657,462474871,3462830750
9,3522400,556670,122730,433940,28969748480,5198324110,522160451,420578141,477938914,3777646604
10,3874982,595347,125762,469585,31867842560,5565605388,534780709,450443592,489662766,4090718321
11,4227381,634533,129099,505434,34764001280,5937267741,548465912,477985631,502426129,4408390069
12,4585507,676861,133530,543331,37705349120,6332317969,566683610,511809814,518510912,4735313633
13,4940662,717180,137001,580179,40626268160,6713959396,581024020,545303002,531848314,5055784060
14,5298219,756126,139738,616388,43568435200,7082753289,592263772,580562417,542238228,5367688872
15,5655036,794396,142131,652265,46505267200,7445443641,602162977,616761579,551496849,5675022236
16,6017260,834554,145718,688836,49483950080,7823476615,614527818,647817416,563904795,5997226586
17,6381829,874758,149030,725728,52483553280,8201432140,626924299,685367759,575922370,6313217712
18,6746630,914145,151916,762229,55485675520,8572341154,638779079,717571183,586850460,6629140432
19,7108426,954067,154963,799104,58467983360,8948973987,650364513,752759423,598075731,6947774320
20,7464498,993174,157893,835281,61400565760,9319044274,661752371,775304310,608770179,7273217414
21,7815621,1032218,160900,871318,64291246080,9690481972,672096812,809472179,619108477,7589804504
22,8163270,1070694,163639,907055,67153766400,10057353438,683559192,835027636,629860219,7908906391
23,8509462,1109121,166137,942984,70005688320,10423757412,693625539,867857744,639667184,8222606945
24,8857126,1147034,168268,978766,72872611840,10785938053,702395446,903952310,647704928,8531885369
25,9205823,1184724,170192,1014532,75747768320,11145427019,710202690,929298573,655165113,8850760643
26,9553238,1223126,172548,1050578,78613667840,11511966758,719908040,962323260,664350665,9165384793
27,9900471,1260887,174834,1086053,81478348800,11872768927,729388577,989056222,673415103,9480909025
28,10248239,1299161,177120,1122041,84350238720,12237946237,738530596,1018508031,682138671,9798768939
29,10596588,1337206,179213,1157993,87226378240,12600596594,746939819,1050467055,690264515,10112925205
30,10946481,1375853,181628,1194225,90117150720,12968055455,756731809,1084101883,699666944,10427554819
31,11291923,1413211,183545,1229666,92970352640,13325556050,765092193,1113452014,707432397,10739579446
32,11633491,1450134,185319,1264815,95788369920,13679895037,772608628,1143567245,714361317,11049357847
33,11980449,1491772,188059,1303713,98655385600,14076093037,783522741,1185612762,724423117,11382534417
34,12328874,1532659,190816,1341843,101536942080,14465034928,794394697,1229086370,734693243,11706860618
35,12678852,1573224,194020,1379204,104431165440,14850849290,805701608,1271051874,745703571,12028392237
36,13027926,1613137,196909,1416228,107317770240,15231135114,816813446,1293957950,756118901,12364244817
37,13379379,1652971,200068,1452903,110227466240,15609136396,829999241,1333751249,768301452,12677084454
38,13728163,1691563,202467,1489096,113113917440,15977195134,839489239,1366760103,777196320,12993749472
39,14076885,1730035,204952,1525083,116000757760,16345283035,849185723,1395452189,786481319,13314163804
40,14428208,1769259,207552,1561707,118909593600,16718145370,859422714,1429754949,796505488,13632462219
41,14776888,1807925,209998,1597927,121795717120,17086806716,869198240,1466153049,805910821,13945544606
42,15125521,1846954,212521,1634433,124680949760,17458129194,879522252,1504793490,815732346,14258081106
43,15474430,1885464,215166,1670298,127569377280,17824633621,890091711,1544796642,825692080,14564053188
44,15821608,1923538,217510,1706028,130441646080,18187892099,899931728,1576728107,834698977,14876533287
45,16170670,1961503,219609,1741894,133332664320,18550291606,908736682,1606137841,842918622,15192498461
46,16521828,1999608,221759,1777849,136244039680,18912830265,917233787,1630053370,851012418,15514530690
47,16873063,2038050,224341,1813709,139155404800,19278065298,927288976,1670912847,860954413,15818909062
48,17225102,2076957,226815,1850142,142071173120,19646653058,936952637,1706638795,870465748,16132595878
49,17574419,2115318,229059,1886259,144962355200,20012221789,946174261,1737865525,879263301,16448918702
50,17926301,2154337,231568,1922769,147876433920,20382505558,956377063,1780421826,888999881,16756706788
51,18271894,2192243,233842,1958401,150738626560,20744929295,965854177,1811439582,897884048,17069751488
52,18617702,2229865,235896,1993969,153603604480,21104158522,974409457,1844274473,905876396,17379598196
53,18965640,2267172,238004,2029168,156488765440,21459879139,983634984,1877754375,914291250,17684198530
54,19314713,2305354,240225,2065129,159383644160,21823151729,992931113,1904229097,923149412,18002842107
55,19663418,2344057,242752,2101305,162274867200,22191381180,1003251267,1939111396,932932987,18316085530
56,20013675,2383448,245254,2138194,165181665280,22565614286,1013401346,1978038174,942809989,18631364777
57,20362245,2421236,247206,2174030,168073625600,22926259665,1021251448,2010248799,950352664,18944406754
58,20711122,2460140,249574,2210566,170970521600,23297321455,1031056905,2036471109,959737114,19270056327
59,21060301,2497568,251681,2245887,173870110720,23653978445,1039286637,2065011298,967547927,19582132583
60,21409582,2535174,253506,2281668,176770754560,24012391341,1046820839,2104026349,974807272,19886736881
61,21758839,2573456,255704,2317752,179671726080,24376710915,1055395473,2132616059,983323240,20205376143
62,22110179,2612534,258410,2354124,182588170240,24746247844,1066438757,2160210174,993992397,20525606516
63,22458283,2651107,260676,2390431,185476454400,25113522953,1075598274,2188110205,1002981651,20846832823
64,22807536,2689545,262888,2426657,188373995520,25479224907,1084745032,2224696965,1011684760,21158098150
65,23153242,2727239,264633,2462606,191239946240,25840016130,1092116662,2254385956,1018693653,21474819859
66,23501375,2764639,266275,2498364,194128947200,26197711913,1099157007,2289743391,1025318661,21783492854
67,23849800,2802055,267933,2534122,197020743680,26555483219,1105905884,2316631144,1031745808,22101200383
68,24197521,2840113,270007,2570106,199907051520,26919495546,1114734682,2348112289,1040037019,22416611556
69,24546857,2878491,272106,2606385,202809763840,27285992635,1123337282,2385194473,1048615341,22728845539
70,24897909,2916854,274147,2642707,205728215040,27651087447,1131919961,2410372230,1056844230,23051951026
71,25251386,2955664,276373,2679291,208668569600,28019890005,1141030026,2436897786,1065552514,23376409679
72,25602695,2993999,278339,2715660,211589539840,28385267946,1149186247,2467238814,1073330511,23695512374
73,25952879,3031642,280178,2751464,214500464640,28744357655,1156474226,2500774411,1080239958,24006869060
74,26306780,3069665,282272,2787393,217447301120,29106010902,1165101025,2538617500,1088302373,24313990004
75,26661969,3108343,284814,2823529,220407265280,29473586437,1174700486,2583881520,1097761972,24617242459
76,27016854,3147052,287040,2860012,223364904960,29841213287,1183669773,2602815648,1106509466,24948218400
77,27372834,3185939,289086,2896853,226333276160,30210618529,1192078917,2633674539,1114796679,25270068394
78,27727488,3224888,291264,2933624,229288622080,30580456393,1200780895,2677017232,1123282024,25579376242
79,28083712,3263563,293439,2970124,232259921920,30947402258,1209115216,2707381111,1131588190,25899317741
80,28435875,3301590,295371,3006219,235194050560,31309801095,1216456283,2750998830,1138845470,26203500512
81,28788926,3339470,297146,3042324,238136698880,31670932755,1223846174,2774638474,1145848972,26526599135
82,29143842,3378802,299881,3078921,241094256640,32043527381,1234626524,2817994742,1155541171,26835364944
83,29499437,3417432,302081,3115351,244057620480,32411265351,1243967385,2843220430,1164476109,27159601427
84,29855034,3456001,304097,3151904,247020236800,32778427332,1251998305,2868699388,1172332870,27485396769
