Backup ID, FPindex, SFindex, Deltaindex
0,14525040,13159616,3819520
1,18013280,14627072,5122400
2,21288880,15393856,6405216
3,24771280,17203840,7519616
4,28021840,17939456,8853472
5,31329920,18651392,10105376
6,34734320,19380480,11377440
7,38075200,20761984,12515808
8,41294640,21460544,13784192
9,44533600,22118784,15011616
10,47627760,22611584,16206976
11,50762640,23115072,17401280
12,54148880,23866688,18662816
13,57374400,24435712,19890688
14,60490080,24865664,21096736
15,63551680,25230528,22289952
16,66764320,25676864,23516608
17,69980640,26214784,24746272
18,73131600,26745664,25967584
19,76325360,27177280,27193824
20,79453920,27677248,28400032
21,82577440,28048128,29595168
22,85655520,28584192,30780320
23,88729680,28984704,31972096
24,91762720,29316928,33157472
25,94777920,29602688,34335712
26,97850080,29959168,35527520
27,100870960,30326656,36696768
28,103932880,30666304,37883776
29,106976480,30985344,39068128
30,110068240,31344704,40266272
31,113056880,31640512,41434848
32,116010720,31903808,42588000
33,119341760,32334528,43881728
34,122612720,32756800,45145024
35,125857920,33109248,46393984
36,129050960,33550784,47631296
37,132237680,34127552,48855680
38,135325040,34513152,50060512
39,138402800,34898112,51256064
40,141540720,35311744,52470464
41,144634000,35695808,53672032
42,147756320,36085440,54883232
43,150837120,36457088,56072512
44,153883040,36843136,57257824
45,156920240,37146048,58445760
46,159968640,37468480,59632512
47,163044000,37863808,60820832
48,166156560,38251264,62025152
49,169225440,38588352,63222816
50,172346960,38974720,64432864
51,175379440,39296832,65610816
52,178389200,39612608,66785792
53,181373760,39916544,67950784
54,184428320,40247296,69134784
55,187524560,40632000,70325024
56,190675840,41024832,71540672
57,193698880,41299392,72722336
58,196811200,41680320,73924928
59,199805440,41937920,75095648
60,202813920,42232320,76273056
61,205876480,42529024,77460576
62,209002720,42965312,78666016
63,212088560,43307712,79861536
64,215163600,43665408,81053888
65,218179120,43923520,82235520
66,221171120,44160384,83409248
67,224164400,44403456,84582176
68,227209040,44691008,85763904
69,230279280,45023744,86954368
70,233348320,45330368,88147840
71,236453120,45681280,89351104
72,239519920,45968704,90546208
73,242531360,46243776,91721952
74,245573200,46551424,92901280
75,248667440,46851776,94093568
76,251764160,47246720,95295040
77,254875120,47563392,96504288
78,257991040,47906880,97711648
79,261085040,48242688,98912352
80,264127200,48484416,100096960
81,267157600,48780032,101282528
82,270304160,49068480,102489536
83,273394560,49496960,103688768
84,276480080,49791488,104889984
