Backup ID, Online Delta_save, Offline Delta_save, Offline delta time, Offline dedelta time, Offline delete time, Offline Delta chunk num
0,0,887040030,109874,0,213,109874
1,0,1209184813,194068,48744,430,145324
2,0,1538265573,303686,121840,672,181846
3,0,1837666732,431600,216148,948,215452
4,0,2169435499,592887,341068,1219,251819
5,0,2508485468,782314,493251,1513,289063
6,0,2858797819,1002461,675036,1821,327425
7,0,3150928284,1218861,857350,2175,361511
8,0,3462830750,1458416,1060867,2537,397549
9,0,3777646604,1714965,1281025,2918,433940
10,0,4090718321,1997606,1528021,3318,469585
11,0,4408390069,2298802,1793368,3747,505434
12,0,4735313633,2624714,2081383,4211,543331
13,0,5055784060,2968857,2388678,4696,580179
14,0,5367688872,3344924,2728536,5213,616388
15,0,5675022236,3729672,3077407,5714,652265
16,0,5997226586,4109999,3421163,6309,688836
17,0,6313217712,4511631,3785903,6882,725728
18,0,6629140432,4950362,4188133,7474,762229
19,0,6947774320,5398925,4599821,8082,799104
20,0,7273217414,5876410,5041129,8742,835281
21,0,7589804504,6320653,5449335,9413,871318
22,0,7908906391,6830067,5923012,10096,907055
23,0,8222606945,7353691,6410707,10778,942984
24,0,8531885369,7911342,6932576,11454,978766
25,0,8850760643,8489292,7474760,12141,1014532
26,0,9165384793,9085847,8035269,12880,1050578
27,0,9480909025,9708928,8622875,13604,1086053
28,0,9798768939,10345945,9223904,14423,1122041
29,0,10112925205,11001055,9843062,15240,1157993
30,0,10427554819,11676987,10482762,16092,1194225
31,0,10739579446,12353925,11124259,16883,1229666
32,0,11049357847,13055364,11790549,17642,1264815
33,0,11382534417,13759992,12456279,18663,1303713
34,0,11706860618,14479647,13137804,19677,1341843
35,0,12028392237,15103863,13724659,20713,1379204
36,0,12364244817,15767087,14350859,21649,1416228
37,0,12677084454,16465579,15012676,22662,1452903
38,0,12993749472,17201322,15712226,23664,1489096
39,0,13314163804,17945939,16420856,24630,1525083
40,0,13632462219,18701557,17139850,25655,1561707
41,0,13945544606,19474687,17876760,26654,1597927
42,0,14258081106,20263011,18628578,27729,1634433
43,0,14564053188,21021913,19351615,28739,1670298
44,0,14876533287,21793744,20087716,29818,1706028
45,0,15192498461,22588385,20846491,30827,1741894
46,0,15514530690,23397453,21619604,31886,1777849
47,0,15818909062,24196024,22382315,32956,1813709
48,0,16132595878,25024070,23173928,34078,1850142
49,0,16448918702,25884872,23998613,35176,1886259
50,0,16756706788,26717513,24794744,36270,1922769
51,0,17069751488,27553548,25595147,37279,1958401
52,0,17379598196,28412567,26418598,38303,1993969
53,0,17684198530,29284117,27254949,39263,2029168
54,0,18002842107,30183901,28118772,40278,2065129
55,0,18316085530,31095224,28993919,41362,2101305
56,0,18631364777,32024291,29886097,42427,2138194
57,0,18944406754,32962363,30788333,43436,2174030
58,0,19270056327,33936784,31726218,44575,2210566
59,0,19582132583,34877038,32631151,45688,2245887
60,0,19886736881,35857135,33575467,46726,2281668
61,0,20205376143,36836705,34518953,47775,2317752
62,0,20525606516,37829199,35475075,48922,2354124
63,0,20846832823,38851968,36461537,50014,2390431
64,0,21158098150,39890565,37463908,51145,2426657
65,0,21474819859,40947166,38484560,52236,2462606
66,0,21783492854,42026015,39527651,53293,2498364
67,0,22101200383,43138629,40604507,54406,2534122
68,0,22416611556,44244201,41674095,55530,2570106
69,0,22728845539,45364121,42757736,56660,2606385
70,0,23051951026,46520002,43877295,57868,2642707
71,0,23376409679,47687978,45008687,59056,2679291
72,0,23695512374,48879124,46163464,60226,2715660
73,0,24006869060,50063877,47312413,61340,2751464
74,0,24313990004,51243158,48455765,62556,2787393
75,0,24617242459,52359780,49536251,63820,2823529
76,0,24948218400,53567544,50707532,65029,2860012
77,0,25270068394,54787144,51890291,66179,2896853
78,0,25579376242,56041466,53107842,67407,2933624
79,0,25899317741,57303191,54333067,68595,2970124
80,0,26203500512,58543302,55537083,69731,3006219
81,0,26526599135,59818451,56776127,70913,3042324
82,0,26835364944,61017752,57938831,72255,3078921
83,0,27159601427,62341203,59225852,73541,3115351
84,0,27485396769,63667291,60515387,74759,3151904
