BackupID, OnlineSpeed(MB/s), Encalve ProcessTime(s), BackupSize, OnlineSize, OfflineSize, OfflineTime(s)
0, 155.61, 17.5858, 2869463040, 838586441, 406965382, 202.432
1, 322.021, 8.52748, 2879416320, 643278916, 473354915, 104.025
2, 326.78, 8.33938, 2857523200, 697857549, 523801760, 121.786
3, 323.236, 8.55564, 2899824640, 762285086, 614348572, 129.798
4, 331.046, 8.27639, 2872954880, 838791162, 665242354, 155.715
5, 324.912, 8.52894, 2905763840, 892716482, 715148909, 176.058
6, 322.803, 8.58579, 2906142720, 948551250, 764899899, 196.97
7, 328.365, 8.53314, 2938091520, 989072829, 838006933, 189.534
8, 330.276, 8.43305, 2920529920, 1055303890, 890666677, 209.808
9, 326.059, 8.54069, 2920038400, 1108926816, 942738592, 223.597
10, 329.189, 8.3959, 2898094080, 1153181337, 985224301, 239.39
11, 334.659, 8.25315, 2896158720, 1198068106, 1026451543, 254.758
12, 319.393, 8.78255, 2941347840, 1252640910, 1078493424, 268.626
13, 320.851, 8.68192, 2920919040, 1296328978, 1126327022, 282.712
14, 331.413, 8.46638, 2942167040, 1337464812, 1172826189, 301.883
15, 334.957, 8.36162, 2936832000, 1380622398, 1218924556, 307.048
16, 330.081, 8.60604, 2978682880, 1434631637, 1262345234, 299.62
17, 337.258, 8.48205, 2999603200, 1478113713, 1312292058, 321.188
18, 327.297, 8.74756, 3002122240, 1524312590, 1356350262, 337.042
19, 334.93, 8.49177, 2982307840, 1571304178, 1403123936, 350.144
20, 335.326, 8.34032, 2932582400, 1614724558, 1437056681, 364.377
21, 330.192, 8.34897, 2890680320, 1649409331, 1481568991, 341.971
22, 329.395, 8.28765, 2862520320, 1691778517, 1518586828, 379.133
23, 326.436, 8.33181, 2851921920, 1728499355, 1561483283, 400.295
24, 331.04, 8.25916, 2866923520, 1769308595, 1606347756, 422.774
25, 328.328, 8.35129, 2875156480, 1812665265, 1639501263, 439.421
26, 332.843, 8.21148, 2865899520, 1849513760, 1682231300, 453.365
27, 332.825, 8.20844, 2864680960, 1889199405, 1718444799, 464.422
28, 329.569, 8.31039, 2871889920, 1927729571, 1757038627, 472.893
29, 326.965, 8.38896, 2876139520, 1964941376, 1797406874, 492.063
30, 329.674, 8.36237, 2890772480, 2007805062, 1840833692, 502.48
31, 330.531, 8.23228, 2853201920, 2046176092, 1878544207, 499.632
32, 323.938, 8.29626, 2818017280, 2082391410, 1916175873, 515.111
33, 318.43, 8.58651, 2867015680, 2144355838, 1969135503, 523.176
34, 320.09, 8.5853, 2881556480, 2192881182, 2023481067, 541.164
35, 324.937, 8.4944, 2894223360, 2245027667, 2076753482, 466.019
36, 321.174, 8.57131, 2886604800, 2295168481, 2110771396, 498.998
37, 321.822, 8.62247, 2909696000, 2327631479, 2163750490, 511.044
38, 331.301, 8.30887, 2886451200, 2375290053, 2206249342, 538.721
39, 328.949, 8.36939, 2886840320, 2417610495, 2244637912, 552.12
40, 325.743, 8.51616, 2908835840, 2458463279, 2289177663, 556.705
41, 330.414, 8.33021, 2886123520, 2500785905, 2335351289, 563.888
42, 328.708, 8.37088, 2885232640, 2548254470, 2384315742, 574.005
43, 329.926, 8.34919, 2888427520, 2594740100, 2434888353, 563.577
44, 328.597, 8.33606, 2872268800, 2643485570, 2476659835, 562.123
45, 331.366, 8.32037, 2891018240, 2684749478, 2514874523, 581.174
46, 334.942, 8.28951, 2911375360, 2723007509, 2547287157, 585.436
47, 330.985, 8.38859, 2911365120, 2756746652, 2598201823, 576.579
48, 329.435, 8.4408, 2915768320, 2809479338, 2643591432, 597.449
49, 331.198, 8.32507, 2891182080, 2853309218, 2684039786, 620.252
50, 328.112, 8.46993, 2914078720, 2896272046, 2736798889, 607.797
51, 326.774, 8.35318, 2862192640, 2944531161, 2777293759, 608.446
52, 333.154, 8.20118, 2864977920, 2983420129, 2818683930, 622.156
53, 336.826, 8.16891, 2885160960, 3022969485, 2861389359, 638.002
54, 332.975, 8.29123, 2894878720, 3069550570, 2897160210, 655.584
55, 330.488, 8.34306, 2891223040, 3107988743, 2942362663, 659.36
56, 328.795, 8.43122, 2906798080, 3156213593, 2991439520, 670.981
57, 334.881, 8.23573, 2891960320, 3198160195, 3031500247, 676.359
58, 330.063, 8.37021, 2896896000, 3243549642, 3067528014, 698.611
59, 332.648, 8.31287, 2899589120, 3272183316, 3104297935, 678.908
60, 332.374, 8.32277, 2900643840, 3309798161, 3150847188, 699.017
61, 334.607, 8.26815, 2900971520, 3359342995, 3188011532, 708.109
62, 331.34, 8.39422, 2916444160, 3399439629, 3226648931, 723.884
63, 329.891, 8.34966, 2888284160, 3436912222, 3263708479, 726.908
64, 332.414, 8.31287, 2897541120, 3473131511, 3309441997, 745.749
65, 330.021, 8.28186, 2865950720, 3516423242, 3346502618, 757.571
66, 333.96, 8.24999, 2889000960, 3551756815, 3388900398, 773.709
67, 334.643, 8.24111, 2891796480, 3594156024, 3422537028, 799.641
68, 327.599, 8.40233, 2886307840, 3631062012, 3462846971, 788.805
69, 332.898, 8.31559, 2902712320, 3672455375, 3508531755, 796.371
70, 332.993, 8.35828, 2918451200, 3717562921, 3542292191, 830.138
71, 277.203, 10.1158, 2940354560, 3753243756, 3577927812, 831.925
72, 331.179, 8.41133, 2920970240, 3787179136, 3616425061, 847.965
73, 334.805, 8.29162, 2910924800, 3822381887, 3657248637, 845.087
74, 336.975, 8.33985, 2946836480, 3864377910, 3703718525, 843.172
75, 333.147, 8.47325, 2959964160, 3913899564, 3758582006, 795.582
76, 335.071, 8.41799, 2957639680, 3968765208, 3786485421, 842.687
77, 333.097, 8.49861, 2968371200, 3997585342, 3825753456, 862.045
78, 332.84, 8.46785, 2955345920, 4037114205, 3877798127, 884.808
79, 338.733, 8.36545, 2971299840, 4087561853, 3916496327, 887.467
80, 332.58, 8.41363, 2934128640, 4123976893, 3967455113, 878.509
81, 333.424, 8.4167, 2942648320, 4174248455, 3998484648, 899.896
82, 327.53, 8.61156, 2957557760, 4211771444, 4052621266, 843.684
83, 331.797, 8.51751, 2963363840, 4262944195, 4087187815, 908.608
84, 335.271, 8.42712, 2962616320, 4297261731, 4120697693, 925.973
