Backup ID, Ecall, Inline_Ocall, Offline_Ocall, _Inline_FPOcall, _Inline_SFOcall, _Inline_LocalOcall, _Inline_LoadOcall, _Inline_DeltaOcall, _Inline_RecipeOcall, _Inline_Write_ContainerOcall, _inline_have_similar_chunk_num, _inline_need_load_container_num
0,2734,8537,646190,2732,2732,2728,0,4,341,213,109874,38587,
1,5478,17105,1175474,5474,5474,5468,0,6,683,273,145324,58087,
2,8200,25604,1814655,8194,8194,8188,0,6,1022,330,181846,73301,
3,10955,34207,2542854,10947,10947,10940,0,7,1366,390,215452,88382,
4,13683,42725,3387858,13673,13673,13666,0,7,1706,447,251819,103098,
5,16440,51334,4348205,16428,16428,16421,0,7,2050,505,289063,117876,
6,19195,59937,5422201,19181,19181,19174,0,7,2394,564,327426,132425,
7,21990,68665,6536724,21974,21974,21966,0,8,2743,621,361512,148740,
8,24768,77339,7737375,24750,24750,24741,0,9,3089,676,397550,162817,
9,27545,86010,9014106,27525,27525,27516,0,9,3435,731,433941,179002,
10,30302,94619,10367890,30280,30280,30271,0,9,3779,784,469586,193827,
11,33058,103225,11834671,33034,33034,33025,0,9,4123,838,505435,208941,
12,35858,111968,13408198,35832,35832,35823,0,9,4472,895,543332,225568,
13,38635,120639,15060639,38607,38607,38598,0,9,4818,950,580181,242049,
14,41431,129370,16841994,41401,41401,41392,0,9,5167,1004,616390,257549,
15,44221,138082,18640026,44189,44189,44180,0,9,5515,1057,652267,272198,
16,47053,146925,20497728,47019,47019,47010,0,9,5868,1112,688838,290651,
17,49904,155828,22444125,49868,49868,49859,0,9,6224,1167,725730,307476,
18,52757,164735,24492131,52718,52718,52708,0,11,6580,1221,762231,325590,
19,55586,173569,26630492,55545,55545,55535,0,11,6933,1276,799106,343024,
20,58370,182262,28884411,58327,58327,58317,0,11,7280,1330,835283,360835,
21,61116,190836,31073701,61071,61071,61061,0,11,7622,1384,871320,378638,
22,63835,199324,33476068,63787,63787,63777,0,12,7961,1437,907057,396469,
23,66542,207777,35921566,66492,66492,66482,0,12,8299,1490,942986,412469,
24,69261,216267,38499640,69209,69209,69199,0,12,8638,1543,978768,428285,
25,71988,224782,41141937,71934,71934,71923,0,13,8978,1595,1014534,443583,
26,74705,233266,43933322,74649,74649,74638,0,13,9317,1648,1050580,459652,
27,77420,241744,46776277,77362,77362,77351,0,13,9656,1700,1086055,475859,
28,80139,250234,49758576,80079,80079,80068,0,13,9995,1753,1122043,491461,
29,82863,258740,52802784,82801,82801,82789,0,14,10335,1806,1157995,507583,
30,85599,267283,55949701,85535,85535,85523,0,14,10676,1859,1194228,523571,
31,88300,275717,59077103,88234,88234,88222,0,14,11013,1911,1229669,539632,
32,90971,284057,62249916,90903,90903,90891,0,14,11346,1963,1264818,555304,
33,93684,292528,65604697,93614,93614,93602,0,14,11684,2021,1303716,572452,
34,96409,301037,69024764,96337,96337,96324,0,15,12024,2078,1341846,589320,
35,99146,309583,72150832,99072,99072,99059,0,15,12365,2134,1379207,609244,
36,101876,318107,75379853,101800,101800,101787,0,15,12705,2189,1416231,627682,
37,104624,326688,78755018,104546,104546,104533,0,15,13048,2244,1452906,646991,
38,107351,335203,82267367,107271,107271,107258,0,15,13388,2298,1489099,664234,
39,110078,343718,85818983,109996,109996,109983,0,15,13728,2352,1525086,680178,
40,112825,352296,89428259,112741,112741,112728,0,15,14071,2406,1561710,696961,
41,115552,360811,93092573,115466,115466,115453,0,15,14411,2460,1597930,714274,
42,118278,369323,96854577,118190,118190,118177,0,15,14751,2514,1634436,731498,
43,121006,377841,100491272,120916,120916,120903,0,15,15091,2567,1670301,748505,
44,123721,386319,104197573,123629,123629,123616,0,15,15430,2620,1706031,766134,
45,126451,394843,107943059,126357,126357,126343,0,16,15770,2673,1741897,782677,
46,129197,403417,111762400,129101,129101,129087,0,16,16112,2726,1777852,799109,
47,131944,411995,115564103,131846,131846,131831,0,17,16455,2779,1813712,815810,
48,134697,420591,119503857,134597,134597,134582,0,17,16798,2833,1850145,833077,
49,137429,429122,123551738,137327,137327,137311,0,18,17139,2886,1886262,849495,
50,140181,437715,127545656,140077,140077,140061,0,18,17482,2940,1922772,866745,
51,142883,446152,131484659,142777,142777,142761,0,18,17819,2993,1958404,881729,
52,145587,454595,135502272,145479,145479,145463,0,18,18156,3045,1993972,896736,
53,148308,463091,139525004,148198,148198,148182,0,18,18495,3097,2029171,912479,
54,151038,471615,143661299,150926,150926,150910,0,18,18835,3150,2065132,928215,
55,153765,480130,147914787,153651,153651,153635,0,18,19175,3203,2101308,943458,
56,156504,488683,152186439,156388,156388,156372,0,18,19517,3257,2138197,959832,
57,159230,497195,156477400,159112,159112,159096,0,18,19857,3309,2174033,976140,
58,161958,505713,160981224,161838,161838,161822,0,18,20197,3363,2210569,992080,
59,164688,514237,165370955,164566,164566,164550,0,18,20537,3415,2245891,1007365,
60,167419,522765,169828648,167295,167295,167279,0,18,20878,3467,2281672,1024609,
61,170150,531293,174296124,170024,170024,170008,0,18,21219,3520,2317756,1041322,
62,172897,539871,178853523,172769,172769,172753,0,18,21562,3574,2354128,1057703,
63,175619,548370,183521765,175489,175489,175473,0,18,21901,3627,2390435,1073791,
64,178350,556898,188243429,178218,178218,178202,0,18,22242,3680,2426661,1090089,
65,181053,565338,193003947,180919,180919,180903,0,18,22579,3732,2462610,1105830,
66,183775,573837,197842995,183639,183639,183623,0,18,22918,3784,2498368,1120900,
67,186500,582346,202828662,186362,186362,186345,0,19,23258,3836,2534126,1137128,
68,189219,590836,207815889,189079,189079,189062,0,19,23597,3889,2570110,1153489,
69,191951,599367,212849477,191809,191809,191792,0,19,23938,3942,2606389,1169210,
70,194696,607938,218061067,194552,194552,194535,0,19,24280,3995,2642711,1185667,
71,197460,616569,223319267,197314,197314,197297,0,19,24625,4049,2679295,1201987,
72,200207,625147,228655246,200059,200059,200042,0,19,24968,4102,2715664,1217815,
73,202945,633696,233945905,202795,202795,202778,0,19,25309,4154,2751468,1234444,
74,205712,642336,239277679,205560,205560,205543,0,19,25654,4207,2787397,1250577,
75,208489,651007,244422544,208335,208335,208318,0,19,26000,4260,2823533,1268508,
76,211264,659672,249829170,211108,211108,211091,0,19,26346,4313,2860016,1286393,
77,214048,668365,255265607,213890,213890,213873,0,19,26693,4367,2896857,1302763,
78,216821,677024,260884286,216661,216661,216644,0,19,27039,4421,2933628,1318628,
79,219606,685720,266540116,219444,219444,219427,0,19,27386,4474,2970128,1334519,
80,222360,694319,272095153,222196,222196,222179,0,19,27729,4527,3006223,1351662,
81,225121,702940,277768710,224955,224955,224938,0,19,28073,4579,3042328,1367463,
82,227896,711605,283346253,227728,227728,227711,0,19,28419,4633,3078925,1386418,
83,230677,720289,289260609,230507,230507,230490,0,19,28766,4686,3115355,1405007,
84,233458,728973,295191337,233286,233286,233269,0,19,29113,4739,3151908,1421654,
