Backup ID, Logical chunk num, Unique chunk num, Base chunk num, Delta chunk num, Logical chunk size, Unique chunk size, Base chunk size, Delta chunk size, LZ4_save size, Delta_save size, 
0,598076,118229,113141,5088,8588886016,1032135022,620363304,7001650,360163835,44606233
1,1195194,131087,123025,8062,17177772032,1171401480,670697364,13353002,413168604,74182510
2,1791173,149943,138423,11520,25766658048,1368358678,756087780,21176474,483891467,107202957
3,2386184,164814,150158,14656,34355544064,1528865472,816748552,28411015,546885322,136820583
4,2980525,182825,164682,18143,42944430080,1719207135,897974724,36412951,614856934,169962526
5,3572942,204438,182507,21931,51533316096,1951922178,993355832,45603610,709185189,203777547
6,4164755,221561,196011,25550,60122202112,2137587443,1064808366,53807893,780654495,238316689
7,4755932,242885,213627,29258,68711088128,2361052678,1162911937,62692877,864378108,271069756
8,5346585,262903,229706,33197,77299974144,2573569874,1249676417,71517016,945602193,306774248
9,5936829,281759,244708,37051,85888860160,2774054407,1330623067,79743106,1022325886,341362348
10,6526705,307464,265943,41521,94477746176,3045410776,1444056859,89942217,1132989752,378421948
11,7117376,326216,280977,45239,103066632192,3242865686,1526514276,98001290,1207438056,410912064
12,7708121,347836,298533,49303,111655518208,3473193093,1621038555,106847366,1298512089,446795083
13,8299588,374837,321054,53783,120244404224,3759205714,1743578878,116968837,1413474461,485183538
14,8891445,396422,338479,57943,128833290240,3992611430,1837640734,125947066,1505915236,523108394
15,9483489,417887,355736,62151,137422176256,4224877819,1929221742,134980832,1599298802,561376443
16,10077606,443648,377119,66529,146011062272,4498147302,2048324695,144715364,1704921985,600185258
17,10672558,470248,399282,70966,154599948288,4782863934,2168857085,154500418,1820006255,639500176
18,11268152,494813,419440,75373,163188834304,5047681626,2279446795,164123032,1924772867,679338932
