Backup ID, FPindex, SFindex, Deltaindex
0,9458320,21478656,222048
1,10486960,23376320,372192
2,11995440,26332672,528992
3,13185120,28585792,667584
4,14626000,31374272,823232
5,16355040,34796608,986976
6,17724880,37389248,1148640
7,19430800,40771520,1309248
8,21032240,43858560,1485408
9,22540720,46738624,1656544
10,24597120,50815616,1852128
11,26097280,53702144,2018528
12,27826880,57072768,2201152
13,29986960,61396800,2398432
14,31713760,64742400,2586688
15,33430960,68055680,2779104
16,35491840,72161216,2974752
17,37619840,76416512,3174240
18,39585040,80286848,3373408
