BackupID, OnlineSpeed(MB/s), Encalve ProcessTime(s), BackupSize, OnlineSize, OfflineSize, OfflineTime(s)
0, 426.067, 19.2247, 8588886016, 627364954, 627364954, 0.001025
1, 681.259, 12.0233, 8588886016, 684050366, 684050366, 0.001127
2, 701.254, 11.6805, 8588886016, 777264254, 777264254, 0.001162
3, 714.456, 11.4647, 8588886016, 845159567, 845159567, 0.001384
4, 629.717, 13.0074, 8588886016, 934387675, 934387675, 0.001564
5, 661.776, 12.3773, 8588886016, 1038959442, 1038959442, 0.001661
6, 675.852, 12.1195, 8588886016, 1118616259, 1118616259, 0.001856
7, 661.982, 12.3734, 8588886016, 1225604814, 1225604814, 0.00191
8, 657.377, 12.4601, 8588886016, 1321193433, 1321193433, 0.001928
9, 656.822, 12.4706, 8588886016, 1410366173, 1410366173, 0.00216
10, 624.669, 13.1125, 8588886016, 1533999076, 1533999076, 0.002309
11, 638.308, 12.8324, 8588886016, 1624515566, 1624515566, 0.002404
12, 643.32, 12.7324, 8588886016, 1727885921, 1727885921, 0.002622
13, 609.633, 13.436, 8588886016, 1860547715, 1860547715, 0.002989
14, 630.348, 12.9944, 8588886016, 1963587800, 1963587800, 0.003232
15, 605.696, 13.5233, 8588886016, 2064202574, 2064202574, 0.003171
16, 597.418, 13.7107, 8588886016, 2193040059, 2193040059, 0.003178
17, 597.206, 13.7155, 8588886016, 2323357503, 2323357503, 0.003447
18, 609.387, 13.4414, 8588886016, 2443569827, 2443569827, 0.003561
