Backup ID, Ecall, Inline_Ocall, Offline_Ocall, _Inline_FPOcall, _Inline_SFOcall, _Inline_LocalOcall, _Inline_LoadOcall, _Inline_DeltaOcall, _Inline_RecipeOcall, _Inline_Write_ContainerOcall, _inline_have_similar_chunk_num, _inline_need_load_container_num, _inlineDeltaChunkNum, 
0,4675,4487,5,1143,1143,0,1044,573,584,159,6582,1378,5088
1,9342,6815,10,1693,1693,0,1246,1016,1167,174,9557,2272,8062
2,14001,9308,15,2278,2278,0,1514,1489,1749,199,13015,3471,11520
3,18652,11832,20,2860,2860,0,1813,1969,2330,217,16151,4775,14656
4,23298,14512,25,3457,3457,0,2222,2466,2910,241,19639,6340,18143
5,27929,17399,30,4097,4097,0,2709,3008,3488,268,23427,8084,21931
6,32555,20246,35,4706,4706,0,3262,3507,4065,289,27048,9883,25550
7,37176,23242,40,5354,5354,0,3858,4034,4642,317,30756,11715,29258
8,41793,26420,45,6007,6007,0,4605,4583,5218,342,34696,13739,33197
9,46407,29668,50,6660,6660,0,5438,5116,5794,366,38552,15795,37051
10,51018,33236,55,7378,7378,0,6362,5748,6370,398,43023,18079,41521
11,55635,36543,60,8054,8054,0,7184,6305,6946,422,46741,20074,45239
12,60253,39992,65,8756,8756,0,8057,6901,7522,449,50805,22284,49303
13,64876,43673,70,9522,9522,0,8988,7542,8099,483,55285,24592,53783
14,69502,47264,75,10255,10255,0,9912,8166,8676,510,59445,26921,57943
15,74130,51011,80,11004,11004,0,10931,8818,9254,537,63653,29362,62151
16,78774,54866,85,11796,11796,0,11943,9497,9834,570,68031,31823,66529
17,83425,58811,90,12610,12610,0,12970,10206,10415,604,72468,34353,70966
18,88081,62796,95,13426,13426,0,14030,10918,10996,635,76875,36921,75373
