Backup ID, Logical chunk num, Unique chunk num, Base chunk num, Delta chunk num, Logical chunk size, Unique chunk size, Base chunk size, Delta chunk size, LZ4_save size, Delta_save size, 
0,47270,45091,44720,371,374824960,355493664,225844017,271790,126493673,2884184
1,93760,63193,54900,8293,741068800,495103669,276129932,1180010,156728883,61064844
2,140254,80435,64732,15703,1108418560,629979924,325039468,2219543,187127667,115593246
3,186916,97135,73448,23687,1477611520,759367472,368777357,3318028,214008009,173264078
4,233561,111930,80733,31197,1846190080,875009206,403992079,4153025,238556215,228307887
5,271616,126584,88330,38254,2149201920,988912863,438930118,5051213,264639429,280292103
6,333509,182509,140635,41874,2647705600,1439024217,687888635,7155376,438044476,305935730
7,375631,217536,165804,51732,2997319680,1732574333,799849586,16672950,535423569,380628228
8,419564,249310,183944,65366,3364526080,1998004082,889338752,24891690,593214966,490558674
9,463497,249332,183954,65378,3731732480,1998126473,889347075,25021503,593245345,490512550
10,511234,257100,189409,67691,4109803520,2059446492,916412405,24733704,611327078,506973305
11,550375,262844,192904,69940,4422103040,2104629607,932118688,24975175,625334480,522201264
12,589502,277512,200576,76936,4734248960,2218783128,969040312,25791007,650566367,573385442
13,652520,280730,201075,79655,5241784320,2241418287,971042564,26484731,652106976,591784016
14,717905,300858,210456,90402,5764464640,2400783295,1013180865,27914805,683193558,676494067
15,783325,316129,216501,99628,6287237120,2525462985,1042477247,28613780,704140282,750231676
16,829595,341773,227065,114708,6673735680,2745488039,1089111638,41382624,747812972,867180805
17,875466,350721,228550,122171,7057971200,2823472834,1094760316,50409692,753821773,924481053
18,923854,357394,232730,124664,7442227200,2876277470,1113234250,49719734,770806235,942517251
19,971484,363629,236139,127490,7817871360,2924628193,1127433905,49812019,785088846,962293423
20,1019179,369592,239262,130330,8194682880,2971142827,1140111870,50092587,798915061,982023309
21,1067026,375496,242271,133225,8573368320,3017413239,1152009086,50341980,812801622,1002260551
22,1112897,375519,242282,133237,8957603840,3017536324,1152020126,51329757,812830644,1001355797
23,1158768,375540,242285,133255,9341839360,3017643824,1152021483,51332836,812843111,1001446394
24,1207545,391103,250935,140168,9731287040,3147129212,1198227310,52206403,838953917,1057741582
25,1256392,394790,251753,143037,10121338880,3173146392,1202434624,52469462,840518983,1077723323
26,1305302,398504,252288,146216,10512404480,3198894091,1204292992,52669040,842204080,1099727979
27,1354172,412295,258063,154232,10903429120,3314601417,1233310246,53507414,862290820,1165492937
28,1402940,415863,258716,157147,11293941760,3340115247,1237219633,53700789,863368748,1185826077
29,1443085,436186,267579,168607,11619184640,3504542465,1280808632,55998778,892120291,1275614764
30,1483217,452933,273988,178945,11944468480,3640857118,1311162437,57109049,914627633,1357957999
31,1523363,455386,274383,181003,12269639680,3659050396,1313327704,57293622,915481982,1372947088
32,1563546,457878,274889,182989,12595281920,3677505788,1316217573,57460837,916464060,1387363318
33,1603775,460343,275415,184928,12921047040,3695746745,1319232732,57633625,917579276,1401301112
34,1648884,470364,279427,190937,13298063360,3789919389,1331209394,71643942,944149710,1442916343
35,1694029,478149,280409,197740,13675489280,3861312313,1335191399,80669787,948364238,1497086889
36,1741440,485699,281015,204684,14072944640,3929958353,1337966198,88518842,950669644,1552803669
37,1788524,505702,286152,219550,14468106240,4101652910,1363770755,100428461,966891672,1670562022
38,1835523,513397,287187,226210,14863370240,4171832822,1367795173,111326783,973152330,1719558536
39,1876216,530689,295914,234775,15191316480,4311487807,1411103222,113288306,999547703,1787548576
40,1913449,545953,300843,245110,15492782080,4436563133,1435309438,115775371,1015533974,1869944350
41,1950738,563025,306757,256268,15794718720,4575785202,1464694109,117832601,1033974139,1959284353
42,1988065,578196,312762,265434,16096768000,4699732147,1495932987,119153776,1051336014,2033309370
43,2025433,582690,314030,268660,16399237120,4732139714,1501634964,119810509,1055126992,2055567249
44,2074134,597635,321600,276035,16789903360,4856818378,1541310617,122587173,1079408639,2113511949
45,2122847,600194,322196,277998,17180590080,4875734367,1545041594,122666985,1080408113,2127617675
46,2171519,603472,322664,280808,17570560000,4899115325,1547388694,122840654,1081732720,2147153257
47,2220326,618425,328107,290318,17961431040,5021636387,1571987162,122928157,1102264848,2224456220
48,2257694,618450,328114,290336,18263900160,5021781860,1571991776,122930623,1102292499,2224566962
49,2307202,622086,329988,292098,18659973120,5049354401,1585356503,123000030,1103959515,2237038353
50,2356622,624875,330682,294193,19055656960,5069977693,1589918392,123423199,1104885490,2251750612
51,2405612,636347,334833,301514,19468840960,5177786411,1606035597,142384147,1127932787,2301433880
52,2447006,637794,335299,302495,19802460160,5189341117,1609121357,142713812,1128690830,2308815118
53,2484962,639336,335961,303375,20109813760,5201673249,1613821264,142774450,1129422743,2315654792
54,2522969,640807,336446,304361,20417689600,5213578195,1617138268,142819425,1130080424,2323540078
55,2561009,642051,336749,305302,20725667840,5223559501,1619051452,142934571,1130661500,2330911978
56,2599098,643311,337013,306298,21034076160,5233628060,1620571274,143004238,1131206174,2338846374
57,2639876,645916,337607,308309,21364449280,5252952705,1624145373,143614426,1132210370,2352982536
58,2680677,648640,338283,310357,21695129600,5273120641,1628318548,144116218,1133250527,2367435348
59,2721490,651174,338703,312471,22025707520,5292001087,1630720637,144101177,1134095353,2383083920
60,2762338,653720,339124,314596,22356746240,5310963607,1633236432,144276738,1134894971,2398555466
61,2803249,656273,339523,316750,22687907840,5329807731,1635468019,144447180,1135682958,2414209574
62,2850269,667060,341429,325631,23082076160,5426033199,1641960959,154078982,1146374781,2483618477
63,2897423,675589,342062,333527,23477360640,5503728992,1644753316,163677327,1148752940,2546545409
64,2946849,684080,342732,341348,23892674560,5580869610,1647475330,173219568,1151627910,2608546802
65,2995937,692541,343322,349219,24305715200,5657844301,1649765780,182189596,1154179930,2671708995
66,3034026,692567,343335,349232,24614123520,5657992401,1649779359,182193709,1154231084,2671788249
67,3083892,695994,344908,351086,25014067200,5683878422,1658308300,181827652,1158128738,2685613732
68,3133068,710148,351188,358960,25406832640,5802337491,1691370230,182705418,1178284126,2749977717
69,3182530,712856,351937,360919,25803069440,5822555219,1696611458,182883277,1179263817,2763796667
70,3220619,712881,351942,360939,26111477760,5822699186,1696614308,182885131,1179284007,2763915740
71,3263035,735096,372663,362433,26455859200,6005656824,1813491824,183853351,1233618966,2774692683
72,3307336,746419,381585,364834,26815508480,6098796294,1861845884,184523102,1259278507,2793148801
73,3350218,752391,386045,366346,27163023360,6147772247,1886866692,184725072,1270895335,2805285148
74,3393144,753605,386377,367228,27510743040,6157487549,1889110326,185039318,1271371825,2811966080
75,3436144,759571,389938,369633,27858503680,6204746036,1906719356,185211799,1282371892,2830442989
76,3479144,762358,390599,371759,28206233600,6225611499,1910258122,185255582,1283979063,2846118732
77,3523445,770570,395783,374787,28565800960,6291053095,1935465823,185568289,1301434658,2868584325
78,3567732,772866,396205,376661,28925265920,6310049010,1937652006,186575278,1302786343,2883035383
79,3612081,781297,401128,380169,29285120000,6376027080,1960678978,186476937,1319949988,2908921177
80,3656412,784282,401648,382634,29644994560,6399193338,1962975258,186855491,1321767263,2927595326
81,3700674,787566,402512,385054,30004213760,6425556325,1967510412,186924118,1324000187,2947121608
82,3740691,798725,412107,386618,30326528000,6515039713,2020081854,188023833,1348477493,2958456533
83,3783372,805381,416560,388821,30671964160,6567954497,2043207784,188272033,1361344275,2975130405
84,3825950,810353,419914,390439,31016939520,6607659097,2060560210,188885334,1371372960,2986840593
85,3868596,815960,422589,393371,31362539520,6650687784,2078042907,189185163,1375331601,3008128113
86,3910995,819466,423489,395977,31706787840,6677029366,2083076996,189331642,1377546872,3027073856
87,3953403,821838,423777,398061,32051159040,6694505446,2084129945,189278468,1378612591,3042484442
88,3997704,821859,423782,398077,32410808320,6694628515,2084138415,189278423,1378637659,3042574018
89,4042378,824073,425701,398372,32773447680,6712487789,2098701828,189597483,1379778205,3044410273
90,4086956,826102,426813,399289,33135206400,6728833826,2107300337,189817829,1380384415,3051331245
91,4131606,827496,427181,400315,33497640960,6740028415,2109745052,189694901,1380929552,3059658910
92,4176284,834288,431356,402932,33860229120,6794113241,2129365019,190406250,1395860115,3078481857
93,4220932,838026,432018,406008,34222755840,6822115611,2131901431,192427593,1398138870,3099647717
94,4265582,838047,432023,406024,34585190400,6822244413,2131905282,192430368,1398158229,3099750534
