Backup ID, FPindex, SFindex, Deltaindex
0,3607280,8546496,19680
1,5055440,10491072,519040
2,6434800,12372224,831424
3,7770800,14036608,1135136
4,8954400,15427904,1414880
5,10126720,16878016,1684832
6,14600720,26859584,1848576
7,17402880,31603968,2368992
8,19944800,35033472,2964448
9,19946560,35035392,2965152
10,20568000,36079616,3048256
11,21027520,36748864,3136576
12,22200960,38208448,3388896
13,22458400,38302912,3521856
14,24068640,40095104,3950496
15,25290320,41249088,4269248
16,27341840,43240896,4858912
17,28057680,43487296,5161920
18,28591520,44286784,5255968
19,29090320,44937984,5362016
20,29567360,45533888,5464576
21,30039680,46108928,5568576
22,30041520,46111040,5569152
23,30043200,46111616,5569984
24,31288240,47766784,5810080
25,31583200,47921600,5923552
26,31880320,48021760,6037152
27,32983600,49124608,6326688
28,33269040,49247360,6428800
29,34894880,50934976,6850240
30,36234640,52153408,7207840
31,36430880,52227456,7281728
32,36630240,52322752,7353056
33,36827440,52413120,7423584
34,37629120,53149504,7638720
35,38251920,53313984,7909184
36,38855920,53414400,8148192
37,40456160,54350784,8664384
38,41071760,54508864,8896000
39,42455120,56171136,9193920
40,43676240,57101184,9589472
41,45042000,58218112,9988832
42,46255680,59358272,10308384
43,46615200,59596672,10427040
44,47810800,61041920,10685312
45,48015520,61154240,10757632
46,48277760,61237632,10858240
47,49474000,62273088,11198880
48,49476000,62274432,11199872
49,49766880,62631808,11258432
50,49990000,62763712,11338464
51,50907760,63529984,11603456
52,51023520,63617216,11652448
53,51146880,63741440,11686304
54,51264560,63833024,11723776
55,51364080,63888512,11756256
56,51464880,63936000,11790944
57,51673280,64047680,11866048
58,51891200,64176000,11942048
59,52093920,64254976,12016256
60,52297600,64332864,12089312
61,52501840,64404288,12162176
62,53364800,64751680,12504384
63,54047120,64841408,12787584
64,54726400,64952128,13049696
65,55403280,65019136,13317248
66,55405360,65021504,13317856
67,55679520,65321984,13380448
68,56811840,66518528,13649664
69,57028480,66659840,13719744
70,57030480,66660672,13720608
71,58807680,70633856,13805120
72,59713520,72345280,13924896
73,60191280,73198400,13995520
74,60288400,73261376,14028384
75,60765680,73943232,14116256
76,60988640,74066368,14190560
77,61645600,75056448,14298848
78,61829280,75133184,14375200
79,62503760,76070272,14499488
80,62742560,76168640,14595520
81,63005280,76329600,14687456
82,63898000,78168256,14760000
83,64430480,79018688,14852544
84,64828240,79660288,14914944
85,65276800,80166592,15021440
86,65557280,80336320,15110208
87,65747040,80387456,15179904
88,65748720,80388288,15180640
89,65925840,80756224,15191264
90,66088160,80969472,15242112
91,66199680,81038464,15282688
92,66743040,81837504,15378176
93,67042080,81959872,15495360
94,67043760,81960832,15496032
