Backup ID, Online Delta_save, Offline Delta_save, Offline delta time, Offline dedelta time, Offline delete time, Offline Delta chunk num
0,347875,2536309,338,10,28,328
1,45252221,15812623,2312,173,88,2139
2,52760839,62832407,13275,4731,171,8544
3,56683470,116580608,30778,14779,265,15999
4,61351302,166956585,51043,28198,372,22845
5,63874768,216417335,74666,45091,480,29575
6,66160726,239775004,83651,50728,596,32923
7,100336157,280292071,94801,56047,731,38754
8,103181614,387377060,120800,68813,887,51987
9,103218220,387294330,120982,68989,896,51993
10,105229290,401744015,132796,78742,998,54054
11,107766398,414434866,143399,87437,1089,55962
12,109410317,463975125,177137,114403,1281,62734
13,112072872,479711144,186996,121895,1364,65101
14,120335724,556158343,215806,141118,1535,74688
15,125922830,624308846,248092,164955,1671,83137
16,133467981,733712824,295521,198207,1849,97314
17,135056592,789424461,318077,213477,1960,104600
18,136588999,805928252,336603,229703,2127,106900
19,139214431,823078992,357186,247821,2278,109365
20,143260147,838763162,378441,266772,2397,111669
21,144602052,857658499,403672,289300,2524,114372
22,144644944,856710853,403973,289595,2533,114378
23,144702195,856744199,404281,289896,2538,114385
24,145922751,911818831,447296,326171,2707,121125
25,150606975,927116348,465326,341959,2856,123367
26,153664882,946063097,488564,362445,2995,126119
27,155672820,1009820117,541269,407400,3154,133869
28,159103386,1026722691,566220,429891,3281,136329
29,161746144,1113868620,631578,484109,3560,147469
30,163374120,1194583879,701944,544355,3775,157589
31,164569130,1208377958,721898,562407,3887,159491
32,167166028,1220197290,741418,580282,3977,161136
33,168400995,1232900117,762894,599987,4056,162907
34,168518754,1274397589,783906,615007,4152,168899
35,169865719,1327221170,808223,632675,4246,175548
36,169905286,1382898383,839794,657308,4353,182486
37,171031613,1499530409,936651,739429,4599,197222
38,171493951,1548064585,972510,768689,4711,203821
39,172803684,1614744892,1045639,833434,4978,212205
40,181242033,1688702317,1123734,902178,5217,221556
41,183356671,1775927682,1213710,981248,5460,232462
42,185106143,1848203227,1301751,1060365,5725,241386
43,186068986,1869498263,1332698,1088210,5889,244488
44,187105826,1926406123,1420811,1169081,6205,251730
45,190255738,1937361937,1448111,1194835,6328,253276
46,191721107,1955432150,1485468,1229583,6528,255885
47,193818707,2030637513,1593693,1328600,6844,265093
48,193877043,2030689919,1593738,1328637,6851,265101
49,195548701,2041489652,1627612,1360961,6983,266651
50,199269384,2052481228,1659656,1391395,7101,268261
51,199362270,2102071610,1697887,1422319,7290,275568
52,200809793,2108005325,1705164,1428797,7380,276367
53,200911852,2114742940,1713252,1436019,7453,277233
54,201144663,2122395415,1721521,1443338,7508,278183
55,201247782,2129664196,1730734,1451624,7562,279110
56,201656212,2137190162,1740102,1460050,7603,280052
57,202278197,2150704339,1772299,1490308,7778,281991
58,203648251,2163787097,1803881,1520023,7905,283858
59,204714525,2178369395,1838348,1552507,8027,285841
60,207095967,2191459499,1871584,1583921,8134,287663
61,208451757,2205757817,1906906,1617277,8232,289629
62,209058847,2274559630,1972925,1674491,8516,298434
63,209533331,2337012078,2022654,1716391,8677,306263
64,209696608,2398850194,2079286,1765222,8852,314064
65,209883087,2461825908,2142726,1820819,9039,321907
66,209912618,2461875631,2142813,1820897,9049,321916
67,210356496,2475257236,2185020,1861312,9257,323708
68,211009973,2538967744,2300168,1968674,9569,331494
69,213167682,2550628985,2343019,2009849,9737,333170
70,213181495,2550734245,2343066,2009879,9751,333187
71,216693406,2557999277,2347179,2012988,9944,334191
72,222786367,2570362434,2352564,2016714,10063,335850
73,224121354,2581163794,2356948,2019750,10147,337198
74,224576857,2587389223,2360631,2022614,10174,338017
75,225860476,2604582513,2369463,2029201,10250,340262
76,227195639,2618923093,2380954,2038737,10377,342217
77,229187401,2639396924,2396487,2051507,10487,344980
78,230498510,2652536873,2405777,2059086,10543,346691
79,231179522,2677741655,2427204,2077091,10695,350113
80,234754978,2692840348,2442932,2090778,10782,352154
81,235346257,2711775351,2459454,2104958,10852,354496
82,237908164,2720548369,2467405,2111663,11067,355742
83,238562429,2736567976,2481155,2123293,11204,357862
84,239518589,2747322004,2492363,2133017,11322,359346
85,240211678,2767916435,2515094,2152907,11503,362187
86,241046101,2786027755,2539621,2174949,11611,364672
87,241937905,2800546537,2561313,2194685,11716,366628
88,241946983,2800627035,2561371,2194729,11735,366642
89,242164949,2802245324,2565655,2198744,11800,366911
90,243552712,2807778533,2569665,2202015,11843,367650
91,243799768,2815859142,2575607,2206964,11894,368643
92,244534927,2833946930,2595845,2224679,12048,371166
93,245809220,2853838497,2618817,2244725,12175,374092
94,245868866,2853881668,2618860,2244759,12184,374101
