BackupID, OnlineSpeed(MB/s), Encalve ProcessTime(s), BackupSize, OnlineSize, OfflineSize, OfflineTime(s)
0, 99.3442, 3.59821, 374824960, 227497332, 226115807, 0.936104
1, 185.356, 1.88436, 366243840, 286548667, 277309942, 3.8158
2, 191.844, 1.82613, 367349760, 362035712, 327259011, 14.8055
3, 202.573, 1.73809, 369192960, 410712956, 372095385, 20.7175
4, 202.128, 1.73901, 368578560, 446636755, 408145104, 21.0813
5, 193.622, 1.49246, 303011840, 481547392, 443981331, 24.135
6, 104.209, 4.56208, 498503680, 708182369, 695044011, 10.0432
7, 114.398, 2.91455, 349614080, 831631151, 816522536, 14.1935
8, 126.427, 2.76995, 367206400, 962420503, 914230442, 31.6986
9, 652.011, 0.5371, 367206400, 914244696, 914368578, 0.333888
10, 320.494, 1.125, 378071040, 948928591, 941146109, 10.3654
11, 338.105, 0.880886, 312299520, 963507885, 957093863, 9.80331
12, 203.564, 1.46237, 312145920, 1031393158, 994831319, 30.154
13, 482.099, 1.00399, 507535360, 1006536276, 997527295, 9.69641
14, 227.535, 2.19073, 522680320, 1086808282, 1041095670, 31.7147
15, 261.036, 1.90991, 522772480, 1110772112, 1071091027, 32.9931
16, 153.445, 2.40212, 386498560, 1176027203, 1130494262, 48.8112
17, 301.069, 1.21711, 384235520, 1161528904, 1145170008, 22.8248
18, 333.173, 1.09989, 384256000, 1172251768, 1162953984, 13.8728
19, 356.449, 1.00503, 375644160, 1187289286, 1177245924, 17.2096
20, 364.658, 0.98546, 376811520, 1199678585, 1190204457, 17.586
21, 360.141, 1.00278, 378685440, 1213910554, 1202351066, 20.5556
22, 677.869, 0.54057, 384235520, 1202366720, 1203349883, 0.343059
23, 643.737, 0.569232, 384235520, 1203361295, 1203354319, 0.193103
24, 213.565, 1.73908, 389447680, 1282405647, 1250433713, 36.6312
25, 427.166, 0.870815, 390051840, 1263962697, 1254904086, 15.368
26, 435.81, 0.855762, 391065600, 1268819084, 1256962032, 17.6021
27, 229.615, 1.62407, 391024640, 1325359969, 1286817660, 45.6147
28, 419.347, 0.8881, 390512640, 1301526963, 1290920422, 20.089
29, 158.806, 1.95318, 325242880, 1388424249, 1336807410, 56.3156
30, 185.986, 1.66795, 325283840, 1417205066, 1368271486, 62.1286
31, 460.727, 0.673083, 325171200, 1379811152, 1370621326, 15.6922
32, 448.387, 0.692608, 325642240, 1381580906, 1373678410, 15.3621
33, 459.163, 0.676609, 325765120, 1385253686, 1376866357, 16.9821
34, 281.336, 1.27801, 377016320, 1409693048, 1402853336, 20.7789
35, 329.405, 1.0927, 377425920, 1430340910, 1415861186, 23.1331
36, 335.846, 1.12862, 397455360, 1443201842, 1426485040, 27.9498
37, 186.82, 2.01721, 395161600, 1513749766, 1464199216, 83.2514
38, 333.281, 1.13104, 395264000, 1491659922, 1479121956, 31.3012
39, 180.237, 1.73524, 327946240, 1563772102, 1524391528, 58.0413
40, 181.607, 1.58309, 301465600, 1594479572, 1551084809, 66.8907
41, 164.924, 1.74596, 301936640, 1635314169, 1582526710, 72.6835
42, 183.074, 1.57345, 302049280, 1658399535, 1615086763, 74.0727
43, 361.426, 0.798109, 302469120, 1634338787, 1621445473, 25.5266
44, 222.165, 1.67699, 390666240, 1696625403, 1663897790, 64.0728
45, 473.103, 0.787541, 390686720, 1674687798, 1667708579, 22.0124
46, 436.542, 0.851932, 389969920, 1681502313, 1670229348, 26.7754
47, 215.47, 1.73, 390871040, 1741454129, 1694915319, 80.5579
48, 623.954, 0.462305, 302469120, 1694935206, 1694922399, 0.162328
49, 407.984, 0.925832, 396072960, 1714371351, 1708356533, 24.4049
50, 463.903, 0.813432, 395683840, 1720129882, 1713341591, 23.3848
51, 274.035, 1.43793, 413184000, 1752851528, 1748419744, 35.0464
52, 526.105, 0.604754, 333619200, 1757132088, 1751835169, 6.48587
53, 504.749, 0.580715, 307353600, 1762632599, 1756595714, 6.69044
54, 477.907, 0.614373, 307875840, 1766985092, 1759957693, 6.66466
55, 527.651, 0.556639, 307978240, 1768580118, 1761986023, 7.52801
56, 502.153, 0.58572, 308408320, 1770570337, 1763575512, 6.99086
57, 425.546, 0.740387, 330373120, 1776432592, 1767759799, 22.9742
58, 437.889, 0.720185, 330680320, 1781074418, 1772434766, 24.3908
59, 442.045, 0.713194, 330577920, 1784811854, 1774821814, 25.5491
60, 461.314, 0.684356, 331038720, 1786496260, 1777513170, 23.6754
61, 467.633, 0.67536, 331161600, 1789797883, 1779915199, 24.5607
62, 270.77, 1.38829, 394168320, 1816933600, 1796039941, 54.8769
63, 314.588, 1.19831, 395284480, 1826668332, 1808430643, 41.4388
64, 328.769, 1.20472, 415313920, 1839058589, 1820694898, 45.7846
65, 314.292, 1.25331, 413040640, 1851135144, 1831955376, 52.427
66, 645.427, 0.4557, 308408320, 1831981470, 1831973068, 0.129861
67, 434.702, 0.87742, 399943680, 1848233672, 1840135952, 26.1036
68, 218.07, 1.71766, 392765440, 1911809872, 1874075648, 90.2492
69, 405.433, 0.932042, 396236800, 1886555146, 1879494735, 32.4197
70, 623.603, 0.471648, 308408320, 1879526460, 1879499439, 0.09304
71, 149.657, 2.19454, 344381440, 2001381773, 1997345175, 5.30122
72, 244.706, 1.40163, 359649280, 2053546015, 2046368986, 5.86907
73, 326.821, 1.01406, 347514880, 2080116710, 2071591764, 4.70276
74, 547.118, 0.606106, 347719680, 2079860996, 2074149644, 2.9873
75, 345.682, 0.959408, 347760640, 2104002306, 2091931155, 7.54928
76, 450.123, 0.736735, 347729920, 2105439594, 2095513704, 9.63576
77, 297.158, 1.15396, 359567360, 2134369850, 2121034112, 12.3662
78, 462.352, 0.741454, 359464960, 2133025153, 2124227284, 7.77438
79, 298.012, 1.15158, 359854080, 2162994208, 2147155915, 17.3104
80, 429.283, 0.799479, 359874560, 2160279972, 2149830749, 13.1253
81, 432.093, 0.792834, 359219200, 2166701318, 2154434530, 12.0878
82, 235.527, 1.30508, 322314240, 2212870666, 2208105687, 7.73237
83, 315.768, 1.04328, 345436160, 2241848579, 2231479817, 11.7618
84, 361.131, 0.911011, 344975360, 2256908150, 2249445544, 9.01149
85, 341.331, 0.965603, 345600000, 2280649647, 2267228070, 16.2777
86, 398.133, 0.8246, 344248320, 2284370282, 2272408638, 17.7554
87, 472.934, 0.694427, 344371200, 2284007626, 2273408413, 15.6648
88, 614.679, 0.557996, 359649280, 2273433262, 2273416838, 0.190136
89, 498.626, 0.693586, 362639360, 2289328963, 2288299311, 3.49244
90, 498.162, 0.692546, 361758720, 2302161523, 2297118166, 3.24898
91, 554.232, 0.623646, 362434560, 2306845980, 2299439953, 4.5166
92, 320.795, 1.07792, 362588160, 2331937152, 2319771269, 15.5389
93, 419.491, 0.824172, 362526720, 2336169590, 2324329024, 18.4827
94, 651.843, 0.530257, 362434560, 2324342415, 2324335650, 0.14701
