Backup ID, Ecall, Inline_Ocall, Offline_Ocall, _Inline_FPOcall, _Inline_SFOcall, _Inline_LocalOcall, _Inline_LoadOcall, _Inline_DeltaOcall, _Inline_RecipeOcall, _Inline_Write_ContainerOcall, _inline_have_similar_chunk_num, _inline_need_load_container_num
0,372,1293,23429,370,370,47,137,323,46,59,515,159,
1,738,2407,81954,694,694,112,194,622,91,76,8494,539,
2,1104,3515,192958,1016,1016,297,249,801,136,99,15912,1078,
3,1471,4603,333361,1334,1334,505,291,958,181,122,23897,1718,
4,1838,5631,495349,1622,1622,697,333,1131,226,142,31408,2337,
5,2138,6479,674067,1861,1861,857,368,1269,263,162,38465,2891,
6,2624,8139,817391,2340,2340,997,526,1613,323,230,42203,3450,
7,2956,9488,991214,2666,2666,1158,852,1782,364,266,52345,4046,
8,3302,10689,1237980,2992,2992,1395,1015,1889,406,304,66124,4964,
9,3648,11091,1262490,2999,2999,1398,1017,2230,448,306,66136,4972,
10,4023,11837,1420985,3151,3151,1493,1040,2508,494,316,68449,5336,
11,4331,12467,1559796,3283,3283,1569,1062,2738,532,323,70698,5604,
12,4639,13326,1851097,3525,3525,1739,1093,2874,570,343,77716,6366,
13,5134,14207,1989782,3674,3674,1819,1122,3287,631,347,80435,6699,
14,5647,15509,2262631,4017,4017,2000,1164,3617,694,371,91182,7406,
15,6161,16729,2521067,4319,4319,2174,1205,3955,757,390,100408,8001,
16,6525,17829,2874224,4652,4652,2424,1232,4067,802,418,115488,9223,
17,6886,18609,3104464,4833,4833,2567,1247,4283,846,427,122958,9966,
18,7267,19365,3353015,4987,4987,2679,1269,4550,893,435,125451,10461,
19,7642,20112,3567305,5143,5143,2787,1285,4815,939,443,128277,10914,
20,8017,20855,3774977,5295,5295,2870,1305,5105,985,450,131117,11288,
21,8393,21592,3994378,5444,5444,2967,1324,5382,1031,458,134012,11702,
22,8754,22011,4013182,5451,5451,2970,1326,5738,1075,460,134024,11710,
23,9115,22429,4015610,5458,5458,2973,1327,6094,1119,462,134042,11720,
24,9499,23324,4343515,5681,5681,3132,1347,6317,1166,483,140957,12317,
25,9883,24180,4579108,5880,5880,3247,1376,6584,1213,488,143826,12783,
26,10268,25019,4825418,6071,6071,3352,1403,6862,1260,493,147005,13203,
27,10652,25905,5179004,6287,6287,3509,1428,7087,1307,512,155022,13770,
28,11035,26736,5426239,6477,6477,3617,1451,7360,1354,517,157937,14226,
29,11351,27712,5916987,6773,6773,3851,1482,7440,1393,543,169398,15387,
30,11667,28596,6381506,7031,7031,4058,1497,7547,1432,565,179741,16285,
31,11983,29196,6608071,7147,7147,4130,1512,7789,1471,569,181799,16598,
32,12299,29797,6815174,7264,7264,4194,1526,8039,1510,573,183785,16839,
33,12616,30393,7004612,7377,7377,4258,1542,8290,1549,577,185782,17086,
34,12971,31017,7201960,7489,7489,4359,1545,8542,1593,587,191803,17902,
35,13326,31646,7394245,7603,7603,4450,1549,8804,1637,596,198607,18498,
36,13699,32287,7632335,7714,7714,4549,1551,9076,1683,605,205586,19135,
37,14069,33320,8199869,8007,8007,4801,1585,9192,1728,629,220474,20633,
38,14439,33971,8474177,8122,8122,4898,1593,9463,1773,638,227134,21359,
39,14759,34860,8988136,8373,8373,5087,1623,9592,1812,661,235699,22206,
40,15052,35717,9500949,8624,8624,5271,1651,9699,1848,680,246042,22988,
41,15346,36608,10057093,8892,8892,5480,1678,9782,1884,703,257200,23870,
42,15640,37498,10612572,9162,9162,5659,1700,9895,1920,724,266396,24701,
43,15934,38336,10946507,9407,9407,5762,1720,10084,1956,730,269622,25131,
44,16317,39215,11541767,9624,9624,5944,1737,10283,2003,750,276997,26251,
45,16700,40088,11825988,9839,9839,5998,1752,10610,2050,754,278960,26525,
46,17083,40911,12187608,10027,10027,6124,1771,10865,2097,759,281795,27048,
47,17467,41948,12865810,10319,10319,6336,1795,11035,2144,778,291305,28176,
48,17761,42528,12883331,10443,10443,6338,1799,11325,2180,780,291323,28184,
49,18150,43225,13194849,10564,10564,6412,1819,11638,2228,786,293087,28497,
50,18539,43924,13464003,10686,10686,6480,1839,11957,2276,790,295182,28782,
51,18924,44616,13805863,10815,10815,6594,1843,12226,2323,802,302530,29797,
52,19250,45198,13967712,10921,10921,6622,1849,12522,2363,806,303523,29908,
53,19549,46009,14102098,11159,11159,6651,1850,12790,2400,810,304412,30016,
54,19848,46771,14197071,11371,11371,6675,1854,13063,2437,814,305400,30112,
55,20148,47322,14301510,11477,11477,6700,1858,13336,2474,818,306352,30212,
56,20448,47744,14368292,11517,11517,6719,1865,13615,2511,822,307356,30307,
57,20769,48695,14668100,11805,11805,6806,1882,13847,2550,827,309367,30776,
58,21090,49587,14927387,12065,12065,6881,1896,14091,2589,832,311415,31101,
59,21411,50199,15197183,12182,12182,6957,1916,14334,2628,837,313529,31440,
60,21733,50801,15417526,12297,12297,7027,1929,14584,2667,841,315654,31733,
61,22055,51401,15651578,12411,12411,7093,1942,14838,2706,846,317822,32030,
62,22425,52219,16169327,12604,12604,7256,1961,15043,2751,857,326703,33514,
63,22796,52895,16487113,12732,12732,7366,1966,15302,2797,866,334622,34323,
64,23185,53586,16830086,12859,12859,7470,1968,15585,2845,875,342477,35113,
65,23571,54635,17185643,13165,13165,7580,1974,15859,2892,884,350357,36084,
66,23871,55042,17191860,13200,13200,7584,1976,16153,2929,886,350371,36095,
67,24263,55754,17567157,13328,13328,7684,1994,16443,2977,892,352225,36568,
68,24650,56644,18262711,13548,13548,7863,2011,16649,3025,912,360100,37376,
69,25039,57538,18627501,13769,13769,7939,2028,16960,3073,917,362059,37724,
70,25339,57942,18633562,13803,13803,7944,2029,17253,3110,919,362079,37736,
71,25673,58780,18884736,14015,14015,8003,2070,17526,3151,951,363591,38002,
72,26022,59653,19037741,14240,14240,8073,2103,17803,3194,967,365993,38266,
73,26360,60432,19129851,14429,14429,8129,2127,18083,3235,977,367519,38473,
74,26698,61113,19162388,14576,14576,8149,2137,18399,3276,981,368401,38550,
75,27036,61819,19245776,14730,14730,8223,2158,18661,3317,990,370806,38813,
76,27374,62601,19394830,14922,14922,8296,2179,18924,3358,995,372932,39154,
77,27723,63418,19545759,15122,15122,8395,2206,19172,3401,1006,375960,39571,
78,28071,64174,19626502,15300,15300,8440,2217,19473,3444,1011,377852,39756,
79,28420,65034,19835946,15521,15521,8559,2245,19701,3487,1022,381378,40285,
80,28769,65853,19972801,15724,15724,8624,2268,19983,3530,1027,383843,40593,
81,29117,66606,20088761,15901,15901,8686,2278,20267,3573,1033,386279,40853,
82,29432,67351,20331705,16080,16080,8770,2313,20496,3612,1049,387846,41255,
83,29768,68091,20498292,16251,16251,8846,2336,20754,3653,1059,390053,41638,
84,30103,68824,20628662,16420,16420,8913,2357,21020,3694,1067,391671,41937,
85,30439,69607,20864754,16614,16614,9018,2377,21249,3735,1076,394625,42487,
86,30773,70343,21031586,16787,16787,9099,2394,21500,3776,1082,397231,42856,
87,31107,71049,21183311,16946,16946,9171,2409,21760,3817,1086,399321,43189,
88,31456,71694,21199818,17073,17073,9176,2410,22102,3860,1088,399338,43202,
89,31808,72422,21292285,17237,17237,9209,2417,22419,3903,1093,399633,43326,
90,32159,73007,21357671,17327,17327,9231,2430,22746,3946,1098,400550,43417,
91,32510,73565,21430494,17409,17409,9261,2432,23065,3989,1102,401578,43525,
92,32862,74334,21625827,17585,17585,9375,2456,23301,4032,1112,404195,43998,
93,33213,75090,21829722,17757,17757,9459,2476,23566,4075,1118,407271,44369,
94,33564,75636,21843071,17832,17832,9462,2480,23912,4118,1120,407287,44381,
