Backup ID, Logical chunk num, Unique chunk num, Base chunk num, Delta chunk num, Logical chunk size, Unique chunk size, Base chunk size, Delta chunk size, LZ4_save size, Delta_save size, 
0,598076,118229,112987,5242,8588886016,1032135022,619262853,5991471,359451571,47429127
1,1195194,131087,122897,8190,17177772032,1171401480,669790896,11931905,412594058,77084621
2,1791173,149943,138273,11670,25766658048,1368358678,755327843,18990763,482866184,111173888
3,2386184,164814,149954,14860,34355544064,1528865472,815951560,26873949,545122927,140917036
4,2980525,182825,164428,18397,42944430080,1719207135,897296208,32773506,612381268,176756153
5,3572942,204438,182169,22269,51533316096,1951922178,992543884,41592508,705747381,212038405
6,4164755,221561,195590,25971,60122202112,2137587443,1063896543,48022628,776273820,249394452
7,4755932,242885,213108,29777,68711088128,2361052678,1161794049,58489295,858867778,281901556
8,5346585,262903,229068,33835,77299974144,2573569874,1248334544,66733831,938794510,319706989
9,5936829,281759,243944,37815,85888860160,2774054407,1328959712,73790775,1014110265,357193655
10,6526705,307464,265053,42411,94477746176,3045410776,1442110829,84554755,1123490607,395254585
11,7117376,326216,279965,46251,103066632192,3242865686,1524178662,92276370,1196773033,429637621
12,7708121,347836,297401,50435,111655518208,3473193093,1618452536,99289570,1286673464,468777523
13,8299588,374837,319789,55048,120244404224,3759205714,1740619194,107798948,1400195334,510592238
14,8891445,396422,337093,59329,128833290240,3992611430,1834371051,115820069,1491375846,551044464
15,9483489,417887,354248,63639,137422176256,4224877819,1925790339,124176279,1583653445,591257756
16,10077606,443648,375507,68141,146011062272,4498147302,2044520387,137414677,1688120571,628091667
17,10672558,470248,397530,72718,154599948288,4782863934,2164620420,143155110,1801869252,673219152
18,11268152,494813,417601,77212,163188834304,5047681626,2274990204,151276053,1905742301,715673068
19,11865051,517318,436000,81318,171777720320,5289461317,2375189518,161278367,2001988090,751005342
20,12462550,542802,456872,85930,180366606336,5563245113,2488246256,169805364,2112174302,793019191
21,13060779,568100,477436,90664,188955492352,5836765923,2600171082,178256244,2221298518,837040079
22,13661032,598836,503226,95610,197544378368,6163336318,2743678339,189605089,2350384627,879668263
23,14263100,625524,525328,100196,206133264384,6450494513,2864280959,201129359,2466023856,919060339
24,14866184,651870,546897,104973,214722150400,6735758417,2979777559,206014440,2582684400,967282018
25,15472152,686885,576592,110293,223311036416,7109281814,3143717116,225273356,2734485702,1005805640
26,16079762,719004,603757,115247,231899922432,7452798290,3291639127,227224247,2876689472,1057245444
27,16689366,753044,632422,120622,240488808448,7818860463,3448435655,239765449,3027314392,1103344967
28,17301791,788203,662137,126066,249077694464,8196526159,3610817031,256346378,3183576899,1145785851
29,17916474,824183,692646,131537,257666580480,8581486572,3777580636,272454527,3343497285,1187954124
