Backup ID, FPindex, SFindex, Deltaindex
0,9458320,21476032,231040
1,10486960,23374592,380224
2,11995440,26324032,538080
3,13185120,28564864,678176
4,14626000,31341184,834496
5,16355040,34745600,1000096
6,17724880,37316864,1162752
7,19430800,40678592,1324992
8,21032240,43739776,1503392
9,22540720,46592192,1677280
10,24597120,50641344,1875008
11,26097280,53500800,2043488
12,27826880,56846336,2227840
13,29986960,61141632,2426944
14,31713760,64461696,2617248
15,33430960,67752960,2810880
16,35491840,71831424,3008640
17,37619840,76057472,3210912
18,39585040,79908224,3410912
19,41385440,83438208,3593152
20,43424160,87442880,3797472
21,45448000,91387136,4011488
22,47906880,96336448,4232768
23,50041920,100575488,4436352
24,52149600,104713280,4649856
25,54950800,110412928,4887360
26,57520320,115626112,5104736
27,60243520,121126464,5345568
28,63056240,126828992,5586240
29,65934640,132683520,5827264
