Backup ID, Online Delta_save, Offline Delta_save, Offline delta time, Offline dedelta time, Offline delete time, Offline Delta chunk num
0,28745430,18683697,3856,1825,77,2031
1,48871485,28213136,7116,4137,151,2979
2,65675550,45498338,12623,7963,257,4660
3,77525039,63391997,19894,13365,386,6529
4,88339900,88416253,29254,20419,541,8835
5,100214732,111823673,40455,29281,721,11174
6,109219700,140174752,53607,39762,920,13845
7,120070944,161830612,68058,51729,1120,16329
8,129882861,189824128,82806,63622,1343,19184
9,139811214,217382441,99035,76996,1583,22039
10,149385829,245868756,116458,91170,1859,25288
11,160660079,268977542,134553,106731,2107,27822
12,172884047,295893476,154196,123680,2383,30516
13,184878047,325714191,176392,142877,2679,33515
14,197189435,353855029,199620,163203,2984,36417
15,210493732,380764024,224503,185331,3307,39172
16,225644293,402447374,250891,209046,3624,41845
17,241730220,431488932,278910,234415,3969,44495
18,256447076,459225992,308791,261497,4342,47294
19,272771503,478233839,338793,289271,4672,49522
20,289000662,504018529,370905,318688,5055,52217
21,305096817,531943262,404895,349766,5433,55129
22,321071403,558596860,440595,382501,5862,58094
23,339629590,579430749,477680,417144,6250,60536
24,354994695,612287323,512001,448523,6677,63478
25,373478681,632326959,548498,482020,7124,66478
26,391531488,665713956,586135,517105,7540,69030
27,412320468,691024499,625974,554150,8012,71824
28,433128617,712657234,668324,593686,8527,74638
29,452395829,735558295,712568,635016,9030,77552
