BackupID, OnlineSpeed(MB/s), Encalve ProcessTime(s), BackupSize, OnlineSize, OfflineSize, OfflineTime(s)
0, 452.932, 18.0844, 8588886016, 630377467, 625254324, 5.18717
1, 642.307, 12.7525, 8588886016, 682886775, 681722801, 3.68057
2, 694.17, 11.7997, 8588886016, 776771138, 774318606, 6.38584
3, 723.819, 11.3164, 8588886016, 844583855, 842825509, 8.04708
4, 673.64, 12.1593, 8588886016, 935974537, 930069714, 10.1194
5, 677.496, 12.0901, 8588886016, 1038270614, 1034136392, 12.0114
6, 705.297, 11.6135, 8588886016, 1118554614, 1111919171, 13.6799
7, 694.493, 11.7942, 8588886016, 1222619369, 1220283344, 14.4814
8, 714.597, 11.4624, 8588886016, 1321196462, 1315068375, 15.4861
9, 675.711, 12.122, 8588886016, 1408995371, 1402750487, 16.687
10, 666.021, 12.2984, 8588886016, 1531811584, 1526665584, 18.3927
11, 652.029, 12.5623, 8588886016, 1621212194, 1616455032, 17.6313
12, 690.473, 11.8629, 8588886016, 1725196942, 1717742106, 19.1407
13, 658.386, 12.441, 8588886016, 1856088058, 1848418142, 21.6654
14, 670.896, 12.209, 8588886016, 1957209558, 1950191120, 22.6284
15, 666.121, 12.2966, 8588886016, 2056917705, 2049966618, 23.5535
16, 652.288, 12.5573, 8588886016, 2184693404, 2181935064, 24.6044
17, 657.209, 12.4633, 8588886016, 2318007838, 2307775530, 25.7705
18, 644.306, 12.7129, 8588886016, 2434635627, 2426266257, 27.934
19, 663.308, 12.3487, 8588886016, 2540257977, 2536467885, 26.7904
20, 649.631, 12.6087, 8588886016, 2665345310, 2658051620, 29.1471
21, 653.577, 12.5326, 8588886016, 2786800635, 2778427326, 30.4918
22, 626.363, 13.0771, 8588886016, 2940036305, 2933283428, 32.9364
23, 627.367, 13.0562, 8588886016, 3069492867, 3065410318, 32.3922
24, 630.26, 12.9962, 8588886016, 3198315600, 3185791999, 31.6437
25, 588.062, 13.9288, 8588886016, 3369109438, 3368990472, 33.6407
26, 604.863, 13.5419, 8588886016, 3534892468, 3518863374, 33.8062
27, 565.809, 14.4766, 8588886016, 3694669925, 3688201104, 36.5604
28, 589.597, 13.8925, 8588886016, 3870004770, 3867163409, 39.5788
29, 579.266, 14.1403, 8588886016, 4053716487, 4050035163, 40.1549
