Backup ID, Ecall, Inline_Ocall, Offline_Ocall, _Inline_FPOcall, _Inline_SFOcall, _Inline_LocalOcall, _Inline_LoadOcall, _Inline_DeltaOcall, _Inline_RecipeOcall, _Inline_Write_ContainerOcall, _inline_have_similar_chunk_num, _inline_need_load_container_num
0,4675,8470,77207,1143,1143,77,927,4596,584,160,6568,1367,
1,9342,14975,148206,1693,1693,131,1084,9207,1167,176,9538,2272,
2,14001,21524,251034,2278,2278,227,1224,13768,1749,200,13018,3400,
3,18652,28064,374763,2860,2860,348,1370,18296,2330,219,16210,4614,
4,23298,34633,521194,3457,3457,510,1521,22778,2910,243,19748,5994,
5,27929,41286,692886,4097,4097,685,1687,27232,3488,271,23621,7533,
6,32555,47920,880635,4706,4706,878,1902,31663,4065,293,27343,9147,
7,37176,54583,1069066,5354,5354,1069,2073,36091,4642,322,31149,10698,
8,41793,61276,1276623,6007,6007,1285,2269,40490,5218,348,35207,12438,
9,46407,67962,1501016,6660,6660,1503,2461,44884,5794,373,39187,14215,
10,51018,74820,1753207,7378,7378,1754,2698,49242,6370,406,43784,16273,
11,55635,81561,1985813,8054,8054,1944,2896,53667,6946,431,47632,17932,
12,60253,88368,2244983,8756,8756,2177,3107,58050,7522,459,51816,19786,
13,64876,95327,2526427,9522,9522,2414,3336,62434,8099,494,56429,21761,
14,69502,102233,2816706,10255,10255,2648,3575,66824,8676,522,60710,23729,
15,74130,109212,3126996,11004,11004,2884,3852,71214,9254,550,65020,25783,
16,78774,116305,3433626,11796,11796,3107,4139,75633,9834,585,69522,27774,
17,83425,123443,3764055,12610,12610,3331,4419,80058,10415,621,74099,29850,
18,88081,130572,4118593,13426,13426,3583,4681,84460,10996,654,78593,32007,
19,92747,137673,4448804,14223,14223,3783,4942,88924,11578,683,82700,33885,
20,97417,144993,4821342,15093,15093,4028,5271,93347,12161,717,87313,36122,
21,102093,152437,5198397,16029,16029,4295,5585,97754,12745,750,92047,38400,
22,106785,160007,5613665,17015,17015,4580,5907,102159,13331,792,96993,40791,
23,111491,167639,6001902,18021,18021,4798,6236,106645,13918,828,101598,42933,
24,116205,175304,6409936,19026,19026,5082,6591,111073,14506,863,106375,45345,
25,120942,183177,6839972,20108,20108,5370,6974,115520,15097,910,111695,47951,
26,125691,191236,7253293,21291,21291,5616,7327,120021,15690,953,116649,50281,
27,130456,199407,7716922,22507,22507,5902,7708,124498,16285,998,122024,52940,
28,135243,207736,8209658,23772,23772,6187,8124,128998,16883,1045,127468,55707,
29,140048,216224,8705030,25105,25105,6496,8543,133492,17483,1093,132940,58529,
