Backup ID, Logical chunk num, Unique chunk num, Base chunk num, Delta chunk num, Logical chunk size, Unique chunk size, Base chunk size, Delta chunk size, LZ4_save size, Delta_save size, 
0,349658,181563,73318,108245,2869463040,1586581660,321904196,91685089,300537158,872455217
1,700527,225166,81559,143607,5748879360,2005085802,356405434,125608634,330897941,1192173793
2,1048641,266111,86005,180106,8606402560,2401076896,373426040,159096852,347435688,1521118316
3,1400928,309641,95964,213677,11506227200,2823542516,417450000,205129840,380128692,1820833984
4,1749773,350273,100262,250011,14379182080,3221877633,434001231,238126959,396000094,2153749349
5,2102412,391624,104351,287273,17284945920,3626123370,449317491,274002091,411242053,2491561735
6,2454706,434179,108541,325638,20191088640,4041790630,465159024,311971482,426830732,2837829392
7,2812109,475940,117184,358756,23129180160,4435403046,499704467,350010497,457163568,3128524514
8,3167314,516183,121367,394816,26049710080,4815972298,516805034,383478036,473046846,3442642382
9,3522400,556670,125422,431248,28969748480,5198324110,533121912,423250399,488357144,3753594655
10,3874982,595347,129945,465402,31867842560,5565605388,549071064,458492404,503142368,4054899552
11,4227381,634533,133361,501172,34764001280,5937267741,563181941,487405554,516249398,4370430848
12,4585507,676861,137809,539052,37705349120,6332317969,581498109,527440359,532433260,4690946241
13,4940662,717180,141287,575893,40626268160,6713959396,595830450,546872129,545805602,5025451215
14,5298219,756126,145513,610613,43568435200,7082753289,610452296,584400408,559207244,5328693341
15,5655036,794396,149419,644977,46505267200,7445443641,623861829,605204603,571548533,5644828676
16,6017260,834554,154502,680052,49483950080,7823476615,639493655,648216963,587025563,5948740434
17,6381829,874758,157933,716825,52483553280,8201432140,652240663,676982796,599440563,6272768118
18,6746630,914145,162266,751879,55485675520,8572341154,667508444,718891476,613384233,6572557001
19,7108426,954067,165304,788763,58467983360,8948973987,679035108,752486834,624549286,6892902759
20,7464498,993174,169669,823505,61400565760,9319044274,693764774,780811348,638163746,7206304406
21,7815621,1032218,172697,859521,64291246080,9690481972,704216546,814386646,648556613,7523322167
22,8163270,1070694,176818,893876,67153766400,10057353438,718754040,848443054,662009863,7828146481
23,8509462,1109121,179305,929816,70005688320,10423757412,728731677,868117450,671759299,8155148986
24,8857126,1147034,181480,965554,72872611840,10785938053,737805347,909296716,680028768,8458807222
25,9205823,1184724,184851,999873,75747768320,11145427019,748960359,919505505,690416516,8786544639
26,9553238,1223126,187218,1035908,78613667840,11511966758,758717091,966960050,699680397,9086609220
27,9900471,1260887,190973,1069914,81478348800,11872768927,771641034,994881374,711762789,9394483730
28,10248239,1299161,193271,1105890,84350238720,12237946237,780961751,1024172592,720608705,9712203189
29,10596588,1337206,196786,1140420,87226378240,12600596594,792556852,1054183890,731543672,10022312180
30,10946481,1375853,199209,1176644,90117150720,12968055455,802386745,1084526192,740985802,10340156716
31,11291923,1413211,202595,1210616,92970352640,13325556050,814017634,1101905375,751624359,10658008682
32,11633491,1450134,205745,1244389,95788369920,13679895037,824467720,1147307396,761176713,10946943208
33,11980449,1491772,208487,1283285,98655385600,14076093037,835421249,1188483320,771258460,11280930008
34,12328874,1532659,211219,1321440,101536942080,14465034928,846139852,1223195733,781418092,11614281251
35,12678852,1573224,215839,1357385,104431165440,14850849290,860588145,1262230725,795140082,11932890338
36,13027926,1613137,218743,1394394,107317770240,15231135114,871762735,1281059633,805634381,12272678365
37,13379379,1652971,221911,1431060,110227466240,15609136396,884979354,1319897881,817850411,12586408750
38,13728163,1691563,225733,1465830,113113917440,15977195134,897702206,1360789836,829587971,12889115121
39,14076885,1730035,228177,1501858,116000757760,16345283035,907284262,1381335934,838749873,13217912966
40,14428208,1769259,232215,1537044,118909593600,16718145370,920892928,1413963875,851746201,13531542366
41,14776888,1807925,234697,1573228,121795717120,17086806716,930872540,1454083517,861279892,13840570767
42,15125521,1846954,238568,1608386,124680949760,17458129194,944176881,1487112669,873691122,14153148522
43,15474430,1885464,241207,1644257,127569377280,17824633621,954705102,1528721629,883639747,14457567143
44,15821608,1923538,243547,1679991,130441646080,18187892099,964520960,1559889989,892651540,14770829610
45,16170670,1961503,245623,1715880,133332664320,18550291606,973202289,1593109456,900777155,15083202706
46,16521828,1999608,247737,1751871,136244039680,18912830265,981566887,1625608292,908752207,15396902879
47,16873063,2038050,250342,1787708,139155404800,19278065298,991677679,1647224461,918799669,15720363489
48,17225102,2076957,252802,1824155,142071173120,19646653058,1001284168,1704202441,928271339,16012895110
49,17574419,2115318,255061,1860257,144962355200,20012221789,1010584234,1729321383,937135546,16335180626
50,17926301,2154337,259001,1895336,147876433920,20382505558,1024028440,1767902832,949690704,16640883582
51,18271894,2192243,261264,1930979,150738626560,20744929295,1033421963,1801401398,958495561,16951610373
52,18617702,2229865,264746,1965119,153603604480,21104158522,1045263961,1798379975,969367040,17291147546
53,18965640,2267172,266845,2000327,156488765440,21459879139,1054432928,1861076369,977766362,17566603480
54,19314713,2305354,269055,2036299,159383644160,21823151729,1063643053,1893345713,986596228,17879566735
55,19663418,2344057,272987,2071070,162274867200,22191381180,1077193904,1899528303,999176764,18215482209
56,20013675,2383448,275485,2107963,165181665280,22565614286,1087387629,1964430881,1009107310,18504688466
57,20362245,2421236,277452,2143784,168073625600,22926259665,1095363394,1996429268,1016719162,18817747841
58,20711122,2460140,279831,2180309,170970521600,23297321455,1105202596,2025829201,1026102064,19140187594
59,21060301,2497568,283355,2214213,173870110720,23653978445,1116604104,2023360532,1036713403,19477300406
60,21409582,2535174,286603,2248571,176770754560,24012391341,1127362887,2090786253,1046784864,19747457337
61,21758839,2573456,288817,2284639,179671726080,24376710915,1136003260,2124524532,1055360081,20060823042
62,22110179,2612534,292879,2319655,182588170240,24746247844,1150114366,2113176954,1068712773,20414243751
63,22458283,2651107,295123,2355984,185476454400,25113522953,1159196478,2179462598,1077623107,20697240770
64,22807536,2689545,297354,2392191,188373995520,25479224907,1168468277,2203572766,1086422092,21020761772
65,23153242,2727239,299130,2428109,191239946240,25840016130,1175970387,2216497597,1093548299,21353999847
66,23501375,2764639,300773,2463866,194128947200,26197711913,1182970464,2277741053,1100156542,21636843854
67,23849800,2802055,302407,2499648,197020743680,26555483219,1189566223,2304714261,1106442604,21954760131
68,24197521,2840113,305862,2534251,199907051520,26919495546,1201395086,2354525993,1117375529,22246198938
69,24546857,2878491,307911,2570580,202809763840,27285992635,1209853096,2348497466,1125816826,22601825247
70,24897909,2916854,309926,2606928,205728215040,27651087447,1218358446,2396052458,1133978229,22902698314
71,25251386,2955664,312152,2643512,208668569600,28019890005,1227453528,2431541638,1142714637,23218180202
72,25602695,2993999,314128,2679871,211589539840,28385267946,1235696888,2440515241,1150553300,23558502517
73,25952879,3031642,315981,2715661,214500464640,28744357655,1243040499,2493111152,1157522764,23850683240
74,26306780,3069665,319509,2750156,217447301120,29106010902,1254940528,2470563474,1168442499,24212064401
75,26661969,3108343,322030,2786313,220407265280,29473586437,1264492464,2567823903,1177869120,24463400950
76,27016854,3147052,325733,2821319,223364904960,29841213287,1276855435,2590723709,1189683127,24783951016
77,27372834,3185939,327763,2858176,226333276160,30210618529,1285215416,2577219813,1197876928,25150306372
78,27727488,3224888,329931,2894957,229288622080,30580456393,1293862151,2650481143,1206309542,25429803557
79,28083712,3263563,333521,2930042,232259921920,30947402258,1305453674,2684267166,1217465906,25740215512
80,28435875,3301590,335444,2966146,235194050560,31309801095,1312797362,2713549499,1224727600,26058726634
81,28788926,3339470,338632,3000838,238136698880,31670932755,1323423746,2739198116,1234595984,26373714909
82,29143842,3378802,341371,3037431,241094256640,32043527381,1334194643,2794817064,1244319016,26670196658
83,29499437,3417432,344990,3072442,244057620480,32411265351,1346698881,2816852618,1256040535,26991673317
84,29855034,3456001,346996,3109005,247020236800,32778427332,1354742594,2854732999,1263911792,27305039947
