Backup ID, FPindex, SFindex, Deltaindex
0,14525040,13223424,3766624
1,18013280,14696576,5068608
2,21288880,15474816,6351872
3,24771280,17284160,7464544
4,28021840,18026432,8797664
5,31329920,18737088,10050272
6,34734320,19465728,11322944
7,38075200,20863360,12430048
8,41294640,21570368,13699232
9,44533600,22221760,14927616
10,47627760,22715712,16074592
11,50762640,23229440,17267808
12,54148880,23980864,18528928
13,57374400,24549376,19757248
14,60490080,24987776,20916320
15,63551680,25366016,22061440
16,66764320,25819200,23238432
17,69980640,26368128,24464096
18,73131600,26895424,25638976
19,76325360,27330432,26865344
20,79453920,27831360,28025024
21,82577440,28206912,29219744
22,85655520,28727424,30361056
23,88729680,29135168,31552768
24,91762720,29469312,32736448
25,94777920,29754432,33868288
26,97850080,30109440,35059776
27,100870960,30486272,36182688
28,103932880,30828736,37369728
29,106976480,31148608,38508640
30,110068240,31507264,39706528
31,113056880,31811712,40828032
32,116010720,32064448,41936128
33,119341760,32491456,43230176
34,122612720,32909632,44493792
35,125857920,33260416,45698016
36,129050960,33705280,46935488
37,132237680,34278784,48159616
38,135325040,34670016,49318752
39,138402800,35051392,50515680
40,141540720,35467328,51684128
41,144634000,35859328,52885504
42,147756320,36246400,54052992
43,150837120,36620032,55242016
44,153883040,37002752,56426848
45,156920240,37304256,57614912
46,159968640,37619712,58802272
47,163044000,38020864,59989056
48,166156560,38402240,61193920
49,169225440,38746240,62390848
50,172346960,39135808,63554880
51,175379440,39462080,64732832
52,178389200,39776512,65861856
53,181373760,40080064,67026848
54,184428320,40408896,68211200
55,187524560,40799104,69356640
56,190675840,41188928,70571392
57,193698880,41465408,71752992
58,196811200,41845568,72955488
59,199805440,42103040,74080160
60,202813920,42395904,75211648
61,205876480,42704448,76398208
62,209002720,43134080,77560224
63,212088560,43473728,78755968
64,215163600,43833280,79947456
65,218179120,44099200,81128416
66,221171120,44337280,82302624
67,224164400,44579904,83476256
68,227209040,44867328,84613056
69,230279280,45191616,85803904
70,233348320,45499840,86997344
71,236453120,45845696,88201088
72,239519920,46136064,89395488
73,242531360,46414144,90571168
74,245573200,46724672,91704960
75,248667440,47021568,92897696
76,251764160,47416512,94051552
77,254875120,47733824,95261472
78,257991040,48076928,96469792
79,261085040,48413120,97625216
80,264127200,48657088,98809984
81,267157600,48947968,99950240
82,270304160,49235648,101156800
83,273394560,49654912,102309728
84,276480080,49955456,103511328
