Backup ID, Online Delta_save, Offline Delta_save, Offline delta time, Offline dedelta time, Offline delete time, Offline Delta chunk num
0,8216658,864238559,108196,1009,213,107187
1,36849687,1155324106,187136,47586,432,139550
2,99590043,1421528273,287529,118152,674,169377
3,164313021,1656520963,413470,217067,944,196403
4,229271116,1924478233,562882,336782,1208,226100
5,319962782,2171598953,734395,480493,1489,253902
6,377527204,2460302188,932455,645984,1793,286471
7,403721784,2724802730,1135292,818954,2155,316338
8,446757452,2995884930,1358538,1011844,2510,346694
9,481657102,3271937553,1613879,1235514,2909,378365
10,508861519,3546038033,1880881,1471610,3304,409271
11,537386653,3833044195,2170530,1729573,3748,440957
12,570095486,4120850755,2483889,2009637,4219,474252
13,601370538,4424080677,2818882,2312119,4718,506763
14,628465165,4700228176,3166153,2627888,5243,538265
15,663894182,4980934494,3525813,2957188,5757,568625
16,676970593,5271769841,3897227,3295157,6360,602070
17,705104234,5567663884,4271036,3636448,6955,634588
18,722179310,5850377691,4700457,4032895,7581,667562
19,745137404,6147765355,5122606,4421742,8214,700864
20,757675360,6448629046,5578726,4844608,8908,734118
21,778341570,6744980597,6002549,5235641,9581,766908
22,791518928,7036627553,6491117,5691424,10303,799693
23,824135484,7331013502,6987468,6156311,11001,831157
24,862126308,7596680914,7505814,6643980,11716,861834
25,882107353,7904437286,8056395,7162615,12416,893780
26,911594341,8175014879,8618273,7692552,13187,925721
27,932747684,8461736046,9205425,8248148,13923,957277
28,962978373,8749224816,9811321,8822274,14774,989047
29,986655159,9035657021,10435406,9414515,15629,1020891
30,1013161841,9326994875,11080411,10027163,16524,1053248
31,1040496086,9617512596,11686039,10601952,17328,1084087
32,1065346713,9881596495,12335811,11220865,18100,1114946
33,1084003598,10196926410,13009308,11858334,19155,1150974
34,1104503463,10509777788,13661105,12475077,20189,1186028
35,1112728526,10820161812,14277478,13056457,21275,1221021
36,1131686984,11140991381,14917508,13662501,22250,1255007
37,1148470902,11437937848,15602868,14313967,23332,1288901
38,1167261985,11721853136,16318077,14996581,24377,1321496
39,1187413414,12030499552,17072449,15718020,25426,1354429
40,1205023078,12326519288,17800558,16413009,26501,1387549
41,1230956857,12609613910,18537860,17117824,27542,1420036
42,1244796081,12908352441,19314245,17860638,28656,1453607
43,1263970521,13193596622,20004783,18518349,29684,1486434
44,1285098740,13485730870,20750417,19231432,30789,1518985
45,1309228958,13773973748,21522490,19971170,31842,1551320
46,1328968161,14067934718,22308201,20723995,32951,1584206
47,1352335904,14368027585,23078878,21462298,34071,1616580
48,1375709979,14637185131,23883186,22233620,35194,1649566
49,1396947339,14938233287,24703950,23021522,36307,1682428
50,1410492500,15230391082,25519052,23803165,37439,1715887
51,1438201535,15513408838,26334057,24586427,38475,1747630
52,1464223872,15826923674,27149467,25370617,39513,1778850
53,1493875955,16072727525,27976611,26166726,40527,1809885
54,1521065517,16358501218,28852506,27010572,41580,1841934
55,1546150553,16669331656,29699812,27826029,42673,1873783
56,1572491430,16932197036,30601266,28694392,43772,1906874
57,1598963164,17218784677,31511707,29572916,44823,1938791
58,1628589362,17511598232,32451007,30479771,45970,1971236
59,1648589298,17828711108,33362218,31359451,47142,2002767
60,1665551100,18081906237,34331210,32296073,48232,2035137
61,1693459834,18367363208,35270987,33203731,49339,2067256
62,1713469207,18700774544,36254557,34154566,50537,2099991
63,1740656398,18956584372,37247047,35114621,51674,2132426
64,1768669996,19252091776,38271286,36106647,52875,2164639
65,1796497922,19557501925,39325966,37129421,54024,2196545
66,1827161754,19809682100,40355055,38127055,55149,2228000
67,1857783258,20096976873,41437705,39178235,56326,2259470
68,1878852262,20367346676,42505932,40214186,57496,2291746
69,1901923700,20699901547,43615027,41290436,58715,2324591
70,1935011022,20967687292,44728216,42371725,59994,2356491
71,1960971986,21257208216,45866738,43477388,61237,2389350
72,1993360765,21565141752,47014663,44593482,62484,2421181
73,2017598126,21833085114,48175255,45721952,63672,2453303
74,2047458639,22164605762,49319398,46834967,64935,2484431
75,2062561963,22400838987,50432097,47914110,66264,2517987
76,2076548497,22707402519,51628847,49077475,67541,2551372
77,2106846180,23043460192,52807715,50223698,68761,2584017
78,2131424248,23298379309,54023018,51405970,70032,2617048
79,2151468910,23588746602,55239055,52589268,71248,2649787
80,2173425221,23885301413,56436921,53754296,72460,2682625
81,2192897390,24180817519,57677897,54962865,73717,2715032
82,2207885411,24462311247,58862933,56113795,75137,2749138
83,2223247233,24768426084,60141103,57358728,76461,2782375
84,2248458156,25056581791,61420644,58605400,77736,2815244
