BackupID, OnlineSpeed(MB/s), Encalve ProcessTime(s), BackupSize, OnlineSize, OfflineSize, OfflineTime(s)
0, 150.317, 18.2051, 2869463040, 834319492, 413589285, 198.495
1, 308.478, 8.90184, 2879416320, 635931144, 482014068, 97.3242
2, 313.942, 8.68041, 2857523200, 674411281, 532522892, 110.293
3, 292.301, 9.46111, 2899824640, 738032643, 622579840, 120.574
4, 312.931, 8.75548, 2872954880, 814786464, 672128190, 139.507
5, 310.979, 8.91105, 2905763840, 853325281, 723319582, 158.049
6, 311.992, 8.88329, 2906142720, 928251560, 777130506, 177.83
7, 311.529, 8.99428, 2938091520, 987616694, 849714964, 180.588
8, 316.871, 8.78981, 2920529920, 1044380868, 900283070, 193.903
9, 310.556, 8.96702, 2920038400, 1100223678, 956372311, 219.763
10, 318.068, 8.68945, 2898094080, 1152780587, 1007563468, 223.947
11, 316.228, 8.73417, 2896158720, 1205568089, 1050587495, 240.791
12, 314.551, 8.91774, 2941347840, 1259915553, 1108938468, 262.715
13, 312.902, 8.90248, 2920919040, 1310597308, 1142702579, 275.377
14, 320.968, 8.74191, 2942167040, 1339537413, 1194852704, 285.206
15, 320.47, 8.7396, 2936832000, 1383998879, 1229066432, 293.073
16, 318.099, 8.93022, 2978682880, 1437971976, 1287710618, 299.669
17, 317.741, 9.00306, 2999603200, 1489077500, 1329223459, 303.956
18, 317.09, 9.02913, 3002122240, 1532421185, 1386399920, 337.159
19, 321.412, 8.84893, 2982307840, 1589674249, 1431521942, 337.27
20, 321.149, 8.7085, 2932582400, 1636601571, 1474576122, 354.629
21, 316.276, 8.71634, 2890680320, 1676282964, 1518603192, 330.543
22, 318.779, 8.56366, 2862520320, 1721848535, 1567197094, 375.365
23, 317.667, 8.56182, 2851921920, 1759887060, 1596849127, 389.7
24, 310.204, 8.81392, 2866923520, 1784788239, 1647102063, 392.646
25, 320.598, 8.55266, 2875156480, 1842975182, 1668465864, 420.057
26, 318.179, 8.58993, 2865899520, 1862858635, 1725677141, 431.923
27, 317.065, 8.61645, 2864680960, 1921582400, 1766522408, 448.421
28, 316.869, 8.64347, 2871889920, 1960232789, 1805134343, 455.64
29, 316.269, 8.67269, 2876139520, 2000534968, 1846740742, 479.945
30, 316.283, 8.71643, 2890772480, 2043384088, 1886912937, 482.782
31, 318.799, 8.53524, 2853201920, 2077704170, 1915923009, 456.638
32, 311.599, 8.62478, 2818017280, 2106545795, 1971775116, 490.277
33, 307.879, 8.88075, 2867015680, 2190292148, 2023904569, 514.27
34, 311.07, 8.83423, 2881556480, 2237019426, 2069335585, 495.17
35, 313.993, 8.79046, 2894223360, 2286506157, 2122818870, 464.391
36, 310.912, 8.85423, 2886604800, 2331540212, 2152822368, 485.857
37, 316.261, 8.77408, 2909696000, 2360988394, 2204877235, 509.068
38, 317.501, 8.67, 2886451200, 2406534924, 2258492042, 535.851
39, 318.219, 8.65161, 2886840320, 2459498090, 2288620196, 567.838
40, 314.066, 8.8328, 2908835840, 2493305139, 2334856803, 541.236
41, 319.471, 8.61557, 2886123520, 2533098905, 2384956057, 552.991
42, 316.136, 8.70375, 2885232640, 2590675490, 2431289550, 576.62
43, 324.241, 8.49559, 2888427520, 2631788436, 2483426731, 516.336
44, 317.406, 8.62998, 2872268800, 2681073990, 2524410949, 550.332
45, 320.65, 8.59843, 2891018240, 2719931683, 2566311745, 569.176
46, 322.128, 8.61926, 2911375360, 2764450294, 2607175179, 576.977
47, 320.091, 8.67406, 2911365120, 2804629861, 2638902140, 566.268
48, 318.152, 8.74013, 2915768320, 2838077130, 2705486609, 592.5
49, 316.033, 8.72455, 2891182080, 2904213817, 2739905617, 601.104
50, 318.8, 8.71732, 2914078720, 2945205150, 2791931272, 604.341
51, 316.598, 8.62165, 2862192640, 2985269291, 2834823361, 608.199
52, 317.537, 8.60452, 2864977920, 3027386373, 2843643936, 599.677
53, 316.577, 8.69143, 2885160960, 3032721674, 2915509297, 609.511
54, 317.483, 8.6958, 2894878720, 3109689252, 2956988766, 645.587
55, 316.887, 8.70116, 2891223040, 3154789446, 2976722207, 623.978
56, 315.949, 8.774, 2906798080, 3176890466, 3051818510, 658.777
57, 315.488, 8.74199, 2891960320, 3244900982, 3091792662, 667.398
58, 315.255, 8.76336, 2896896000, 3288528917, 3131031797, 683.619
59, 321.131, 8.61102, 2899589120, 3325344066, 3139964636, 672.988
60, 318.866, 8.67533, 2900643840, 3336527047, 3218149140, 706.575
61, 319.256, 8.66572, 2900971520, 3412131739, 3260527792, 686.333
62, 318.094, 8.74376, 2916444160, 3461505805, 3263291320, 715.777
63, 315.425, 8.73262, 2888284160, 3459536566, 3338659076, 719.589
64, 315.18, 8.76741, 2897541120, 3533629381, 3372041043, 745.358
65, 317.332, 8.61301, 2865950720, 3564606964, 3392467984, 759.467
66, 317.641, 8.67383, 2889000960, 3581849853, 3460711517, 745.371
67, 317.785, 8.67829, 2891796480, 3650061649, 3494280484, 775.966
68, 316.155, 8.70648, 2886307840, 3691745774, 3555921079, 772.574
69, 317.748, 8.71206, 2902712320, 3753582791, 3558350562, 811.361
70, 318.069, 8.75047, 2918451200, 3750364743, 3614410904, 810.986
71, 306.04, 9.16266, 2940354560, 3811966274, 3658995166, 829.891
72, 317.785, 8.76585, 2920970240, 3851339362, 3676212129, 825.459
73, 320.624, 8.65834, 2910924800, 3869757381, 3736151651, 831.205
74, 320.925, 8.75694, 2946836480, 3927730126, 3725504002, 830.315
75, 321.196, 8.78853, 2959964160, 3928138278, 3832316367, 796.77
76, 322.398, 8.74888, 2957639680, 4035215008, 3867579144, 847.461
77, 319.922, 8.84859, 2968371200, 4062786523, 3862435229, 855.156
78, 317.802, 8.86854, 2955345920, 4060969514, 3944343294, 875.442
79, 319.303, 8.8745, 2971299840, 4143714175, 3989720840, 871.014
80, 320.669, 8.72613, 2934128640, 4185983302, 4026346861, 861.174
81, 321.77, 8.72152, 2942648320, 4223095773, 4062621862, 883.746
82, 320.869, 8.79034, 2957557760, 4268396773, 4129011707, 854.42
83, 319.86, 8.83537, 2963363840, 4331372773, 4163551499, 899.886
84, 320.977, 8.80241, 2962616320, 4360517956, 4209475593, 924.896
