Backup ID, Ecall, Inline_Ocall, Offline_Ocall, _Inline_FPOcall, _Inline_SFOcall, _Inline_LocalOcall, _Inline_LoadOcall, _Inline_DeltaOcall, _Inline_RecipeOcall, _Inline_Write_ContainerOcall, _inline_have_similar_chunk_num, _inline_need_load_container_num
0,2734,9971,636387,2732,2732,2641,1434,91,341,213,109954,37109,
1,5478,18901,1145465,5474,5474,5126,1796,348,683,270,145483,56509,
2,8200,27617,1751973,8194,8194,7288,2013,906,1022,320,182000,71207,
3,10955,36684,2471424,10947,10947,9428,2477,1519,1366,373,215655,85358,
4,13683,45437,3272892,13673,13673,11679,2712,1994,1706,423,252015,99705,
5,16440,54286,4168149,16428,16428,13745,2952,2683,2050,470,289299,113103,
6,19195,63036,5167733,19181,19181,16108,3099,3073,2394,523,327681,128384,
7,21990,73037,6236425,21974,21974,18546,4372,3428,2743,577,361830,144122,
8,24768,81912,7372950,24750,24750,20885,4573,3865,3089,628,397901,159017,
9,27545,90783,8649917,27525,27525,23321,4773,4204,3435,679,434360,174579,
10,30302,99594,9956555,30280,30280,25716,4975,4564,3779,729,470043,190229,
11,33058,108429,11382523,33034,33034,28183,5204,4851,4123,780,505882,206400,
12,35858,117396,12919653,35832,35832,30638,5428,5194,4472,833,543795,222682,
13,38635,126267,14550366,38607,38607,33112,5628,5495,4818,885,580650,238858,
14,41431,135207,16235463,41401,41401,35562,5837,5839,5167,935,616873,254776,
15,44221,144141,17953328,44189,44189,37933,6059,6256,5515,983,652740,269598,
16,47053,153277,19789050,47019,47019,40548,6352,6471,5868,1037,689362,287969,
17,49904,162536,21652232,49868,49868,43064,6708,6804,6224,1089,726290,304796,
18,52757,171674,23696199,52718,52718,45676,6939,7043,6580,1141,762813,322987,
19,55586,180707,25763597,55545,55545,48251,7138,7295,6933,1193,799715,340616,
20,58370,189589,27952157,58327,58327,50850,7327,7478,7280,1246,835906,359329,
21,61116,198394,30048347,61071,61071,53378,7558,7694,7622,1298,871957,377206,
22,63835,207016,32401370,63787,63787,55917,7692,7872,7961,1350,907741,394695,
23,66542,215651,34782543,66492,66492,58323,7874,8171,8299,1399,943692,410476,
24,69261,224392,37254832,69209,69209,60677,8125,8534,8638,1448,979471,425623,
25,71988,233097,39821406,71934,71934,63143,8315,8793,8978,1498,1015248,442089,
26,74705,241797,42517182,74649,74649,65585,8531,9066,9317,1548,1051298,458262,
27,77420,250484,45243211,77362,77362,68032,8740,9332,9656,1598,1086765,474709,
28,80139,259174,48134214,80079,80079,70452,8940,9629,9995,1647,1122765,490735,
29,82863,267885,51104686,82801,82801,72893,9145,9910,10335,1697,1158736,506591,
30,85599,276636,54163060,85535,85535,75365,9353,10172,10676,1747,1194975,523222,
31,88300,285292,57058727,88234,88234,77748,9575,10488,11013,1796,1230441,539161,
32,90971,293851,60072733,90903,90903,80128,9794,10777,11346,1845,1265650,554792,
33,93684,302444,63339674,93614,93614,82686,9916,10930,11684,1901,1304559,572956,
34,96409,311098,66532023,96337,96337,85241,10061,11098,12024,1956,1342720,591136,
35,99146,319751,69662182,99072,99072,87859,10168,11215,12365,2012,1380101,611328,
36,101876,328425,72838461,101800,101800,90408,10318,11394,12705,2065,1417123,629373,
37,104624,337166,76206549,104546,104546,93001,10478,11547,13048,2118,1453813,648319,
38,107351,345863,79677424,107271,107271,95492,10660,11781,13388,2170,1490015,665302,
39,110078,354537,83304316,109996,109996,98027,10819,11971,13728,2222,1526063,683162,
40,112825,363301,86853745,112741,112741,100551,11005,12192,14071,2275,1562702,700350,
41,115552,371986,90418303,115466,115466,103035,11175,12433,14411,2326,1598905,716996,
42,118278,380676,94160814,118190,118190,105580,11353,12612,14751,2379,1635445,734575,
43,121006,389342,97573078,120916,120916,108125,11501,12793,15091,2430,1671341,752367,
44,123721,397982,101210270,123629,123629,110650,11663,12981,15430,2481,1707081,769881,
45,126451,406670,104911422,126357,126357,113155,11827,13204,15770,2531,1742986,786233,
46,129197,415404,108683627,129101,129101,115713,11987,13390,16112,2582,1778999,803480,
47,131944,424179,112428725,131846,131846,118242,12184,13606,16455,2633,1814866,820610,
48,134697,432949,116304977,134597,134597,120779,12358,13820,16798,2684,1851325,837382,
49,137429,441662,120233527,137327,137327,123309,12540,14020,17139,2735,1887444,854591,
50,140181,450415,124199414,140077,140077,125871,12700,14208,17482,2788,1923960,871945,
51,142883,459084,128101389,142777,142777,128301,12932,14478,17819,2837,1959632,888351,
52,145587,467722,131993811,145479,145479,130703,13127,14778,18156,2886,1995217,903938,
53,148308,476451,135908743,148198,148198,133127,13360,15073,18495,2934,2030445,919531,
54,151038,485181,139998475,150926,150926,135597,13566,15331,18835,2984,2066435,935606,
55,153765,493889,144040517,153651,153651,138012,13759,15641,19175,3035,2102655,951254,
56,156504,502639,148256473,156388,156388,140496,13956,15894,19517,3086,2139562,967392,
57,159230,511355,152479587,159112,159112,142953,14160,16161,19857,3135,2175401,983549,
58,161958,520087,156897668,161838,161838,145403,14374,16437,20197,3185,2211948,999498,
59,164688,528848,161226888,164566,164566,147869,14611,16699,20537,3235,2247304,1016197,
60,167419,537551,165681988,167295,167295,150385,14786,16912,20878,3286,2283094,1032996,
61,170150,546270,170048524,170024,170024,152851,14977,17175,21219,3336,2319177,1049121,
62,172897,555054,174614491,172769,172769,155345,15183,17426,21562,3388,2355564,1066018,
63,175619,563778,179221866,175489,175489,157803,15408,17688,21901,3438,2391910,1082208,
64,178350,572498,183949928,178218,178218,160258,15600,17962,22242,3488,2428129,1098204,
65,181053,581167,188755103,180919,180919,162686,15829,18235,22579,3537,2464076,1114206,
66,183775,589889,193476526,183639,183639,165101,16052,18540,22918,3585,2499856,1130005,
67,186500,598618,198421079,186362,186362,167529,16272,18835,23258,3633,2535647,1145920,
68,189219,607276,203320742,189079,189079,170004,16440,19077,23597,3684,2571682,1161590,
69,191951,615982,208369891,191809,191809,172518,16615,19293,23938,3735,2608017,1178032,
70,194696,624774,213488225,194552,194552,174965,16836,19589,24280,3784,2644375,1193821,
71,197460,633596,218678088,197314,197314,177480,17027,19836,24625,3835,2680974,1210313,
72,200207,642408,223928844,200059,200059,179909,17261,20152,24968,3884,2717345,1226058,
73,202945,651169,229185643,202795,202795,182398,17473,20399,25309,3934,2753152,1242539,
74,205712,660025,234435851,205560,205560,184817,17689,20745,25654,3983,2789083,1257982,
75,208489,668862,239613039,208335,208335,187433,17855,20904,26000,4035,2825256,1275897,
76,211264,677689,245029089,211108,211108,190022,18017,21088,26346,4087,2861760,1294279,
77,214048,686583,250382714,213890,213890,192520,18218,21372,26693,4137,2898625,1310666,
78,216821,695458,255917028,216661,216661,195050,18434,21613,27039,4188,2935416,1327363,
79,219606,704348,261444459,219444,219444,197573,18628,21873,27386,4239,2971937,1344342,
80,222360,713154,266891105,222196,222196,200124,18835,22074,27729,4289,3008060,1361474,
81,225121,721970,272487329,224955,224955,202630,19030,22327,28073,4340,3044188,1378194,
82,227896,730795,278049990,227728,227728,205263,19190,22467,28419,4393,3080805,1397025,
83,230677,739656,283843527,230507,230507,207841,19367,22668,28766,4445,3117252,1415032,
84,233458,748538,289664636,233286,233286,210377,19565,22911,29113,4495,3153826,1432066,
