Backup ID, Logical chunk num, Unique chunk num, Base chunk num, Delta chunk num, Logical chunk size, Unique chunk size, Base chunk size, Delta chunk size, LZ4_save size, Delta_save size, 
0,47270,45091,45091,0,374824960,355493664,227667693,0,127825971,0
1,93760,63193,63193,0,741068800,495103669,319649166,0,175454503,0
2,140254,80435,80435,0,1108418560,629979924,408780574,0,221199350,0
3,186916,97135,97135,0,1477611520,759367472,494334901,0,265032571,0
4,233561,111930,111930,0,1846190080,875009206,571329736,0,303679470,0
5,271616,126584,126584,0,2149201920,988912863,646271923,0,342640940,0
6,333509,182509,182509,0,2647705600,1439024217,911511933,0,527512284,0
7,375631,217536,217536,0,2997319680,1732574333,1068042151,0,664532182,0
8,419564,249310,249310,0,3364526080,1998004082,1215721370,0,782282712,0
9,463497,249332,249332,0,3731732480,1998126473,1215745025,0,782381448,0
10,511234,257100,257100,0,4109803520,2059446492,1251378869,0,808067623,0
11,550375,262844,262844,0,4422103040,2104629607,1275163857,0,829465750,0
12,589502,277512,277512,0,4734248960,2218783128,1350501005,0,868282123,0
13,652520,280730,280730,0,5241784320,2241418287,1363590312,0,877827975,0
14,717905,300858,300858,0,5764464640,2400783295,1457819117,0,942964178,0
15,783325,316129,316129,0,6287237120,2525462985,1530438115,0,995024870,0
16,829595,341773,341773,0,6673735680,2745488039,1640670431,0,1104817608,0
17,875466,350721,350721,0,7057971200,2823472834,1672403035,0,1151069799,0
18,923854,357394,357394,0,7442227200,2876277470,1700359562,0,1175917908,0
19,971484,363629,363629,0,7817871360,2924628193,1726167246,0,1198460947,0
20,1019179,369592,369592,0,8194682880,2971142827,1750807680,0,1220335147,0
21,1067026,375496,375496,0,8573368320,3017413239,1775192329,0,1242220910,0
22,1112897,375519,375519,0,8957603840,3017536324,1775217554,0,1242318770,0
23,1158768,375540,375540,0,9341839360,3017643824,1775239441,0,1242404383,0
24,1207545,391103,391103,0,9731287040,3147129212,1855021992,0,1292107220,0
25,1256392,394790,394790,0,10121338880,3173146392,1871406988,0,1301739404,0
26,1305302,398504,398504,0,10512404480,3198894091,1886926778,0,1311967313,0
27,1354172,412295,412295,0,10903429120,3314601417,1956344080,0,1358257337,0
28,1402940,415863,415863,0,11293941760,3340115247,1972893963,0,1367221284,0
29,1443085,436186,436186,0,11619184640,3504542465,2071737708,0,1432804757,0
30,1483217,452933,452933,0,11944468480,3640857118,2152957520,0,1487899598,0
31,1523363,455386,455386,0,12269639680,3659050396,2165169381,0,1493881015,0
32,1563546,457878,457878,0,12595281920,3677505788,2177526473,0,1499979315,0
33,1603775,460343,460343,0,12921047040,3695746745,2189772243,0,1505974502,0
34,1648884,470364,470364,0,13298063360,3789919389,2222658068,0,1567261321,0
35,1694029,478149,478149,0,13675489280,3861312313,2250625753,0,1610686560,0
36,1741440,485699,485699,0,14072944640,3929958353,2277981805,0,1651976548,0
37,1788524,505702,505702,0,14468106240,4101652910,2365798166,0,1735854744,0
38,1835523,513397,513397,0,14863370240,4171832822,2393498655,0,1778334167,0
39,1876216,530689,530689,0,15191316480,4311487807,2478835296,0,1832652511,0
40,1913449,545953,545953,0,15492782080,4436563133,2555246099,0,1881317034,0
41,1950738,563025,563025,0,15794718720,4575785202,2640962322,0,1934822880,0
42,1988065,578196,578196,0,16096768000,4699732147,2717675874,0,1982056273,0
43,2025433,582690,582690,0,16399237120,4732139714,2737407440,0,1994732274,0
44,2074134,597635,597635,0,16789903360,4856818378,2813395176,0,2043423202,0
45,2122847,600194,600194,0,17180590080,4875734367,2825927376,0,2049806991,0
46,2171519,603472,603472,0,17570560000,4899115325,2840464653,0,2058650672,0
47,2220326,618425,618425,0,17961431040,5021636387,2912815002,0,2108821385,0
48,2257694,618450,618450,0,18263900160,5021781860,2912849279,0,2108932581,0
49,2307202,622086,622086,0,18659973120,5049354401,2933299603,0,2116054798,0
50,2356622,624875,624875,0,19055656960,5069977693,2947488598,0,2122489095,0
51,2405612,636347,636347,0,19468840960,5177786411,2987047676,0,2190738735,0
52,2447006,637794,637794,0,19802460160,5189341117,2997132351,0,2192208766,0
53,2484962,639336,639336,0,20109813760,5201673249,3007999221,0,2193674028,0
54,2522969,640807,640807,0,20417689600,5213578195,3018524670,0,2195053525,0
55,2561009,642051,642051,0,20725667840,5223559501,3027202246,0,2196357255,0
56,2599098,643311,643311,0,21034076160,5233628060,3036024041,0,2197604019,0
57,2639876,645916,645916,0,21364449280,5252952705,3049182940,0,2203769765,0
58,2680677,648640,648640,0,21695129600,5273120641,3063255369,0,2209865272,0
59,2721490,651174,651174,0,22025707520,5292001087,3076220409,0,2215780678,0
60,2762338,653720,653720,0,22356746240,5310963607,3089224387,0,2221739220,0
61,2803249,656273,656273,0,22687907840,5329807731,3102190806,0,2227616925,0
62,2850269,667060,667060,0,23082076160,5426033199,3139533830,0,2286499369,0
63,2897423,675589,675589,0,23477360640,5503728992,3170389221,0,2333339771,0
64,2946849,684080,684080,0,23892674560,5580869610,3201112944,0,2379756666,0
65,2995937,692541,692541,0,24305715200,5657844301,3231651399,0,2426192902,0
66,3034026,692567,692567,0,24614123520,5657992401,3231685979,0,2426306422,0
67,3083892,695994,695994,0,25014067200,5683878422,3248153250,0,2435725172,0
68,3133068,710148,710148,0,25406832640,5802337491,3320179501,0,2482157990,0
69,3182530,712856,712856,0,25803069440,5822555219,3333849589,0,2488705630,0
70,3220619,712881,712881,0,26111477760,5822699186,3333883573,0,2488815613,0
71,3263035,735096,735096,0,26455859200,6005656824,3457781595,0,2547875229,0
72,3307336,746419,746419,0,26815508480,6098796294,3518132930,0,2580663364,0
73,3350218,752391,752391,0,27163023360,6147772247,3552582254,0,2595189993,0
74,3393144,753605,753605,0,27510743040,6157487549,3561105715,0,2596381834,0
75,3436144,759571,759571,0,27858503680,6204746036,3591645682,0,2613100354,0
76,3479144,762358,762358,0,28206233600,6225611499,3605886067,0,2619725432,0
77,3523445,770570,770570,0,28565800960,6291053095,3645736616,0,2645316479,0
78,3567732,772866,772866,0,28925265920,6310049010,3658491101,0,2651557909,0
79,3612081,781297,781297,0,29285120000,6376027080,3697616752,0,2678410328,0
80,3656412,784282,784282,0,29644994560,6399193338,3712022527,0,2687170811,0
81,3700674,787566,787566,0,30004213760,6425556325,3729265886,0,2696290439,0
82,3740691,798725,798725,0,30326528000,6515039713,3789624576,0,2725415137,0
83,3783372,805381,805381,0,30671964160,6567954497,3823736952,0,2744217545,0
84,3825950,810353,810353,0,31016939520,6607659097,3849701575,0,2757957522,0
85,3868596,815960,815960,0,31362539520,6650687784,3881352332,0,2769335452,0
86,3910995,819466,819466,0,31706787840,6677029366,3898872649,0,2778156717,0
87,3953403,821838,821838,0,32051159040,6694505446,3910914048,0,2783591398,0
88,3997704,821859,821859,0,32410808320,6694628515,3910940196,0,2783688319,0
89,4042378,824073,824073,0,32773447680,6712487789,3926994280,0,2785493509,0
90,4086956,826102,826102,0,33135206400,6728833826,3942044380,0,2786789446,0
91,4131606,827496,827496,0,33497640960,6740028415,3951925965,0,2788102450,0
92,4176284,834288,834288,0,33860229120,6794113241,3984837235,0,2809276006,0
93,4220932,838026,838026,0,34222755840,6822115611,4001966754,0,2820148857,0
94,4265582,838047,838047,0,34585190400,6822244413,4001992624,0,2820251789,0
