Backup ID, FPindex, SFindex, Deltaindex
0,3607280,192,0
1,5055440,192,0
2,6434800,192,0
3,7770800,192,0
4,8954400,192,0
5,10126720,192,0
6,14600720,192,0
7,17402880,192,0
8,19944800,192,0
9,19946560,192,0
10,20568000,192,0
11,21027520,192,0
12,22200960,192,0
13,22458400,192,0
14,24068640,192,0
15,25290320,192,0
16,27341840,192,0
17,28057680,192,0
18,28591520,192,0
19,29090320,192,0
20,29567360,192,0
21,30039680,192,0
22,30041520,192,0
23,30043200,192,0
24,31288240,192,0
25,31583200,192,0
26,31880320,192,0
27,32983600,192,0
28,33269040,192,0
29,34894880,192,0
30,36234640,192,0
31,36430880,192,0
32,36630240,192,0
33,36827440,192,0
34,37629120,192,0
35,38251920,192,0
36,38855920,192,0
37,40456160,192,0
38,41071760,192,0
39,42455120,192,0
40,43676240,192,0
41,45042000,192,0
42,46255680,192,0
43,46615200,192,0
44,47810800,192,0
45,48015520,192,0
46,48277760,192,0
47,49474000,192,0
48,49476000,192,0
49,49766880,192,0
50,49990000,192,0
51,50907760,192,0
52,51023520,192,0
53,51146880,192,0
54,51264560,192,0
55,51364080,192,0
56,51464880,192,0
57,51673280,192,0
58,51891200,192,0
59,52093920,192,0
60,52297600,192,0
61,52501840,192,0
62,53364800,192,0
63,54047120,192,0
64,54726400,192,0
65,55403280,192,0
66,55405360,192,0
67,55679520,192,0
68,56811840,192,0
69,57028480,192,0
70,57030480,192,0
71,58807680,192,0
72,59713520,192,0
73,60191280,192,0
74,60288400,192,0
75,60765680,192,0
76,60988640,192,0
77,61645600,192,0
78,61829280,192,0
79,62503760,192,0
80,62742560,192,0
81,63005280,192,0
82,63898000,192,0
83,64430480,192,0
84,64828240,192,0
85,65276800,192,0
86,65557280,192,0
87,65747040,192,0
88,65748720,192,0
89,65925840,192,0
90,66088160,192,0
91,66199680,192,0
92,66743040,192,0
93,67042080,192,0
94,67043760,192,0
