BackupID, OnlineSpeed(MB/s), Encalve ProcessTime(s), BackupSize, OnlineSize, OfflineSize, OfflineTime(s)
0, 213.724, 1.67253, 374824960, 227667693, 227667693, 5.8e-05
1, 370.773, 0.942024, 366243840, 319649166, 319649166, 2.3e-05
2, 374.633, 0.935133, 367349760, 408780574, 408780574, 2e-05
3, 412.453, 0.853649, 369192960, 494334901, 494334901, 2.8e-05
4, 432.693, 0.812364, 368578560, 571329736, 571329736, 3e-05
5, 406.002, 0.711756, 303011840, 646271923, 646271923, 3.5e-05
6, 219.111, 2.16972, 498503680, 911511933, 911511933, 1.9e-05
7, 246.451, 1.35288, 349614080, 1068042151, 1068042151, 5.8e-05
8, 278.065, 1.2594, 367206400, 1215721370, 1215721370, 3e-05
9, 764.953, 0.4578, 367206400, 1215745025, 1215745025, 2.5e-05
10, 460.727, 0.782582, 378071040, 1251378869, 1251378869, 3e-05
11, 499.356, 0.596432, 312299520, 1275163857, 1275163857, 2.5e-05
12, 386.793, 0.769624, 312145920, 1350501005, 1350501005, 2.9e-05
13, 667.249, 0.725402, 507535360, 1363590312, 1363590312, 2.2e-05
14, 361.741, 1.37797, 522680320, 1457819117, 1457819117, 4.7e-05
15, 444.413, 1.12183, 522772480, 1530438115, 1530438115, 2.4e-05
16, 305.879, 1.20503, 386498560, 1640670431, 1640670431, 2.7e-05
17, 535.159, 0.684723, 384235520, 1672403035, 1672403035, 2.6e-05
18, 494.887, 0.740482, 384256000, 1700359562, 1700359562, 2.5e-05
19, 591.775, 0.605369, 375644160, 1726167246, 1726167246, 3.5e-05
20, 521.67, 0.688856, 376811520, 1750807680, 1750807680, 2.6e-05
21, 530.37, 0.680926, 378685440, 1775192329, 1775192329, 2.8e-05
22, 717.741, 0.51054, 384235520, 1775217554, 1775217554, 2.8e-05
23, 746.721, 0.490726, 384235520, 1775239441, 1775239441, 2.4e-05
24, 371.372, 1.00009, 389447680, 1855021992, 1855021992, 2.5e-05
25, 563.129, 0.660563, 390051840, 1871406988, 1871406988, 0.000199
26, 607.005, 0.614409, 391065600, 1886926778, 1886926778, 2.5e-05
27, 378.928, 0.984118, 391024640, 1956344080, 1956344080, 2.6e-05
28, 579.169, 0.643028, 390512640, 1972893963, 1972893963, 5.2e-05
29, 296.096, 1.04755, 325242880, 2071737708, 2071737708, 5.3e-05
30, 338.589, 0.9162, 325283840, 2152957520, 2152957520, 8.1e-05
31, 616.064, 0.503369, 325171200, 2165169381, 2165169381, 2.5e-05
32, 573.416, 0.54159, 325642240, 2177526473, 2177526473, 2.5e-05
33, 605.278, 0.513275, 325765120, 2189772243, 2189772243, 2.4e-05
34, 448.455, 0.801755, 377016320, 2222658068, 2222658068, 2.9e-05
35, 481.742, 0.747167, 377425920, 2250625753, 2250625753, 2.4e-05
36, 514.429, 0.736822, 397455360, 2277981805, 2277981805, 2.7e-05
37, 342.267, 1.10106, 395161600, 2365798166, 2365798166, 2.9e-05
38, 530.91, 0.710013, 395264000, 2393498655, 2393498655, 2.4e-05
39, 324.07, 0.965082, 327946240, 2478835296, 2478835296, 9.4e-05
40, 335.866, 0.855997, 301465600, 2555246099, 2555246099, 2.5e-05
41, 331.649, 0.868236, 301936640, 2640962322, 2640962322, 3.1e-05
42, 337.097, 0.854522, 302049280, 2717675874, 2717675874, 3e-05
43, 510.249, 0.565326, 302469120, 2737407440, 2737407440, 2.5e-05
44, 396.428, 0.939814, 390666240, 2813395176, 2813395176, 3e-05
45, 556.389, 0.669653, 390686720, 2825927376, 2825927376, 2.5e-05
46, 595.124, 0.624919, 389969920, 2840464653, 2840464653, 2.5e-05
47, 394.85, 0.944063, 390871040, 2912815002, 2912815002, 2.8e-05
48, 660.516, 0.436715, 302469120, 2912849279, 2912849279, 3.4e-05
49, 558.215, 0.676665, 396072960, 2933299603, 2933299603, 2.3e-05
50, 573.668, 0.657791, 395683840, 2947488598, 2947488598, 2.4e-05
51, 492.043, 0.800831, 413184000, 2987047676, 2987047676, 2.3e-05
52, 547.63, 0.580984, 333619200, 2997132351, 2997132351, 2.5e-05
53, 568.53, 0.515567, 307353600, 3007999221, 3007999221, 4.6e-05
54, 612.906, 0.479051, 307875840, 3018524670, 3018524670, 3.7e-05
55, 589.666, 0.498097, 307978240, 3027202246, 3027202246, 2.9e-05
56, 634.449, 0.463585, 308408320, 3036024041, 3036024041, 2.4e-05
57, 549.882, 0.572974, 330373120, 3049182940, 3049182940, 3e-05
58, 626.956, 0.503004, 330680320, 3063255369, 3063255369, 4.5e-05
59, 578.915, 0.544577, 330577920, 3076220409, 3076220409, 2.7e-05
60, 546.564, 0.577614, 331038720, 3089224387, 3089224387, 2.6e-05
61, 569.054, 0.554992, 331161600, 3102190806, 3102190806, 2.6e-05
62, 475.483, 0.790581, 394168320, 3139533830, 3139533830, 2.5e-05
63, 529.608, 0.711796, 395284480, 3170389221, 3170389221, 2.8e-05
64, 529.14, 0.748524, 415313920, 3201112944, 3201112944, 3.2e-05
65, 482.61, 0.8162, 413040640, 3231651399, 3231651399, 2.3e-05
66, 800.632, 0.367361, 308408320, 3231685979, 3231685979, 2.5e-05
67, 636.051, 0.599663, 399943680, 3248153250, 3248153250, 2.6e-05
68, 396.466, 0.944774, 392765440, 3320179501, 3320179501, 2.5e-05
69, 540.806, 0.698737, 396236800, 3333849589, 3333849589, 2.6e-05
70, 769.999, 0.381976, 308408320, 3333883573, 3333883573, 3.2e-05
71, 283.754, 1.15744, 344381440, 3457781595, 3457781595, 4.7e-05
72, 415.735, 0.825017, 359649280, 3518132930, 3518132930, 2.5e-05
73, 519.135, 0.638401, 347514880, 3552582254, 3552582254, 2.5e-05
74, 627.149, 0.52876, 347719680, 3561105715, 3561105715, 3e-05
75, 502.08, 0.660553, 347760640, 3591645682, 3591645682, 2.5e-05
76, 592.969, 0.559255, 347729920, 3605886067, 3605886067, 2.4e-05
77, 447.601, 0.766107, 359567360, 3645736616, 3645736616, 2.6e-05
78, 581.505, 0.589526, 359464960, 3658491101, 3658491101, 2.7e-05
79, 447.899, 0.766208, 359854080, 3697616752, 3697616752, 2.3e-05
80, 567.619, 0.604636, 359874560, 3712022527, 3712022527, 2.4e-05
81, 523.271, 0.654686, 359219200, 3729265886, 3729265886, 2.5e-05
82, 376.112, 0.817265, 322314240, 3789624576, 3789624576, 2.7e-05
83, 460.272, 0.715736, 345436160, 3823736952, 3823736952, 2.6e-05
84, 527.236, 0.623998, 344975360, 3849701575, 3849701575, 2.8e-05
85, 556.768, 0.59197, 345600000, 3881352332, 3881352332, 2.5e-05
86, 567.604, 0.578398, 344248320, 3898872649, 3898872649, 2.7e-05
87, 554.036, 0.592774, 344371200, 3910914048, 3910914048, 0.000174
88, 667.016, 0.514213, 359649280, 3910940196, 3910940196, 0.000181
89, 630.308, 0.548684, 362639360, 3926994280, 3926994280, 0.000172
90, 602.64, 0.572481, 361758720, 3942044380, 3942044380, 6e-05
91, 629.756, 0.548855, 362434560, 3951925965, 3951925965, 3e-05
92, 491.742, 0.703196, 362588160, 3984837235, 3984837235, 2.5e-05
93, 559.081, 0.618394, 362526720, 4001966754, 4001966754, 2.6e-05
94, 662.244, 0.521929, 362434560, 4001992624, 4001992624, 3.8e-05
