Backup ID, Ecall, Inline_Ocall, Offline_Ocall, _Inline_FPOcall, _Inline_SFOcall, _Inline_LocalOcall, _Inline_LoadOcall, _Inline_DeltaOcall, _Inline_RecipeOcall, _Inline_Write_ContainerOcall, _inline_have_similar_chunk_num, _inline_need_load_container_num
0,372,416,0,370,0,0,0,0,46,55,0,0,
1,738,785,0,694,0,0,0,0,91,78,0,0,
2,1104,1152,0,1016,0,0,0,0,136,100,0,0,
3,1471,1515,0,1334,0,0,0,0,181,121,0,0,
4,1838,1848,0,1622,0,0,0,0,226,140,0,0,
5,2138,2124,0,1861,0,0,0,0,263,158,0,0,
6,2624,2663,0,2340,0,0,0,0,323,222,0,0,
7,2956,3030,0,2666,0,0,0,0,364,260,0,0,
8,3302,3398,0,2992,0,0,0,0,406,296,0,0,
9,3648,3447,0,2999,0,0,0,0,448,297,0,0,
10,4023,3645,0,3151,0,0,0,0,494,306,0,0,
11,4331,3815,0,3283,0,0,0,0,532,312,0,0,
12,4639,4095,0,3525,0,0,0,0,570,331,0,0,
13,5134,4305,0,3674,0,0,0,0,631,335,0,0,
14,5647,4711,0,4017,0,0,0,0,694,358,0,0,
15,6161,5076,0,4319,0,0,0,0,757,376,0,0,
16,6525,5454,0,4652,0,0,0,0,802,403,0,0,
17,6886,5679,0,4833,0,0,0,0,846,411,0,0,
18,7267,5880,0,4987,0,0,0,0,893,418,0,0,
19,7642,6082,0,5143,0,0,0,0,939,425,0,0,
20,8017,6280,0,5295,0,0,0,0,985,431,0,0,
21,8393,6475,0,5444,0,0,0,0,1031,437,0,0,
22,8754,6526,0,5451,0,0,0,0,1075,438,0,0,
23,9115,6577,0,5458,0,0,0,0,1119,439,0,0,
24,9499,6847,0,5681,0,0,0,0,1166,459,0,0,
25,9883,7093,0,5880,0,0,0,0,1213,463,0,0,
26,10268,7331,0,6071,0,0,0,0,1260,467,0,0,
27,10652,7594,0,6287,0,0,0,0,1307,484,0,0,
28,11035,7831,0,6477,0,0,0,0,1354,488,0,0,
29,11351,8166,0,6773,0,0,0,0,1393,512,0,0,
30,11667,8463,0,7031,0,0,0,0,1432,532,0,0,
31,11983,8618,0,7147,0,0,0,0,1471,535,0,0,
32,12299,8774,0,7264,0,0,0,0,1510,538,0,0,
33,12616,8926,0,7377,0,0,0,0,1549,541,0,0,
34,12971,9082,0,7489,0,0,0,0,1593,549,0,0,
35,13326,9240,0,7603,0,0,0,0,1637,556,0,0,
36,13699,9397,0,7714,0,0,0,0,1683,563,0,0,
37,14069,9735,0,8007,0,0,0,0,1728,585,0,0,
38,14439,9895,0,8122,0,0,0,0,1773,592,0,0,
39,14759,10185,0,8373,0,0,0,0,1812,613,0,0,
40,15052,10472,0,8624,0,0,0,0,1848,632,0,0,
41,15346,10776,0,8892,0,0,0,0,1884,653,0,0,
42,15640,11082,0,9162,0,0,0,0,1920,672,0,0,
43,15934,11363,0,9407,0,0,0,0,1956,677,0,0,
44,16317,11627,0,9624,0,0,0,0,2003,696,0,0,
45,16700,11889,0,9839,0,0,0,0,2050,700,0,0,
46,17083,12124,0,10027,0,0,0,0,2097,704,0,0,
47,17467,12463,0,10319,0,0,0,0,2144,722,0,0,
48,17761,12623,0,10443,0,0,0,0,2180,723,0,0,
49,18150,12792,0,10564,0,0,0,0,2228,728,0,0,
50,18539,12962,0,10686,0,0,0,0,2276,732,0,0,
51,18924,13138,0,10815,0,0,0,0,2323,742,0,0,
52,19250,13284,0,10921,0,0,0,0,2363,745,0,0,
53,19549,13559,0,11159,0,0,0,0,2400,748,0,0,
54,19848,13808,0,11371,0,0,0,0,2437,751,0,0,
55,20148,13951,0,11477,0,0,0,0,2474,754,0,0,
56,20448,14028,0,11517,0,0,0,0,2511,757,0,0,
57,20769,14355,0,11805,0,0,0,0,2550,761,0,0,
58,21090,14654,0,12065,0,0,0,0,2589,765,0,0,
59,21411,14810,0,12182,0,0,0,0,2628,769,0,0,
60,21733,14964,0,12297,0,0,0,0,2667,773,0,0,
61,22055,15117,0,12411,0,0,0,0,2706,777,0,0,
62,22425,15355,0,12604,0,0,0,0,2751,786,0,0,
63,22796,15529,0,12732,0,0,0,0,2797,794,0,0,
64,23185,15704,0,12859,0,0,0,0,2845,802,0,0,
65,23571,16057,0,13165,0,0,0,0,2892,810,0,0,
66,23871,16129,0,13200,0,0,0,0,2929,811,0,0,
67,24263,16305,0,13328,0,0,0,0,2977,815,0,0,
68,24650,16573,0,13548,0,0,0,0,3025,833,0,0,
69,25039,16842,0,13769,0,0,0,0,3073,837,0,0,
70,25339,16913,0,13803,0,0,0,0,3110,838,0,0,
71,25673,17166,0,14015,0,0,0,0,3151,868,0,0,
72,26022,17434,0,14240,0,0,0,0,3194,883,0,0,
73,26360,17664,0,14429,0,0,0,0,3235,892,0,0,
74,26698,17852,0,14576,0,0,0,0,3276,895,0,0,
75,27036,18047,0,14730,0,0,0,0,3317,903,0,0,
76,27374,18280,0,14922,0,0,0,0,3358,907,0,0,
77,27723,18523,0,15122,0,0,0,0,3401,917,0,0,
78,28071,18744,0,15300,0,0,0,0,3444,921,0,0,
79,28420,19008,0,15521,0,0,0,0,3487,931,0,0,
80,28769,19254,0,15724,0,0,0,0,3530,935,0,0,
81,29117,19474,0,15901,0,0,0,0,3573,940,0,0,
82,29432,19692,0,16080,0,0,0,0,3612,955,0,0,
83,29768,19904,0,16251,0,0,0,0,3653,964,0,0,
84,30103,20114,0,16420,0,0,0,0,3694,971,0,0,
85,30439,20349,0,16614,0,0,0,0,3735,979,0,0,
86,30773,20563,0,16787,0,0,0,0,3776,984,0,0,
87,31107,20763,0,16946,0,0,0,0,3817,987,0,0,
88,31456,20933,0,17073,0,0,0,0,3860,988,0,0,
89,31808,21140,0,17237,0,0,0,0,3903,992,0,0,
90,32159,21273,0,17327,0,0,0,0,3946,996,0,0,
91,32510,21398,0,17409,0,0,0,0,3989,999,0,0,
92,32862,21617,0,17585,0,0,0,0,4032,1007,0,0,
93,33213,21832,0,17757,0,0,0,0,4075,1012,0,0,
94,33564,21950,0,17832,0,0,0,0,4118,1013,0,0,
