Backup ID, Logical chunk num, Unique chunk num, Base chunk num, Delta chunk num, Logical chunk size, Unique chunk size, Base chunk size, Delta chunk size, LZ4_save size, Delta_save size, 
0,24641,24495,24461,34,208250880,207122891,100522795,132661,106250527,216908
1,49838,39626,31436,8190,420976640,343883169,130445276,1751231,137248341,74438321
2,75769,54678,37900,16778,640409600,480951594,157626376,3703145,166447255,153174818
3,102154,69374,45901,23473,864501760,615776387,192275890,5369929,203349709,214780859
4,128934,85204,60456,24748,1092659200,760639837,257030962,5664190,271262754,226681931
5,156457,101934,75859,26075,1326612480,913110906,325206726,5955877,342492262,239456041
6,184290,118788,90078,28710,1563217920,1067086366,388454021,6465835,408254725,263911785
7,212510,136407,106283,30124,1803356160,1227283855,460454327,6795602,483053132,276980794
8,241451,155151,123332,31819,2049822720,1397466120,536575939,7162931,560801047,292926203
9,270745,172102,138096,34006,2300139520,1554665685,602725250,7566122,630245853,314128460
10,300593,189672,154043,35629,2554542080,1715971804,673399989,7861066,705374953,329335796
11,331389,208165,171594,36571,2817464320,1885698253,751360312,8014444,787785381,338538116
12,362473,226816,188471,38345,3082168320,2056620195,826393379,8352462,866705449,355168905
13,394467,248136,208534,39602,3355002880,2249505687,915399644,8600698,959069872,366435473
14,427730,269719,228625,41094,3639654400,2446105951,1004457011,8983140,1052196221,380469579
15,461573,291289,248444,42845,3929231360,2642868685,1092114906,9416985,1144498681,396838113
16,495907,313484,268774,44710,4223057920,2845343213,1182179485,9924690,1238816457,414422581
17,533891,338250,291895,46355,4533319680,3055374134,1276426056,10301457,1339432400,429214221
18,573226,363914,316521,47393,4869498880,3288730076,1384738658,10545775,1454792822,438652821
19,614460,390057,340370,49687,5222645760,3527677934,1489828130,11038235,1566591759,460219810
20,657190,416136,363497,52639,5588357120,3767058441,1591920526,11777261,1675507460,487853194
21,701984,444128,389319,54809,5970749440,4022803683,1705021069,12329135,1797330544,508122935
22,748244,472329,414480,57849,6365849600,4281805935,1815578009,12928734,1916868251,536430941
23,795533,500237,440627,59610,6770524160,4539452538,1931457109,13294613,2041544486,553156330
24,843831,528928,466614,62314,7183421440,4803542209,2045589663,13823408,2164848419,579280719
25,892453,557325,492889,64436,7597076480,5064122709,2160929998,14236013,2289100027,599856671
26,943081,588339,522257,66082,8028426240,5347599334,2288988590,14529942,2428794892,615285910
27,994732,617593,547861,69732,8468920320,5618093235,2401687129,15138330,2552091988,649175788
28,1047519,648825,577222,71603,8918517760,5905656166,2531297060,15460816,2692210915,666687375
29,1100481,678191,603482,74709,9369497600,6177498332,2647309785,16282113,2817750212,696156222
30,1161683,730293,655202,75091,9891061760,6631310292,2860885235,16488265,3054541602,699395190
31,1224165,764459,674816,89643,10425190400,6949135668,2945424979,19121008,3147910368,836679313
32,1287906,799067,696524,102543,10969159680,7270247371,3038837485,21581586,3250954249,958874051
33,1352398,833924,723506,110418,11518976000,7592912324,3156719402,22986398,3381090384,1032116140
34,1418053,869731,755181,114550,12079032320,7925229976,3295444599,23603992,3534895802,1071285583
35,1485051,906885,788178,118707,12650547200,8269312100,3439524531,24237147,3695288427,1110261995
36,1552883,943650,821245,122405,13229209600,8610980264,3584576614,24800568,3856018482,1145584600
37,1620506,980487,854821,125666,13805813760,8953041890,3731833538,25260166,4019423927,1176524259
38,1688546,1017268,887312,129956,14386237440,9294603528,3874259931,25784746,4176643144,1217915707
39,1757006,1054333,921157,133176,14970695680,9640069539,4023077051,26227540,4341733963,1249030985
40,1810412,1083547,950181,133366,15425167360,9911406345,4151839751,26269704,4482622441,1250674449
41,1864540,1113534,979517,134017,15886080000,10189212551,4281667537,26353334,4624340735,1256850945
42,1919273,1143338,1008270,135068,16352163840,10465661096,4409057948,26486198,4763488019,1266628931
43,1974837,1173737,1037538,136199,16824729600,10747386683,4538803740,26621733,4904264463,1277696747
44,2031182,1204027,1067103,136924,17304453120,11028976023,4669618177,26696305,5047652976,1285008565
45,2088613,1233728,1095434,138294,17793658880,11306693526,4795582402,26881689,5186244217,1297985218
46,2147190,1264387,1125066,139321,18292684800,11593204633,4926788080,27019856,5331716810,1307679887
47,2206496,1294554,1154441,140113,18798346240,11876362472,5057618959,27119192,5476244635,1315379686
48,2266715,1323504,1182298,141206,19312179200,12150398334,5182232950,27241680,5614760074,1326163630
49,2335940,1359838,1217779,142059,19902177280,12489094108,5338694885,27453819,5789015130,1333930274
50,2419066,1426420,1284053,142367,20615280640,13077690238,5608516314,27601693,6104956955,1336615276
51,2503193,1471068,1314325,156743,21337559040,13492750308,5738613780,30063947,6251459825,1472612756
52,2593570,1520912,1353239,167673,22117294080,13956496725,5895277064,32100594,6453671913,1575447154
53,2687808,1568890,1392105,176785,22935326720,14407514754,6058732744,33851744,6651709539,1663220727
54,2782874,1615142,1433282,181860,23760384000,14838437071,6237121307,34677941,6854751465,1711886358
55,2878878,1662942,1477223,185719,24594739200,15284296250,6428566213,35212741,7071475210,1749042086
56,2975128,1710128,1520043,190085,25430681600,15725714597,6613873731,35911320,7284605642,1791323904
57,3070965,1757037,1562968,194069,26264494080,16164609531,6799431534,36484174,7498093055,1830600768
58,3166442,1803100,1605512,197588,27094425600,16595252208,6985282705,36956903,7708347412,1864665188
59,3262959,1849992,1648819,201173,27933890560,17033027647,7173833318,37439155,7921733960,1900021214
60,3332759,1886832,1685461,201371,28529817600,17377600787,7336080288,37488456,8102071297,1901960746
61,3430872,1934164,1730955,203209,29384591360,17821510252,7533839862,37853691,8330288239,1919528460
62,3504712,1972423,1768402,204021,30015549440,18178220181,7698603089,38021761,8514024102,1927571229
63,3579605,2009807,1803811,205996,30656389120,18529206646,7854997346,38245459,8689335361,1946628480
64,3655420,2047926,1840447,207479,31304744960,18886528805,8016874960,38422925,8869989218,1961241702
65,3732183,2085663,1876527,209136,31962798080,19242462056,8176741649,38610340,9049439603,1977670464
66,3809922,2124329,1913888,210441,32629002240,19606090117,8342312778,38747970,9234401135,1990628234
67,3888789,2162403,1950123,212280,33305978880,19966345083,8503306704,38927045,9415370558,2008740776
68,3968924,2200450,1986392,214058,33992949760,20325995601,8664659199,39095272,9596789396,2025451734
69,4050053,2237353,2021874,215479,34688532480,20677381896,8822734596,39240536,9775605772,2039800992
70,4149217,2284535,2068311,216224,35551836160,21119663880,9024261841,39441103,10008729420,2047231516
71,4265450,2371143,2154229,216914,36571084800,21893659608,9360707670,40446081,10439128845,2053377012
72,4386386,2425654,2188793,236861,37635307520,22408755401,9501407832,44223494,10619250301,2243873774
73,4508081,2477154,2223473,253681,38705633280,22895215145,9649007802,47150887,10793667423,2405389033
74,4632072,2531806,2268854,262952,39797422080,23410168790,9841325199,48768220,11024952451,2495122920
75,4732223,2578458,2314889,263569,40669081600,23848856535,10042652267,48884554,11256237272,2501082442
76,4832181,2625447,2360605,264842,41540311040,24291221580,10241200463,49128566,11487177040,2513715511
77,4936619,2671964,2404455,267509,42453647360,24729783746,10431637957,49476906,11709298720,2539370163
78,5043629,2718584,2449000,269584,43391784960,25170334985,10625068161,49729078,11935743608,2559794138
79,5152164,2765822,2493894,271928,44339476480,25614745161,10818733938,50037772,12163769647,2582203804
80,5261707,2811976,2537293,274683,45297090560,26053001409,11007199547,50337000,12386048041,2609416821
81,5372102,2858319,2581203,277116,46262865920,26494109032,11198928240,50596746,12611023517,2633560529
82,5484739,2905801,2626394,279407,47246745600,26944336428,11395282122,50870992,12841648675,2656534639
83,5615274,2974727,2695086,279641,48257761280,27443678836,11625270657,51015175,13108722927,2658670077
84,5746948,3029093,2719703,309390,49277388800,27828197717,11701950681,57536898,13198804521,2869905617
85,5878524,3079049,2731604,347445,50296289280,28176859675,11735612250,64016042,13241004528,3136226855
86,6010103,3128955,2751641,377314,51315240960,28525163481,11796879003,68629963,13315155002,3344499513
87,6141701,3178812,2788429,390383,52334305280,28872958077,11911619729,70303973,13451613513,3439420862
88,6273302,3228688,2825092,403596,53353441280,29220978790,12026098632,71439858,13587532900,3535907400
89,6404919,3278502,2868140,410362,54372648960,29568467799,12162217031,72054243,13747827243,3586369282
90,6536540,3328324,2911930,416394,55391866880,29916062621,12300718518,72518662,13910876679,3631948762
91,6668160,3378140,2954728,423412,56411105280,30263561394,12435630225,73799714,14071205439,3682926016
92,6804565,3431960,3005712,426248,57475010560,30644138614,12601033160,74229734,14264555951,3704319769
93,6940979,3482283,3048877,433406,58538915840,30995265413,12736673299,74800161,14426111824,3757680129
94,7077386,3532627,3092233,440394,59602872320,31346808615,12873431804,75306195,14588065494,3810005122
95,7213812,3582970,3137360,445610,60666920960,31698289312,13016201785,75683716,14757246681,3849157130
96,7350241,3633269,3182796,450473,61731000320,32049460760,13160300659,76019882,14927429177,3885711042
97,7486674,3683528,3228130,455398,62795130880,32400320490,13303772629,76367979,15097381923,3922797959
98,7623116,3733785,3273545,460240,63859322880,32751090403,13447382921,76704072,15267766125,3959237285
99,7759591,3784184,3320538,463646,64923535360,33102591715,13596135502,77324368,15444205946,3984925899
100,7896734,3837918,3373011,464907,65993605120,33482551991,13766985604,77546205,15642982941,3995037241
101,8033918,3888530,3417295,471235,67063715840,33836062449,13906452454,78617148,15809428091,4041564756
102,8171098,3939120,3464243,474877,68133888000,34189542680,14055593703,79047234,15985752958,4069148785
103,8308293,3989691,3510579,479112,69204070400,34542631238,14202267069,79407888,16159903637,4101052644
104,8445492,4040213,3557784,482429,70274324480,34895496730,14351973486,79685809,16337477143,4126360292
105,8582680,4090615,3603487,487128,71344588800,35247383444,14496923103,80020640,16509196504,4161243197
106,8719869,4141100,3650409,490691,72414894080,35599950429,14645973027,80281951,16685337807,4188357644
107,8857075,4191540,3696667,494873,73485209600,35952016244,14792769217,80578457,16859031840,4219636730
108,8994276,4241970,3743346,498624,74555525120,36304049595,14940444619,81215435,17034835763,4247553778
109,9133868,4296766,3796989,499777,75646996480,36692624072,15114968168,81388970,17239595178,4256671756
110,9273476,4347897,3843626,504271,76738498560,37049737902,15262119812,81736399,17414648703,4291232988
111,9413087,4398892,3890042,508850,77830031360,37405820556,15408738531,82079662,17589208545,4325793818
112,9552710,4449914,3934642,515272,78921687040,37762308541,15549350686,82498847,17756761937,4373697071
113,9692345,4500877,3981816,519061,80013373440,38118104505,15698707443,82764397,17934431259,4402201406
114,9831983,4551835,4026876,524959,81105090560,38473884103,15841004336,83171033,18102718468,4446990266
115,9971637,4602922,4076139,526783,82196858880,38830540205,15997654233,83298733,18288715010,4460872229
116,10111284,4653852,4123545,530307,83288637440,39186071420,16147625076,83919915,18467033930,4487492499
117,10254480,4719071,4188044,531027,84415191040,39665633935,16361640145,84140432,18726391559,4493461799
118,10397681,4770973,4235112,535861,85541744640,40028724542,16510891439,84505765,18903555832,4529771506
119,10540871,4822680,4283025,539655,86668339200,40390617824,16663005663,84783856,19084321301,4558507004
120,10684073,4874361,4331325,543036,87794995200,40752012280,16816202492,85023039,19266551299,4584235450
121,10827281,4926037,4379396,546641,88921692160,41113288654,16968760249,85271892,19447640996,4611615517
122,10970483,4977636,4425272,552364,90048409600,41473895648,17113479135,85604252,19619557830,4655254431
123,11113686,5029199,4473809,555390,91175137280,41834152531,17267346318,85817621,19802241224,4678747368
124,11256922,5081046,4521830,559216,92301875200,42196440001,17419462135,86477015,19983220519,4707280332
125,11401515,5143663,4583897,559766,93438638080,42646913920,17625530913,86548967,20222961462,4711872578
126,11546098,5195868,4632259,563609,94575441920,43011697796,17778726239,86834898,20405032424,4741104235
127,11690685,5248179,4681080,567099,95712296960,43377614779,17933928014,87090535,20589051062,4767545168
128,11835284,5300501,4729847,570654,96849203200,43743443888,18089045432,87334202,20772379752,4794684502
129,11979903,5352677,4779167,573510,97986140160,44107982046,18245617796,87530368,20958142641,4816691241
130,12124509,5404840,4827662,577178,99123118080,44472661525,18399415541,87770063,21140861446,4844614475
131,12269135,5456984,4874590,582394,100260126720,44837198007,18548302101,88093816,21316934561,4883867529
132,12413757,5509206,4923433,585773,101397145600,45202159037,18703143351,88680817,21501332147,4909002722
133,12560306,5573743,4987302,586441,102548971520,45669972107,18915962341,88806035,21750723892,4914479839
134,12706853,5626534,5037193,589341,103700848640,46039405097,19074306536,89029098,21939441858,4936627605
135,12853388,5679316,5085708,593608,104852684800,46408795222,19228271669,89329419,22122375257,4968818877
136,12999928,5732016,5134362,597654,106004572160,46777402158,19382478358,89602857,22306252542,4999068401
137,13146491,5784871,5183909,600962,107156520960,47147233419,19539823890,89821897,22493193472,5024394160
138,13293046,5837477,5233134,604343,108308500480,47515049838,19696128482,90052467,22679056873,5049812016
139,13439601,5890056,5282460,607596,109460500480,47882533659,19852631843,90278746,22865180194,5074442876
140,13586157,5942529,5329025,613504,110612520960,48249044660,19999916405,90599754,23040112983,5118415518
141,13732717,5995056,5378717,616339,111764551680,48616124200,20157279269,91097408,23228194711,5139552812
142,13880344,6058499,5441106,617393,112924149760,49073860100,20365116351,91243991,23469552804,5147946954
143,14027988,6111925,5491346,620579,114083829760,49447891995,20524487259,91479616,23659572428,5172352692
144,14175645,6165186,5541355,623831,115243581440,49820445302,20683185943,91719518,23848370025,5197169816
145,14323303,6218305,5591283,627022,116403353600,50191733991,20841509554,91936982,24036435832,5221851623
146,14470960,6271425,5641017,630408,117563146240,50563113252,20999499970,92172129,24223729774,5247711379
147,14618628,6324581,5690844,633737,118722969600,50934898919,21157475308,92395033,24412090360,5272938218
148,14766300,6377676,5741044,636632,119882823680,51306102127,21316945562,92592365,24601365332,5295198868
149,14913989,6430735,5791371,639364,121042739200,51676783287,21476608990,92797339,24791208077,5316168881
150,15061697,6483725,5842421,641304,122202654720,52046653921,21638161080,93137177,24984428441,5330927223
151,15215081,6551594,5908923,642671,123417743360,52542126172,21855991686,93866598,25250631642,5341636246
152,15368526,6606120,5959918,646202,124632862720,52923284157,22018021673,94144598,25442463283,5368654603
153,15521904,6659947,6010793,649154,125848002560,53299309398,22179388886,94351961,25634536165,5391032386
154,15675282,6713636,6059628,654008,127063162880,53674073370,22333711439,94680749,25817626067,5428055115
155,15828675,6767498,6110240,657258,128278353920,54050239508,22494044886,94900410,26008437162,5452857050
156,15982054,6821147,6161111,660036,129493575680,54424765409,22655388188,95088566,26199998382,5474290273
157,16135440,6874760,6211688,663072,130708828160,54798978754,22815586729,95288798,26390793093,5497310134
158,16288844,6928446,6261992,666454,131924111360,55173626794,22974395305,95864220,26580369444,5522997825
159,16447881,6997829,6330551,667278,133193082880,55683897240,23197297306,96262501,26859761054,5530576379
160,16606926,7052409,6381424,670985,134462105600,56065143765,23358621182,96548034,27051388143,5558586406
161,16765974,7106802,6431744,675058,135731159040,56444802879,23517429371,96844893,27240965446,5589563169
162,16925032,7161385,6482764,678621,137000273920,56826044878,23678897814,97096950,27433218515,5616831599
163,17084103,7215812,6533851,681961,138269419520,57205869603,23840460229,97333048,27625752227,5642324099
164,17243196,7270287,6584947,685340,139538606080,57586041595,24001757177,97569614,27818657478,5668057326
165,17402274,7324836,6633716,691120,140807864320,57967173406,24155613239,97908889,28002168334,5711482944
166,17561357,7379256,6685207,694049,142077163520,58347083586,24318487396,98106218,28196396998,5734092974
167,17720447,7433609,6736932,696677,143346462720,58726475359,24482012801,98563034,28391697793,5754201731
168,17886817,7504752,6807170,697582,144686612480,59254482293,24709151109,98919235,28684937595,5761474354
169,18053209,7560224,6859112,701112,146026874880,59642371034,24873487979,99229195,28881418918,5788234942
170,18219602,7615541,6909790,705751,147367178240,60028979932,25033606583,99595485,29072657539,5823120325
171,18386010,7670761,6961401,709360,148707522560,60414563771,25196535578,99858396,29267781276,5850388521
172,18552417,7725971,7011653,714318,150047897600,60800172108,25355139873,100202138,29457021617,5887808480
173,18718807,7781013,7062312,718701,151388272640,61184458625,25514688672,100502178,29648550417,5920717358
174,18885225,7836302,7114535,721767,152728668160,61570577496,25679860036,100726512,29846055029,5943935919
175,19051640,7891501,7165528,725973,154069084160,61956043340,25840466289,101476506,30038964746,5975135799
176,19220179,7958927,7231802,727125,155427061760,62443904441,26059057948,101697509,30298740963,5984408021
177,19388737,8014877,7281758,733119,156785070080,62834909536,26216509151,102193291,30486988956,6029218138
178,19557303,8070715,7334521,736194,158143150080,63225012328,26383215449,102435521,30686666848,6052694510
179,19725862,8126473,7386580,739893,159501301760,63614575920,26547442548,102701518,30883425160,6081006694
180,19894446,8182287,7439452,742835,160859504640,64004795765,26714640229,102913531,31083687584,6103554421
181,20063015,8238008,7490534,747474,162217748480,64394128344,26875374948,103227095,31276663642,6138862659
182,20231579,8293687,7543065,750622,163576023040,64783161592,27041473419,103446629,31475151206,6163090338
183,20400159,8349256,7592786,756470,164934318080,65171073852,27197535706,103794778,31662422483,6207320885
184,20568769,8405097,7647083,758014,166292643840,65560730580,27368976308,104058509,31868356340,6219339423
185,20738884,8474319,7715707,758612,167663482880,66060826530,27593312778,104161673,32138962557,6224389522
186,20909007,8530654,7766561,764093,169034342400,66453771629,27752566162,104628329,32330536391,6266040747
187,21079149,8586848,7819569,767279,170405335040,66846099255,27920030423,104887166,32531125318,6290056348
188,21249296,8643194,7872365,770829,171776348160,67239456128,28086782851,105171403,32730273593,6317228281
189,21419516,8699712,7924575,775137,173147402240,67633595012,28251311058,105501391,32927243178,6349539385
190,21589668,8755882,7977570,778312,174518487040,68025605366,28418450577,105739652,33127473639,6373941498
191,21759830,8812170,8030018,782152,175889612800,68418780233,28583774428,105998840,33326001924,6403005041
192,21930000,8868495,8082475,786020,177260769280,68811767293,28749188363,106259935,33524051408,6432267587
193,22100177,8924695,8136185,788510,178631946240,69203938386,28918474152,106692213,33727562482,6451209539
194,22271074,8992244,8203090,789154,180008775680,69690705773,29139073772,106792071,33988421883,6456418047
195,22441790,9048642,8255854,792788,181384151040,70084352759,29305290932,107103829,34188060273,6483897725
196,22612511,9105227,8308070,797157,182759546880,70479646678,29469728247,107433702,34385148309,6517336420
197,22783370,9163082,8363579,799503,184135034880,70884113696,29644644412,107611694,34596473571,6535384019
198,22954098,9219404,8414971,804433,185510543360,71277231023,29806163210,107951423,34790702401,6572413989
199,23124824,9275749,8468378,807371,186886082560,71670617640,29974600443,108166021,34993013286,6594837890
200,23295551,9332065,8521226,810839,188261662720,72063721272,30141106061,108409755,35192775549,6621429907
201,23466280,9388353,8574127,814226,189637253120,72456450053,30307457990,109006311,35393095674,6646890078
202,23639562,9457474,8642520,814954,191035084800,72958078126,30530851371,109148127,35665008234,6653070394
203,23812842,9514409,8695398,819011,192432936960,73355640238,30697405587,109475872,35864943352,6683815427
204,23986132,9571470,8748745,822725,193830850560,73754512241,30865638436,109779538,36066903257,6712191010
205,24159416,9628351,8802038,826313,195228815360,74151741452,31033510570,110053999,36268466770,6739710113
206,24332721,9685313,8855248,830065,196626831360,74549606383,31201130346,110320392,36469796909,6768358736
207,24506020,9742188,8908309,833879,198024888320,74946933668,31368401695,110579126,36671076114,6796876733
208,24679332,9799081,8960973,838108,199422986240,75344383951,31534134831,110861830,36870608936,6828778354
209,24852683,9856049,9015648,840401,200821135360,75742099691,31706346916,111265120,37078489709,6845997946
