Backup ID, FPindex, SFindex, Deltaindex
0,1959600,4687040,1728
1,3170080,6024896,522144
2,4374240,7179968,900320
3,5549920,8281664,1085632
4,6816320,9546112,738208
5,8154720,10920192,692736
6,9503040,12205056,786048
7,10912560,13612800,753376
8,12412080,15070336,778688
9,13768160,16145024,834464
10,15173760,17314624,830912
11,16653200,18665344,805568
12,18145280,20065472,873568
13,19850880,21879744,875968
14,21577520,23834752,919552
15,23303120,25593344,964032
16,25078720,27765056,1020640
17,27060000,30538304,1059840
18,29113120,32971968,1039872
19,31204560,35251200,1137920
20,33290880,37342016,1242624
21,35530240,39657984,1264416
22,37786320,41827968,1363232
23,40018960,43734720,1336096
24,42314240,45715712,1428064
25,44586000,47635648,1440352
26,47067120,50018432,1440832
27,49407440,51915904,1595328
28,51906000,53950272,1557248
29,54255280,55726720,1658048
30,58423440,63404096,1601600
31,61156720,65712896,2513728
32,63925360,67917632,2886720
33,66713920,69908096,2769472
34,69578480,72009920,2550464
35,72550800,74276480,2548032
36,75492000,76383296,2556096
37,78438960,78492480,2550176
38,81381440,80339840,2637856
39,84346640,82387840,2626528
40,86683760,83985600,2446496
41,89082720,85619200,2441824
42,91467040,87128320,2450528
43,93898960,88670720,2429888
44,96322160,90162560,2387872
45,98698240,91416384,2396960
46,101150960,92767424,2358848
47,103564320,93871360,2295584
48,105880320,94676480,2253504
49,108787040,96573184,2178144
50,114113600,105527360,2148960
51,117685440,108246912,3053568
52,121672960,111822912,3272800
53,125511200,114639232,3333504
54,129211360,117299008,3157120
55,133035360,119861312,3089216
56,136810240,122376320,3146208
57,140562960,125010944,3168192
58,144248000,127373632,3170272
59,147999360,129893888,3208832
60,150946560,131617280,3074048
61,154733120,134162816,3024288
62,157793840,135977984,3015456
63,160784560,137536256,3073504
64,163834080,139082496,3042880
65,166853040,140425792,3041024
66,169946320,141909056,2999392
67,172992240,143133760,3003296
68,176036000,144354304,2976352
69,178988240,145276864,2922624
70,182762800,147917312,2843712
71,189691440,159803136,2822048
72,194052320,163132736,4077568
73,198172320,165703744,4468288
74,202544480,168595136,4199392
75,206276640,170645568,4002368
76,210035760,173220288,3904064
77,213757120,175205568,3944160
78,217486720,177031808,3885120
79,221265760,178878912,3858272
80,224958080,180400704,3843392
81,228665520,181859584,3788416
82,232464080,183357696,3695520
83,237978160,194619456,3673312
84,242327440,197958976,5560960
85,246323920,199282944,7092064
86,250316400,200313280,7326272
87,254304960,201111616,5841248
88,258295040,201809664,5527584
89,262280160,202555264,4950336
90,266265920,203197824,4722912
91,270251200,203748160,4704352
92,274556800,205678784,4418656
93,278582640,206332608,4643328
94,282610160,206929600,4706240
95,286637600,207521728,4593344
96,290661520,208227712,4576832
97,294682240,208714176,4569088
98,298702800,209166080,4578272
99,302734720,209726080,4455136
100,307033440,211458816,4286400
101,311082400,212185024,4601664
102,315129600,212743232,4494912
103,319175280,213226560,4524320
104,323217040,213726656,4483360
105,327249200,214109184,4575104
106,331288000,214660352,4529696
107,335323200,215009024,4577696
108,339357600,215381248,4580512
109,343741280,217132224,4369440
110,347831760,217697280,4555968
111,351911360,218139328,4611552
112,355993120,218528960,4772992
113,360070160,218938816,4633856
114,364146800,219362752,4780736
115,368233760,220231552,4568768
116,372308160,220756160,4607968
117,377525680,223619776,4386976
118,381677840,224214848,4618432
119,385814400,224673024,4617664
120,389948880,225082304,4604736
121,394082960,225543936,4627680
122,398210880,225920128,4783840
123,402335920,226301952,4656256
124,406483680,226715520,4679744
125,411493040,229057856,4438048
126,415669440,229643968,4621408
127,419854320,230051584,4645312
128,424040080,230528128,4668320
129,428214160,230993728,4633376
130,432387200,231378816,4695552
131,436558720,231686528,4804096
132,440736480,232094208,4724064
133,445899440,234554240,4504256
134,450122720,235057088,4608800
135,454345280,235526848,4717888
136,458561280,235905856,4741728
137,462789680,236270464,4707648
138,466998160,236595264,4708832
139,471204480,236987328,4712576
140,475402320,237280768,4896096
141,479604480,237659008,4756160
142,484679920,239933248,4595296
143,488954000,240530304,4709568
144,493214880,240995328,4741056
145,497464400,241386048,4761568
146,501714000,241758080,4788288
147,505966480,242146880,4796960
148,510214080,242519872,4793600
149,514458800,242938880,4762432
150,518698000,243530560,4690912
151,524127520,246446656,4629728
152,528489600,247175040,4790496
153,532795760,247719616,4796928
154,537090880,248094336,4922368
155,541399840,248524224,4849472
156,545691760,248870016,4819776
157,549980800,249224000,4842368
158,554275680,249642176,4866336
159,559826320,252777024,4683456
160,564192720,253315648,4865024
161,568544160,253726144,4934560
162,572910800,254227584,4930496
163,577264960,254674624,4931488
164,581622960,255018368,4939200
165,585986880,255309184,5104992
166,590340480,255663680,4962496
167,594688720,256063744,4939200
168,600380160,259311808,4782048
169,604817920,259948416,4948000
170,609243280,260408320,5072384
171,613660880,260836672,5040864
172,618077680,261192896,5142592
173,622481040,261528192,5130432
174,626904160,261942528,5038432
175,631320080,262416192,5098656
176,636714160,264814464,4906688
177,641190160,265352960,5207520
178,645657200,265880384,5089536
179,650117840,266275904,5126080
180,654582960,266711808,5082848
181,659040640,267087104,5193696
182,663494960,267431680,5135136
183,667940480,267711296,5312128
184,672407760,268242048,5062336
185,677945520,271215104,4941504
186,682452320,271800832,5237536
187,686947840,272185664,5136064
188,691455520,272639488,5188640
189,695976960,273240128,5247744
190,700470560,273595904,5188672
191,704973600,273941056,5213952
192,709479600,274322688,5233696
193,713975600,274741056,5155712
194,719379520,277334272,5026784
195,723891360,277915776,5187936
196,728418160,278396672,5272928
197,733046560,279270528,5168704
198,737552320,279595264,5312576
199,742059920,279932352,5223872
200,746565200,280292672,5260192
201,751068240,280737024,5267456
202,756597920,283307840,5061472
203,761152720,283946624,5256992
204,765717600,284433216,5282368
205,770268080,284866560,5301088
206,774825040,285230144,5331424
207,779375040,285536256,5353440
208,783926480,285992512,5388032
209,788483920,286430016,5254048
