Backup ID, Online Delta_save, Offline Delta_save, Offline delta time, Offline dedelta time, Offline delete time, Offline Delta chunk num
0,216908,0,0,0,0,0
1,74438321,0,0,0,0,0
2,153174818,0,0,0,19,0
3,214780859,0,0,0,62,0
4,226681931,0,0,0,122,0
5,239456041,0,0,0,199,0
6,263911785,0,0,0,289,0
7,276980794,0,0,0,391,0
8,292926203,0,0,0,510,0
9,314128460,0,0,0,636,0
10,329335796,0,0,0,766,0
11,338538116,0,0,0,906,0
12,355168905,0,0,0,1050,0
13,366435473,0,0,0,1211,0
14,380469579,0,0,0,1384,0
15,396838113,0,0,0,1570,0
16,414422581,0,0,0,1762,0
17,429214221,0,0,0,1967,0
18,438652821,0,0,0,2186,0
19,460219810,0,0,0,2418,0
20,487853194,0,0,0,2666,0
21,508122935,0,0,0,2916,0
22,536430941,0,0,0,3187,0
23,553156330,0,0,0,3464,0
24,579280719,0,0,0,3738,0
25,599856671,0,0,0,4034,0
26,615285910,0,0,0,4333,0
27,649175788,0,0,0,4634,0
28,666687375,0,0,0,5002,0
29,696156222,0,0,0,5329,0
30,699395190,0,0,0,5749,0
31,836679313,0,0,0,6021,0
32,958874051,0,0,0,6323,0
33,1032116140,0,0,0,6676,0
34,1071285583,0,0,0,7024,0
35,1110261995,0,0,0,7377,0
36,1145584600,0,0,0,7752,0
37,1176524259,0,0,0,8115,0
38,1217915707,0,0,0,8460,0
39,1249030985,0,0,0,8851,0
40,1250674449,0,0,0,9362,0
41,1256850945,0,0,0,9856,0
42,1266628931,0,0,0,10349,0
43,1277696747,0,0,0,10857,0
44,1285008565,0,0,0,11353,0
45,1297985218,0,0,0,11856,0
46,1307679887,0,0,0,12343,0
47,1315379686,0,0,0,12826,0
48,1326163630,0,0,0,13274,0
49,1333930274,0,0,0,13782,0
50,1336615276,0,0,0,14438,0
51,1472612756,0,0,0,14947,0
52,1575447154,0,0,0,15461,0
53,1663220727,0,0,0,15992,0
54,1711886358,0,0,0,16555,0
55,1749042086,0,0,0,17146,0
56,1791323904,0,0,0,17675,0
57,1830600768,0,0,0,18182,0
58,1864665188,0,0,0,18737,0
59,1900021214,0,0,0,19316,0
60,1901960746,0,0,0,20002,0
61,1919528460,0,0,0,20613,0
62,1927571229,0,0,0,21331,0
63,1946628480,0,0,0,22000,0
64,1961241702,0,0,0,22690,0
65,1977670464,0,0,0,23354,0
66,1990628234,0,0,0,24037,0
67,2008740776,0,0,0,24679,0
68,2025451734,0,0,0,25327,0
69,2039800992,0,0,0,25921,0
70,2047231516,0,0,0,26599,0
71,2053377012,0,0,0,27572,0
72,2243873774,0,0,0,28175,0
73,2405389033,0,0,0,28820,0
74,2495122920,0,0,0,29482,0
75,2501082442,0,0,0,30268,0
76,2513715511,0,0,0,31046,0
77,2539370163,0,0,0,31759,0
78,2559794138,0,0,0,32450,0
79,2582203804,0,0,0,33145,0
80,2609416821,0,0,0,33801,0
81,2633560529,0,0,0,34457,0
82,2656534639,0,0,0,35113,0
83,2658670077,0,0,0,36235,0
84,2869905617,0,0,0,36612,0
85,3136226855,0,0,0,36817,0
86,3344499513,0,0,0,37108,0
87,3439420862,0,0,0,37364,0
88,3535907400,0,0,0,37602,0
89,3586369282,0,0,0,37828,0
90,3631948762,0,0,0,38033,0
91,3682926016,0,0,0,38242,0
92,3704319769,0,0,0,38735,0
93,3757680129,0,0,0,38952,0
94,3810005122,0,0,0,39192,0
95,3849157130,0,0,0,39435,0
96,3885711042,0,0,0,39678,0
97,3922797959,0,0,0,39902,0
98,3959237285,0,0,0,40131,0
99,3984925899,0,0,0,40400,0
100,3995037241,0,0,0,40870,0
101,4041564756,0,0,0,41113,0
102,4069148785,0,0,0,41377,0
103,4101052644,0,0,0,41634,0
104,4126360292,0,0,0,41887,0
105,4161243197,0,0,0,42130,0
106,4188357644,0,0,0,42384,0
107,4219636730,0,0,0,42634,0
108,4247553778,0,0,0,42875,0
109,4256671756,0,0,0,43382,0
110,4291232988,0,0,0,43677,0
111,4325793818,0,0,0,43952,0
112,4373697071,0,0,0,44224,0
113,4402201406,0,0,0,44486,0
114,4446990266,0,0,0,44765,0
115,4460872229,0,0,0,45073,0
116,4487492499,0,0,0,45350,0
117,4493461799,0,0,0,46180,0
118,4529771506,0,0,0,46515,0
119,4558507004,0,0,0,46870,0
120,4584235450,0,0,0,47199,0
121,4611615517,0,0,0,47547,0
122,4655254431,0,0,0,47885,0
123,4678747368,0,0,0,48225,0
124,4707280332,0,0,0,48590,0
125,4711872578,0,0,0,49392,0
126,4741104235,0,0,0,49749,0
127,4767545168,0,0,0,50113,0
128,4794684502,0,0,0,50484,0
129,4816691241,0,0,0,50854,0
130,4844614475,0,0,0,51211,0
131,4883867529,0,0,0,51566,0
132,4909002722,0,0,0,51953,0
133,4914479839,0,0,0,52766,0
134,4936627605,0,0,0,53149,0
135,4968818877,0,0,0,53534,0
136,4999068401,0,0,0,53927,0
137,5024394160,0,0,0,54313,0
138,5049812016,0,0,0,54702,0
139,5074442876,0,0,0,55100,0
140,5118415518,0,0,0,55457,0
141,5139552812,0,0,0,55835,0
142,5147946954,0,0,0,56621,0
143,5172352692,0,0,0,57049,0
144,5197169816,0,0,0,57459,0
145,5221851623,0,0,0,57867,0
146,5247711379,0,0,0,58266,0
147,5272938218,0,0,0,58664,0
148,5295198868,0,0,0,59074,0
149,5316168881,0,0,0,59469,0
150,5330927223,0,0,0,59892,0
151,5341636246,0,0,0,60756,0
152,5368654603,0,0,0,61221,0
153,5391032386,0,0,0,61643,0
154,5428055115,0,0,0,62042,0
155,5452857050,0,0,0,62493,0
156,5474290273,0,0,0,62934,0
157,5497310134,0,0,0,63339,0
158,5522997825,0,0,0,63768,0
159,5530576379,0,0,0,64678,0
160,5558586406,0,0,0,65127,0
161,5589563169,0,0,0,65563,0
162,5616831599,0,0,0,66031,0
163,5642324099,0,0,0,66485,0
164,5668057326,0,0,0,66955,0
165,5711482944,0,0,0,67396,0
166,5734092974,0,0,0,67834,0
167,5754201731,0,0,0,68288,0
168,5761474354,0,0,0,69200,0
169,5788234942,0,0,0,69686,0
170,5823120325,0,0,0,70163,0
171,5850388521,0,0,0,70615,0
172,5887808480,0,0,0,71072,0
173,5920717358,0,0,0,71498,0
174,5943935919,0,0,0,71971,0
175,5975135799,0,0,0,72440,0
176,5984408021,0,0,0,73353,0
177,6029218138,0,0,0,73848,0
178,6052694510,0,0,0,74358,0
179,6081006694,0,0,0,74840,0
180,6103554421,0,0,0,75329,0
181,6138862659,0,0,0,75808,0
182,6163090338,0,0,0,76267,0
183,6207320885,0,0,0,76704,0
184,6219339423,0,0,0,77224,0
185,6224389522,0,0,0,78113,0
186,6266040747,0,0,0,78598,0
187,6290056348,0,0,0,79079,0
188,6317228281,0,0,0,79592,0
189,6349539385,0,0,0,80150,0
190,6373941498,0,0,0,80627,0
191,6403005041,0,0,0,81095,0
192,6432267587,0,0,0,81560,0
193,6451209539,0,0,0,82064,0
194,6456418047,0,0,0,82971,0
195,6483897725,0,0,0,83458,0
196,6517336420,0,0,0,83988,0
197,6535384019,0,0,0,84584,0
198,6572413989,0,0,0,85060,0
199,6594837890,0,0,0,85557,0
200,6621429907,0,0,0,86064,0
201,6646890078,0,0,0,86555,0
202,6653070394,0,0,0,87478,0
203,6683815427,0,0,0,88000,0
204,6712191010,0,0,0,88517,0
205,6739710113,0,0,0,89035,0
206,6768358736,0,0,0,89548,0
207,6796876733,0,0,0,90028,0
208,6828778354,0,0,0,90557,0
209,6845997946,0,0,0,91078,0
