BackupID, OnlineSpeed(MB/s), Encalve ProcessTime(s), BackupSize, OnlineSize, OfflineSize, OfflineTime(s)
0, 96.1463, 2.06564, 208250880, 100655456, 100655456, 0.000342
1, 124.38, 1.63106, 212725760, 132196507, 132196507, 0.000644
2, 130.883, 1.59889, 219432960, 161329521, 161329521, 0.252508
3, 136.67, 1.5637, 224092160, 197645819, 197645819, 0.579371
4, 131.201, 1.65843, 228157440, 262695152, 262695152, 0.843705
5, 127.096, 1.75549, 233953280, 331162603, 331162603, 0.924667
6, 124.919, 1.80633, 236605440, 394919856, 394919856, 0.980323
7, 126.1, 1.81613, 240138240, 467249929, 467249929, 1.07007
8, 121.282, 1.93804, 246466560, 543738870, 543738870, 1.20468
9, 130.115, 1.83469, 250316800, 610291372, 610291372, 1.25143
10, 125.488, 1.93338, 254402560, 681261055, 681261055, 1.29521
11, 126.333, 1.98477, 262922240, 759374756, 759374756, 1.50352
12, 127.914, 1.97352, 264704000, 834745841, 834745841, 1.5622
13, 120.244, 2.1639, 272834560, 924000342, 924000342, 1.86376
14, 122.172, 2.22199, 284651520, 1013440151, 1013440151, 2.01711
15, 122.711, 2.25052, 289576960, 1101531891, 1101531891, 2.20045
16, 122.06, 2.29572, 293826560, 1192104175, 1192104175, 2.2548
17, 120.26, 2.46042, 310261760, 1286727513, 1286727513, 2.54405
18, 117.489, 2.72881, 336179200, 1395284433, 1395284433, 2.82797
19, 117.157, 2.87467, 353146880, 1500866365, 1500866365, 2.99248
20, 123.983, 2.81304, 365711360, 1603697787, 1603697787, 3.23731
21, 123.422, 2.95472, 382392320, 1717350204, 1717350204, 3.30485
22, 125.655, 2.99866, 395100160, 1828506743, 1828506743, 3.68446
23, 130.124, 2.96585, 404674560, 1944751722, 1944751722, 3.7587
24, 127.511, 3.08813, 412897280, 2059413071, 2059413071, 3.77503
25, 126.281, 3.12392, 413655040, 2175166011, 2175166011, 4.14238
26, 124.57, 3.3023, 431349760, 2303518532, 2303518532, 4.12997
27, 127.837, 3.28613, 440494080, 2416825459, 2416825459, 4.18234
28, 126.753, 3.38271, 449597440, 2546757876, 2546757876, 5.21574
29, 131.963, 3.25916, 450979840, 2663591898, 2663591898, 4.58431
30, 99.5271, 4.99766, 521564160, 2877373500, 2877373500, 6.01143
31, 128.987, 3.94911, 534128640, 2964545987, 2964545987, 3.70287
32, 126.966, 4.08589, 543969280, 3060419071, 3060419071, 4.26282
33, 130.723, 4.01111, 549816320, 3179705800, 3179705800, 5.07668
34, 133.08, 4.01347, 560056320, 3319048591, 3319048591, 5.00333
35, 128.542, 4.24015, 571514880, 3463761678, 3463761678, 5.1209
36, 132.944, 4.15103, 578662400, 3609377182, 3609377182, 5.4663
37, 134.322, 4.09383, 576604160, 3757093704, 3757093704, 5.308
38, 136.687, 4.04966, 580423680, 3900044677, 3900044677, 4.99231
39, 137.185, 4.06301, 584458240, 4049304591, 4049304591, 5.66125
40, 137.62, 3.14938, 454471680, 4178109455, 4178109455, 7.57966
41, 135.473, 3.24465, 460912640, 4308020871, 4308020871, 7.33396
42, 135.897, 3.2708, 466083840, 4435544146, 4435544146, 7.30173
43, 135.507, 3.32583, 472565760, 4565425473, 4565425473, 7.52995
44, 135.599, 3.37392, 479723520, 4696314482, 4696314482, 7.275
45, 141.931, 3.28712, 489205760, 4822464091, 4822464091, 7.39008
46, 140.076, 3.3975, 499025920, 4953807936, 4953807936, 7.14702
47, 142.398, 3.38654, 505661440, 5084738151, 5084738151, 7.05156
48, 144.754, 3.38527, 513832960, 5209474630, 5209474630, 6.51063
49, 139.069, 4.04593, 589998080, 5366148704, 5366148704, 7.41457
50, 109.611, 6.20439, 713103360, 5636118007, 5636118007, 9.71663
51, 131.757, 5.22796, 722278400, 5768677727, 5768677727, 7.48826
52, 137.831, 5.39511, 779735040, 5927377658, 5927377658, 7.58801
53, 144.92, 5.38321, 818032640, 6092584488, 6092584488, 7.81133
54, 150.49, 5.2285, 825057280, 6271799248, 6271799248, 8.33676
55, 146.291, 5.43918, 834355200, 6463778954, 6463778954, 8.87825
56, 149.789, 5.32226, 835942400, 6649785051, 6649785051, 8.05639
57, 150.119, 5.29704, 833812480, 6835915708, 6835915708, 7.66439
58, 150.637, 5.25426, 829931520, 7022239608, 7022239608, 8.37035
59, 149.821, 5.34354, 839464960, 7211272473, 7211272473, 8.75043
60, 139.061, 4.08683, 595927040, 7373568744, 7373568744, 10.2956
61, 150.406, 5.41984, 854773760, 7571693553, 7571693553, 9.39131
62, 135.139, 4.45266, 630958080, 7736624850, 7736624850, 10.9678
63, 138.901, 4.39993, 640839680, 7893242805, 7893242805, 10.2312
64, 139.976, 4.41734, 648355840, 8055297885, 8055297885, 10.5358
65, 147.338, 4.25937, 658053120, 8215351989, 8215351989, 10.0711
66, 145.176, 4.37635, 666204160, 8381060748, 8381060748, 10.4454
67, 146.491, 4.4072, 676976640, 8542233749, 8542233749, 9.7944
68, 148.377, 4.41541, 686970880, 8703754471, 8703754471, 9.80911
69, 154.323, 4.29851, 695582720, 8861975132, 8861975132, 8.94959
70, 152.429, 5.40128, 863303680, 9063702944, 9063702944, 10.1901
71, 119.7, 8.12054, 1019248640, 9401153751, 9401153751, 14.9012
72, 157.607, 6.43956, 1064222720, 9545631326, 9545631326, 9.25007
73, 166.365, 6.13554, 1070325760, 9696158689, 9696158689, 9.84689
74, 163.27, 6.37723, 1091788800, 9890093419, 9890093419, 10.1554
75, 156.382, 5.3157, 871659520, 10091536821, 10091536821, 12.1048
76, 152.809, 5.4373, 871229440, 10290329029, 10290329029, 12.1056
77, 158.194, 5.50606, 913336320, 10481114863, 10481114863, 11.1191
78, 160.66, 5.56875, 938137600, 10674797239, 10674797239, 10.7188
79, 161.968, 5.58003, 947691520, 10868771710, 10868771710, 10.7665
80, 165.104, 5.53138, 957614080, 11057536547, 11057536547, 10.3186
81, 164.684, 5.59273, 965775360, 11249524986, 11249524986, 10.2597
82, 167.041, 5.61718, 983879680, 11446153114, 11446153114, 10.1008
83, 144.197, 6.68654, 1011015680, 11676285832, 11676285832, 17.1183
84, 171.763, 5.66124, 1019627520, 11759487579, 11759487579, 5.80548
85, 196.085, 4.9555, 1018900480, 11799628292, 11799628292, 2.7667
86, 197.592, 4.91796, 1018951680, 11865508966, 11865508966, 4.32404
87, 196.255, 4.952, 1019064320, 11981923702, 11981923702, 4.10441
88, 188.449, 5.15749, 1019136000, 12097538490, 12097538490, 3.82645
89, 183.29, 5.30303, 1019207680, 12234271274, 12234271274, 3.66787
90, 183.608, 5.29389, 1019217920, 12373237180, 12373237180, 3.36897
91, 193.233, 5.0303, 1019238400, 12509429939, 12509429939, 3.41283
92, 185.254, 5.47692, 1063905280, 12675262894, 12675262894, 8.13179
93, 199.351, 5.0896, 1063905280, 12811473460, 12811473460, 3.58394
94, 196.943, 5.15209, 1063956480, 12948737999, 12948737999, 3.86178
95, 198.671, 5.10771, 1064048640, 13091885501, 13091885501, 3.99475
96, 196.024, 5.17684, 1064079360, 13236320541, 13236320541, 3.88523
97, 196.327, 5.16909, 1064130560, 13380140608, 13380140608, 3.61182
98, 193.375, 5.24831, 1064192000, 13524086993, 13524086993, 3.74886
99, 196.839, 5.15605, 1064212480, 13673459870, 13673459870, 4.44235
100, 188.846, 5.40386, 1070069760, 13844531809, 13844531809, 7.6895
101, 195.314, 5.22511, 1070110720, 13985069602, 13985069602, 4.22121
102, 195.728, 5.21436, 1070172160, 14134640937, 14134640937, 4.32688
103, 195.093, 5.23138, 1070182400, 14281674957, 14281674957, 4.24677
104, 198.694, 5.13692, 1070254080, 14431659295, 14431659295, 4.12945
105, 195.666, 5.21645, 1070264320, 14576943743, 14576943743, 3.88513
106, 195.12, 5.23125, 1070305280, 14726254978, 14726254978, 4.06501
107, 198.215, 5.14962, 1070315520, 14873347674, 14873347674, 4.10358
108, 196.685, 5.18968, 1070315520, 15021660054, 15021660054, 3.92997
109, 187.15, 5.5619, 1091471360, 15196357138, 15196357138, 8.19665
110, 193.219, 5.38736, 1091502080, 15343856211, 15343856211, 4.76549
111, 195.899, 5.31379, 1091532800, 15490818193, 15490818193, 4.48525
112, 198.519, 5.24426, 1091655680, 15631849533, 15631849533, 4.36118
113, 195.033, 5.33814, 1091686400, 15781471840, 15781471840, 4.22733
114, 195.578, 5.3234, 1091717120, 15924175369, 15924175369, 4.42466
115, 196.581, 5.29651, 1091768320, 16080952966, 16080952966, 4.99903
116, 196.962, 5.28629, 1091778560, 16231544991, 16231544991, 4.51203
117, 171.013, 6.28235, 1126553600, 16445780577, 16445780577, 13.5218
118, 199.276, 5.39135, 1126553600, 16595397204, 16595397204, 5.6715
119, 195.112, 5.50661, 1126594560, 16747789519, 16747789519, 5.8536
120, 201.676, 5.32766, 1126656000, 16901225531, 16901225531, 5.45297
121, 200.166, 5.36804, 1126696960, 17054032141, 17054032141, 5.66293
122, 199.19, 5.39444, 1126717440, 17199083387, 17199083387, 5.45871
123, 201.007, 5.34575, 1126727680, 17353163939, 17353163939, 5.51345
124, 199.698, 5.38083, 1126737920, 17505939150, 17505939150, 5.9158
125, 179.634, 6.03506, 1136762880, 17712079880, 17712079880, 12.9773
126, 199.216, 5.44203, 1136803840, 17865561137, 17865561137, 6.00436
127, 196.92, 5.50574, 1136855040, 18021018549, 18021018549, 5.85531
128, 198.138, 5.47215, 1136906240, 18176379634, 18176379634, 5.9463
129, 197.266, 5.49647, 1136936960, 18333148164, 18333148164, 5.86626
130, 197.034, 5.50314, 1136977920, 18487185604, 18487185604, 5.64542
131, 197.8, 5.48199, 1137008640, 18636395917, 18636395917, 5.58363
132, 197.144, 5.50026, 1137018880, 18791824168, 18791824168, 6.22301
133, 174.42, 6.29784, 1151825920, 19004768376, 19004768376, 13.3925
134, 197.854, 5.55216, 1151877120, 19163335634, 19163335634, 6.57965
135, 196.323, 5.59525, 1151836160, 19317601088, 19317601088, 6.18413
136, 192.964, 5.6929, 1151887360, 19472081215, 19472081215, 6.36463
137, 198.615, 5.53122, 1151948800, 19629645787, 19629645787, 6.20594
138, 198.976, 5.52133, 1151979520, 19786180949, 19786180949, 6.28515
139, 199.344, 5.51125, 1152000000, 19942910589, 19942910589, 6.35417
140, 200.933, 5.46776, 1152020480, 20090516159, 20090516159, 5.65249
141, 174.654, 6.29049, 1152030720, 20248376677, 20248376677, 6.08258
142, 178.252, 6.20401, 1159598080, 20456360342, 20456360342, 13.8948
143, 197.779, 5.59188, 1159680000, 20615966875, 20615966875, 6.95826
144, 199.653, 5.53973, 1159751680, 20774905461, 20774905461, 6.65977
145, 199.371, 5.54767, 1159772160, 20933446536, 20933446536, 6.55475
146, 198.337, 5.5767, 1159792640, 21091672099, 21091672099, 6.40208
147, 197.726, 5.59408, 1159823360, 21249870341, 21249870341, 6.30576
148, 199.912, 5.53306, 1159854080, 21409537927, 21409537927, 6.68178
149, 198.982, 5.55922, 1159915520, 21569406329, 21569406329, 6.33994
150, 198.05, 5.58536, 1159915520, 21731298257, 21731298257, 6.86226
151, 175.353, 6.60838, 1215088640, 21949858284, 21949858284, 13.9446
152, 203.254, 5.70137, 1215119360, 22112166271, 22112166271, 7.53459
153, 204.947, 5.65437, 1215139840, 22273740847, 22273740847, 6.92799
154, 205.883, 5.62877, 1215160320, 22428392188, 22428392188, 6.37449
155, 204.435, 5.66878, 1215191040, 22588945296, 22588945296, 7.19789
156, 207.821, 5.57656, 1215221760, 22750476754, 22750476754, 7.10774
157, 203.026, 5.7084, 1215252480, 22910875527, 22910875527, 6.51791
158, 202.214, 5.73149, 1215283200, 23070259525, 23070259525, 6.89909
159, 178.229, 6.79006, 1268971520, 23293559807, 23293559807, 14.625
160, 206.776, 5.85289, 1269022720, 23455169216, 23455169216, 7.25018
161, 208.854, 5.79478, 1269053440, 23614274264, 23614274264, 6.89239
162, 208.972, 5.7918, 1269114880, 23775994764, 23775994764, 7.40061
163, 208.989, 5.79147, 1269145600, 23937793277, 23937793277, 7.15259
164, 210.538, 5.74902, 1269186560, 24099326791, 24099326791, 7.37961
165, 206.385, 5.86505, 1269258240, 24253522128, 24253522128, 6.90841
166, 207.469, 5.83459, 1269299200, 24416593614, 24416593614, 6.89903
167, 209.209, 5.78607, 1269299200, 24580575835, 24580575835, 7.21587
168, 182.603, 6.99915, 1340149760, 24808070344, 24808070344, 14.6352
169, 213.209, 5.99492, 1340262400, 24972717174, 24972717174, 7.90742
170, 213.631, 5.98328, 1340303360, 25133202068, 25133202068, 7.61604
171, 210.514, 6.07206, 1340344320, 25296393974, 25296393974, 7.25908
172, 214.171, 5.96851, 1340375040, 25455342011, 25455342011, 7.29429
173, 216.968, 5.89156, 1340375040, 25615190850, 25615190850, 6.97628
174, 213.108, 5.99837, 1340395520, 25780586548, 25780586548, 7.61385
175, 212.103, 6.02689, 1340416000, 25941942795, 25941942795, 7.51921
176, 188.362, 6.87542, 1357977600, 26160755457, 26160755457, 14.6272
177, 211.711, 6.1173, 1358008320, 26318702442, 26318702442, 8.05645
178, 214.227, 6.04576, 1358080000, 26485650970, 26485650970, 8.42017
179, 212.69, 6.08977, 1358151680, 26650144066, 26650144066, 7.72738
180, 212.007, 6.10963, 1358202880, 26817553760, 26817553760, 7.97195
181, 211.054, 6.1374, 1358243840, 26978602043, 26978602043, 8.07029
182, 213.605, 6.06423, 1358274560, 27144920048, 27144920048, 7.39316
183, 212.268, 6.10252, 1358295040, 27301330484, 27301330484, 7.01939
184, 214.406, 6.04182, 1358325760, 27473034817, 27473034817, 8.39581
185, 184.332, 7.09229, 1370839040, 27697474451, 27697474451, 14.2239
186, 214.266, 6.10156, 1370859520, 27857194491, 27857194491, 7.89297
187, 213.928, 6.11178, 1370992640, 28024917589, 28024917589, 7.81496
188, 214.018, 6.10931, 1371013120, 28191954254, 28191954254, 8.51692
189, 214.804, 6.08713, 1371054080, 28356812449, 28356812449, 8.8805
190, 213.964, 6.11117, 1371084800, 28524190229, 28524190229, 7.64487
191, 213.241, 6.13205, 1371125760, 28689773268, 28689773268, 7.6376
192, 214.331, 6.101, 1371156480, 28855448298, 28855448298, 7.49746
193, 214.594, 6.09364, 1371176960, 29025166365, 29025166365, 8.12623
194, 185.213, 7.08939, 1376829440, 29245865843, 29245865843, 14.4906
195, 213.703, 6.13776, 1375375360, 29412394761, 29412394761, 7.97916
196, 211.182, 6.21115, 1375395840, 29577161949, 29577161949, 8.4324
197, 213.586, 6.14163, 1375488000, 29752256106, 29752256106, 9.61218
198, 214.422, 6.11779, 1375508480, 29914114633, 29914114633, 7.68424
199, 213.797, 6.1358, 1375539200, 30082766464, 30082766464, 7.97142
200, 215.004, 6.10154, 1375580160, 30249515816, 30249515816, 8.09433
201, 214.907, 6.10434, 1375590400, 30416464301, 30416464301, 7.973
202, 190.535, 6.99649, 1397831680, 30639999498, 30639999498, 14.9028
203, 212.815, 6.2641, 1397852160, 30806881459, 30806881459, 8.97825
204, 214.694, 6.20954, 1397913600, 30975417974, 30975417974, 8.3203
205, 216.218, 6.16602, 1397964800, 31143564569, 31143564569, 8.37733
206, 215.899, 6.17536, 1398016000, 31311450738, 31311450738, 8.264
207, 214.557, 6.21415, 1398056960, 31478980821, 31478980821, 8.07081
208, 213.394, 6.24822, 1398097920, 31644996661, 31644996661, 8.62825
209, 214.121, 6.22721, 1398149120, 31817612036, 31817612036, 8.27602
