Backup ID, Ecall, Inline_Ocall, Offline_Ocall, _Inline_FPOcall, _Inline_SFOcall, _Inline_LocalOcall, _Inline_LoadOcall, _Inline_DeltaOcall, _Inline_RecipeOcall, _Inline_Write_ContainerOcall, _inline_have_similar_chunk_num, _inline_need_load_container_num, _inlineDeltaChunkNum, 
0,195,462,5,193,193,0,34,18,24,27,64,33,34
1,394,1108,10,390,390,0,65,215,48,36,8227,276,8190
2,599,1778,18086,593,593,7,101,411,73,45,17259,727,16778
3,808,2465,59537,800,800,51,142,574,98,55,26199,1380,23473
4,1020,3165,119778,1010,1010,219,186,616,124,73,35386,2218,24748
5,1238,3887,188558,1226,1226,390,235,660,150,92,44910,3149,26075
6,1458,4636,263598,1444,1444,545,303,723,177,110,55021,4071,28710
7,1681,5382,346138,1665,1665,728,359,761,204,130,65248,5114,30124
8,1910,6147,441142,1892,1892,915,415,801,232,151,76341,6238,31819
9,2141,6930,541954,2121,2121,1092,483,853,260,169,87640,7302,34006
10,2377,7723,647845,2355,2355,1285,545,894,289,188,99037,8420,35629
11,2620,8517,763434,2596,2596,1495,588,923,319,209,110426,9653,36571
12,2865,9335,880099,2839,2839,1689,647,972,349,230,121711,10879,38345
13,3117,10162,1009141,3089,3089,1911,694,999,380,254,133515,12317,39602
14,3379,11059,1143368,3349,3349,2123,779,1047,412,278,144853,13700,41094
15,3646,11955,1286078,3614,3614,2340,847,1095,445,302,157180,15118,42845
16,3917,12866,1430341,3883,3883,2551,919,1152,478,326,167993,16483,44710
17,4216,13895,1585856,4180,4180,2786,1025,1209,515,352,178225,18018,46355
18,4526,14961,1755245,4488,4488,3042,1137,1253,553,381,191139,19656,47393
19,4851,16052,1933487,4811,4811,3294,1219,1324,593,409,205321,21215,49687
20,5187,17182,2122593,5145,5145,3542,1306,1410,634,436,220428,22808,52639
21,5539,18359,2315725,5495,5495,3817,1391,1484,677,466,236259,24533,54809
22,5903,19581,2525891,5857,5857,4101,1483,1561,722,496,253051,26366,57849
23,6275,20805,2740908,6227,6227,4418,1551,1614,768,527,270908,28364,59610
24,6655,22071,2956248,6605,6605,4723,1637,1686,815,558,289192,30315,62314
25,7037,23339,3186785,6985,6985,5045,1720,1742,862,589,307487,32353,64436
26,7435,24638,3418931,7381,7381,5385,1790,1790,911,623,325985,34558,66082
27,7841,25998,3651150,7785,7785,5693,1888,1886,961,653,345259,36540,69732
28,8256,27367,3930960,8198,8198,6050,1967,1942,1012,687,365791,39041,71603
29,8672,28757,4182492,8612,8612,6382,2064,2024,1063,718,385821,41177,74709
30,9153,30327,4488742,9091,9091,6806,2143,2074,1122,774,397861,44767,75091
31,9644,32083,4693563,9580,9580,6947,2376,2417,1183,798,419965,46157,89643
32,10144,33829,4924086,10078,10078,7150,2568,2710,1245,824,443039,47854,102543
33,10650,35522,5193091,10582,10582,7471,2687,2893,1307,855,467431,49952,110418
34,11165,37237,5464791,11095,11095,7882,2800,2994,1371,892,492165,52254,114550
35,11691,38995,5741817,11619,11619,8299,2923,3099,1436,930,517399,54754,118707
36,12223,40766,6036512,12149,12149,8725,3038,3203,1502,968,543049,57341,122405
37,12754,42527,6327275,12678,12678,9174,3146,3283,1568,1007,568777,60069,125666
38,13288,44321,6602495,13210,13210,9597,3278,3392,1634,1045,595814,62668,129956
39,13825,46103,6908351,13745,13745,10049,3389,3475,1700,1084,622086,65582,133176
40,14245,47428,7293042,14163,14163,10458,3408,3484,1752,1118,642786,69516,133366
41,14670,48795,7666697,14586,14586,10859,3454,3506,1804,1152,664070,72873,134017
42,15100,50198,8038952,15014,15014,11255,3520,3538,1857,1186,685830,75970,135068
43,15537,51624,8421880,15449,15449,11656,3587,3572,1911,1220,707994,79297,136199
44,15980,53058,8794517,15890,15890,12069,3643,3600,1966,1255,730313,82616,136924
45,16431,54520,9171261,16339,16339,12477,3702,3641,2022,1288,753274,85892,138294
46,16891,56016,9538911,16797,16797,12900,3767,3676,2079,1323,776686,89625,139321
47,17357,57517,9904721,17261,17261,13335,3819,3705,2136,1358,800855,93374,140113
48,17830,59055,10247400,17732,17732,13768,3886,3743,2194,1391,825348,97081,141206
49,18373,60802,10629892,18273,18273,14279,3943,3773,2261,1432,851630,101216,142059
50,19025,63031,11102287,18923,18923,14855,4173,3815,2342,1502,871482,106888,142367
51,19685,65375,11476210,19581,19581,15160,4463,4166,2424,1538,901880,109328,156743
52,20394,68056,11860814,20288,20288,15549,4971,4448,2512,1581,933122,112075,167673
53,21133,70528,12262373,21025,21025,16010,5161,4703,2604,1625,966290,115118,176785
54,21878,72958,12691216,21768,21768,16555,5306,4865,2696,1672,998519,118517,181860
55,22631,75403,13146586,22518,22518,17138,5441,4999,2789,1722,1032760,122231,185719
56,23385,77846,13563561,23259,23259,17709,5591,5146,2882,1771,1066669,125871,190085
57,24136,80235,13964724,23981,23981,18283,5730,5285,2975,1820,1099709,129529,194069
58,24884,82597,14397976,24697,24697,18870,5854,5411,3068,1869,1133282,133381,197588
59,25641,84998,14845715,25423,25423,19457,5987,5546,3162,1918,1166870,137289,201173
60,26189,86729,15359158,25969,25969,19989,6012,5560,3230,1961,1194476,143247,201371
61,26958,89130,15837640,26706,26706,20629,6110,5654,3325,2013,1228354,147719,203209
62,27537,90990,16375317,27282,27282,21160,6170,5699,3397,2056,1256882,152570,204021
63,28125,92911,16883840,27867,27867,21670,6263,5774,3470,2097,1285892,156753,205996
64,28720,94842,17406263,28459,28459,22195,6345,5840,3544,2140,1315710,161069,207479
65,29322,96817,17909730,29058,29058,22721,6449,5913,3618,2182,1346184,165536,209136
66,29932,98793,18430599,29665,29665,23268,6529,5973,3693,2226,1376821,170209,210441
67,30551,100801,18920381,30281,30281,23809,6612,6048,3770,2268,1408226,174778,212280
68,31180,102857,19410205,30907,30907,24362,6712,6121,3848,2310,1439638,179590,214058
69,31816,104914,19866065,31540,31540,24924,6791,6192,3927,2352,1471423,184436,215479
70,32593,107300,20376832,32281,32281,25597,6862,6256,4023,2405,1504633,189906,216224
71,33504,110318,21086470,33160,33160,26352,7147,6363,4136,2493,1529168,198152,216914
72,34451,113559,21548715,34073,34073,26694,7569,6896,4254,2532,1566252,200983,236861
73,35404,116680,22037653,34991,34991,27104,7875,7347,4372,2572,1604253,204166,253681
74,36375,119751,22551823,35925,35925,27687,8079,7642,4493,2623,1643680,207957,262952
75,37160,122152,23154957,36671,36671,28375,8149,7696,4590,2676,1679277,213875,263569
76,37943,124589,23754424,37416,37416,29038,8254,7778,4687,2728,1712467,219236,264842
77,38761,127135,24312572,38194,38194,29675,8386,7898,4788,2778,1748311,223830,267509
78,39600,129737,24856248,38994,38994,30331,8511,8015,4892,2829,1785103,228535,269584
79,40450,132364,25398844,39802,39802,30997,8633,8133,4997,2880,1822402,233393,271928
80,41308,135006,25923766,40608,40608,31657,8764,8266,5103,2929,1860325,238173,274683
81,42173,137645,26444912,41412,41412,32325,8887,8399,5210,2979,1898776,243055,277116
82,43055,140336,26959855,42235,42235,33015,9004,8528,5319,3030,1938113,248340,279407
83,44077,143453,27768449,43195,43195,33846,9157,8614,5446,3091,1948246,255025,279641
84,45108,147015,28079334,44161,44161,34027,9702,9390,5574,3115,1985180,257299,309390
85,46138,150339,28264158,45122,45122,34115,10022,10256,5702,3129,2028451,259618,347445
86,47168,153505,28525196,46083,46083,34380,10183,10946,5830,3149,2072868,262542,377314
87,48199,156657,28793315,47046,47046,34937,10323,11347,5958,3181,2118161,265911,390383
88,49230,159804,29049482,48006,48006,35500,10464,11742,6086,3213,2164021,269444,403596
89,50261,162935,29305029,48964,48964,36186,10596,12011,6214,3250,2209496,273502,410362
90,51292,166070,29549044,49922,49922,36895,10730,12259,6342,3288,2255485,277775,416394
91,52323,169205,29797143,50878,50878,37582,10869,12528,6470,3325,2302037,282005,423412
92,53391,172422,30258028,51875,51875,38394,10986,12689,6603,3369,2345380,287448,426248
93,54459,175665,30517004,52871,52871,39089,11130,12968,6736,3406,2391930,291909,433406
94,55527,178922,30791164,53869,53869,39784,11282,13249,6869,3443,2438819,296446,440394
95,56595,182159,31071519,54862,54862,40528,11427,13478,7002,3482,2485734,301137,445610
96,57663,185382,31350963,55853,55853,41275,11561,13705,7135,3521,2532014,306042,450473
97,58731,188601,31618896,56839,56839,42021,11701,13933,7268,3560,2579392,310832,455398
98,59799,191818,31892023,57826,57826,42767,11836,14162,7401,3599,2626935,315598,460240
99,60868,195021,32201450,58809,58809,43561,11964,14344,7534,3639,2674009,320946,463646
100,61942,198205,32653001,59794,59794,44419,12063,14468,7667,3685,2718409,327504,464907
101,63016,201454,32940641,60775,60775,45130,12237,14737,7800,3723,2764917,332366,471235
102,64090,204675,33247454,61756,61756,45916,12383,14931,7933,3763,2812220,337727,474877
103,65164,207893,33549389,62736,62736,46683,12528,15144,8066,3803,2859868,342944,479112
104,66238,211105,33847132,63716,63716,47474,12667,15333,8199,3843,2907336,348263,482429
105,67312,214339,34138987,64696,64696,48229,12828,15558,8332,3882,2955401,353460,487128
106,68386,217553,34438411,65676,65676,49009,12969,15758,8465,3922,3002645,358720,490691
107,69460,220778,34740661,66656,66656,49780,13121,15967,8598,3962,3050917,363882,494873
108,70534,223995,35037477,67636,67636,50558,13265,16169,8731,4002,3099112,369261,498624
109,71627,227234,35521428,68637,68637,51432,13373,16288,8867,4049,3144457,376395,499777
110,72720,230549,35856577,69638,69638,52201,13555,16514,9003,4089,3192273,381783,504271
111,73813,233857,36177600,70638,70638,52972,13734,16736,9139,4129,3240573,387231,508850
112,74906,237159,36493852,71637,71637,53702,13909,16999,9275,4167,3289247,392165,515272
113,75999,240428,36806133,72636,72636,54491,14051,17203,9411,4207,3337702,397666,519061
114,77092,243724,37128387,73635,73635,55228,14220,17459,9547,4246,3386082,402892,524959
115,78186,246993,37478392,74636,74636,56080,14357,17601,9683,4288,3432174,409817,526783
116,79279,250281,37808579,75635,75635,56876,14519,17797,9819,4329,3480417,415265,530307
117,80400,253633,38547221,76661,76661,57782,14664,17907,9958,4386,3530258,425272,531027
118,81521,256998,38922877,77687,77687,58559,14828,18140,10097,4426,3578594,430807,535861
119,82642,260369,39315788,78714,78714,59360,14994,18351,10236,4467,3627487,436334,539655
120,83763,263733,39683039,79740,79740,60172,15155,18551,10375,4508,3676644,441870,543036
121,84884,267072,40069638,80760,80760,60974,15308,18756,10514,4549,3725456,447439,546641
122,86005,270465,40442434,81782,81782,61731,15508,19009,10653,4588,3774725,452872,552364
123,87126,273809,40821756,82804,82804,62553,15659,19197,10792,4630,3823924,458853,555390
124,88248,277156,41222767,83826,83826,63354,15813,19406,10931,4671,3873230,464563,559216
125,89380,280467,41943137,84860,84860,64275,15893,19507,11072,4726,3923254,473923,559766
126,90512,283874,42339496,85892,85892,65077,16075,19725,11213,4767,3972077,479713,563609
127,91644,287263,42737946,86924,86924,65892,16239,19930,11354,4809,4021897,485568,567099
128,92776,290650,43138279,87953,87953,66705,16408,20136,11495,4851,4071332,491361,570654
129,93908,294032,43540449,88981,88981,67542,16575,20317,11636,4893,4120764,497512,573510
130,95040,297414,43931577,90007,90007,68354,16745,20524,11777,4935,4170568,503233,577178
131,96172,300791,44318632,91028,91028,69137,16919,20761,11918,4975,4220747,508630,582394
132,97304,304161,44742086,92049,92049,69962,17086,20956,12059,5017,4270500,514687,585773
133,98451,307520,45485289,93087,93087,70889,17192,21063,12202,5074,4321822,524541,586441
134,99598,310940,45910919,94125,94125,71739,17358,21248,12345,5117,4371569,530624,589341
135,100745,314368,46330798,95161,95161,72555,17537,21466,12488,5159,4421530,536618,593608
136,101892,317794,46756751,96197,96197,73372,17714,21683,12631,5201,4471912,542277,597654
137,103040,321212,47176929,97236,97236,74215,17875,21876,12774,5243,4522476,548272,600962
138,104187,324617,47603581,98272,98272,75049,18032,22075,12917,5285,4572991,554267,604343
139,105334,328033,48035679,99309,99309,75884,18197,22274,13060,5327,4623150,560346,607596
140,106481,331469,48431186,100345,100345,76659,18385,22532,13203,5367,4673704,565874,613504
141,107628,334885,48848934,101382,101382,77504,18550,22721,13346,5409,4723972,572247,616339
142,108784,338280,49569013,102429,102429,78427,18664,22841,13490,5464,4775201,581566,617393
143,109940,341734,50034099,103477,103477,79274,18837,23035,13634,5507,4825157,588048,620579
144,111096,345176,50481042,104523,104523,80118,19001,23233,13778,5550,4875689,594149,623831
145,112252,348622,50926639,105569,105569,80959,19169,23434,13922,5593,4926400,600363,627022
146,113408,352085,51363554,106615,106615,81802,19354,23633,14066,5636,4977224,606553,630408
147,114564,355530,51799387,107660,107660,82643,19524,23833,14210,5679,5027992,612554,633737
148,115720,358975,52250167,108704,108704,83493,19696,24024,14354,5722,5078727,619085,636632
149,116876,362421,52683963,109750,109750,84352,19862,24209,14498,5765,5129290,625499,639364
150,118032,365842,53147137,110792,110792,85243,20014,24359,14642,5809,5178842,632226,641304
151,119233,369477,53941761,111883,111883,86185,20230,24505,14791,5867,5231103,642030,642671
152,120434,373056,54439583,112973,112973,87030,20414,24726,14940,5911,5281473,648630,646202
153,121635,376617,54903207,114063,114063,87904,20580,24918,15089,5954,5332053,655265,649154
154,122836,380197,55342527,115153,115153,88721,20763,25169,15238,5996,5383519,661086,654008
155,124037,383758,55826272,116243,116243,89590,20928,25367,15387,6039,5434737,667585,657258
156,125238,387296,56307985,117330,117330,90462,21076,25562,15536,6082,5486187,673985,660036
157,126439,390850,56758632,118416,118416,91328,21244,25761,15685,6125,5537540,680420,663072
158,127640,394409,57229171,119504,119504,92186,21411,25970,15834,6168,5588642,686754,666454
159,128885,398059,58066375,120636,120636,93169,21535,26094,15989,6227,5641286,697009,667278
160,130130,401720,58556414,121763,121763,94022,21705,26323,16144,6270,5692659,703344,670985
161,131375,405426,59027622,122894,122894,94866,21907,26566,16299,6313,5744515,709374,675058
162,132620,409097,59525204,124025,124025,95734,22072,26787,16454,6357,5796083,715829,678621
163,133865,412768,60013320,125153,125153,96604,22245,27004,16609,6401,5847829,722179,681961
164,135110,416444,60513205,126283,126283,97472,22415,27227,16764,6444,5900128,728374,685340
165,136355,420131,60982728,127409,127409,98283,22606,27505,16919,6486,5952769,734144,691120
166,137600,423807,61457317,128535,128535,99162,22785,27716,17074,6530,6004987,740419,694049
167,138845,427463,61947621,129657,129657,100046,22954,27920,17229,6574,6056829,746971,696677
168,140147,431667,62794401,130838,130838,101038,23501,28061,17391,6635,6110940,757124,697582
169,141449,435491,63321249,132011,132011,101908,23706,28302,17553,6679,6162713,763834,701112
170,142751,439296,63835556,133179,133179,102763,23898,28562,17715,6722,6215233,770016,705751
171,144054,443110,64329652,134347,134347,103639,24099,28801,17877,6766,6267861,776569,709360
172,145357,446923,64827148,135515,135515,104488,24299,29067,18039,6809,6320828,782468,714318
173,146659,450719,65304730,136681,136681,105342,24486,29328,18201,6852,6373759,788403,718701
174,147962,454520,65820749,137847,137847,106234,24679,29550,18363,6896,6426488,795017,721767
175,149265,458328,66330152,139013,139013,107100,24877,29800,18525,6939,6478900,801493,725973
176,150584,462116,67177252,140193,140193,108081,25010,29950,18689,6997,6533393,811477,727125
177,151903,465992,67710592,141373,141373,108907,25234,30252,18853,7039,6586215,817428,733119
178,153222,469825,68257526,142547,142547,109806,25427,30481,19017,7084,6638925,824337,736194
179,154541,473655,68780568,143714,143714,110696,25630,30720,19181,7128,6692229,830839,739893
180,155861,477478,69316033,144881,144881,111611,25826,30934,19345,7173,6745357,837671,742835
181,157180,481309,69838570,146043,146043,112472,26042,31200,19509,7216,6798758,843923,747474
182,158499,485111,70345707,147203,147203,113370,26232,31430,19673,7261,6852328,850213,750622
183,159819,488948,70828074,148363,148363,114202,26456,31727,19837,7303,6906067,856143,756470
184,161139,492704,71385130,149519,149519,115155,26608,31902,20001,7349,6958781,863736,758014
185,162471,496467,72226200,150690,150690,116161,26724,32035,20167,7409,7012133,874307,758612
186,163803,500324,72760290,151861,151861,117014,26934,32321,20333,7452,7065043,880639,764093
187,165135,504152,73287792,153032,153032,117923,27113,32553,20499,7497,7118774,887010,767279
188,166467,507977,73838731,154200,154200,118820,27295,32797,20665,7542,7172331,893878,770829
189,167799,511799,74429231,155363,155363,119703,27483,33056,20831,7586,7225437,900548,775137
190,169131,515590,74953881,156521,156521,120616,27651,33284,20997,7631,7279317,907416,778312
191,170463,519403,75472965,157678,157678,121511,27841,33532,21163,7676,7333456,913765,782152
192,171795,523227,75983127,158833,158833,122407,28046,33779,21329,7721,7387421,920461,786020
193,173127,527006,76532755,159982,159982,123343,28219,33985,21495,7767,7441072,927647,788510
194,174465,530744,77388979,161134,161134,124356,28340,34119,21661,7826,7494538,938648,789154
195,175801,534558,77929195,162282,162282,125264,28549,34354,21827,7871,7547659,945334,792788
196,177137,538371,78495548,163429,163429,126149,28759,34612,21993,7915,7601327,951946,797157
197,178474,542148,79118373,164578,164578,127103,28930,34800,22159,7962,7654221,959252,799503
198,179810,545944,79642822,165722,165722,127973,29130,35072,22325,8006,7708459,965388,804433
199,181146,549727,80183805,166868,166868,128896,29311,35293,22491,8051,7762608,972134,807371
200,182482,553510,80733312,168014,168014,129798,29492,35535,22657,8096,7816639,978824,810839
201,183818,557297,81275114,169159,169159,130703,29680,35773,22823,8141,7870335,985771,814226
202,185174,561093,82172178,170330,170330,131734,29795,35912,22992,8200,7925625,996315,814954
203,186530,564965,82748076,171498,171498,132630,29998,36180,23161,8245,7978806,1002845,819011
204,187886,568834,83311056,172668,172668,133542,30193,36433,23330,8290,8032935,1009588,822725
205,189242,572705,83879909,173836,173836,134454,30395,36685,23499,8335,8087163,1016420,826313
206,190598,576570,84440710,175004,175004,135361,30591,36942,23668,8380,8141794,1023319,830065
207,191954,580426,84970594,176171,176171,136265,30781,37201,23837,8425,8196651,1029727,833879
208,193310,584285,85544897,177339,177339,137173,30975,37453,24006,8470,8250778,1036302,838108
209,194667,588130,86109607,178509,178509,138131,31147,37659,24175,8516,8305207,1043203,840401
