Backup ID, Logical chunk num, Unique chunk num, Base chunk num, Delta chunk num, Logical chunk size, Unique chunk size, Base chunk size, Delta chunk size, LZ4_save size, Delta_save size, 
0,349658,181563,116083,65480,2869463040,1586581660,528172311,55852712,479104810,523451827
1,700527,225166,142577,82589,5748879360,2005085802,668396267,72023269,587633420,677032846
2,1048641,266111,164975,101136,8606402560,2401076896,788131087,88815084,679957939,844172786
3,1400928,309641,189360,120281,11506227200,2823542516,915719918,114245540,776409930,1017167128
4,1749773,350273,211246,139027,14379182080,3221877633,1034359463,132696823,866189508,1188631839
5,2102412,391624,234563,157061,17284945920,3626123370,1161841492,144163295,964066321,1356052262
6,2454706,434179,258586,175593,20191088640,4041790630,1293052036,160478459,1070208446,1518051689
7,2812109,475940,282898,193042,23129180160,4435403046,1419588771,182540856,1168176402,1665097017
8,3167314,516183,305153,211030,26049710080,4815972298,1542209372,195444812,1261905240,1816412874
9,3522400,556670,328231,228439,28969748480,5198324110,1668565329,208676500,1358376622,1962705659
10,3874982,595347,350845,244502,31867842560,5565605388,1796268205,218517656,1454889639,2095929888
11,4227381,634533,374385,260148,34764001280,5937267741,1928964850,224685623,1555264547,2228352721
12,4585507,676861,400251,276610,37705349120,6332317969,2065315599,239263365,1658932271,2368806734
13,4940662,717180,423782,293398,40626268160,6713959396,2196270932,248796509,1759188550,2509703405
14,5298219,756126,447044,309082,43568435200,7082753289,2328273739,252933146,1858890379,2642656025
15,5655036,794396,468626,325770,46505267200,7445443641,2451433537,263375045,1951925400,2778709659
16,6017260,834554,494406,340148,49483950080,7823476615,2588488551,272546052,2058492489,2903949523
17,6381829,874758,518047,356711,52483553280,8201432140,2719815837,283187251,2159268502,3039160550
18,6746630,914145,542771,371374,55485675520,8572341154,2853958846,292301937,2262779554,3163300817
19,7108426,954067,567075,386992,58467983360,8948973987,2989830184,299577589,2367326208,3292240006
20,7464498,993174,592472,400702,61400565760,9319044274,3126817341,305841272,2472313440,3414072221
21,7815621,1032218,616296,415922,64291246080,9690481972,3259806540,313781370,2574192481,3542701581
22,8163270,1070694,641645,429049,67153766400,10057353438,3399192499,317993842,2680595021,3659572076
23,8509462,1109121,664585,444536,70005688320,10423757412,3529095449,324839659,2780073990,3789748314
24,8857126,1147034,687477,459557,72872611840,10785938053,3654779011,335558186,2875519249,3920081607
25,9205823,1184724,711062,473662,75747768320,11145427019,3790162773,334379178,2977956396,4042928672
26,9553238,1223126,733944,489182,78613667840,11511966758,3915290281,349271209,3074467716,4172937552
27,9900471,1260887,756182,504705,81478348800,11872768927,4043196371,356872374,3171342792,4301357390
28,10248239,1299161,779719,519442,84350238720,12237946237,4178054256,359693578,3273860259,4426338144
29,10596588,1337206,801709,535497,87226378240,12600596594,4303948772,367456298,3369257192,4559934332
30,10946481,1375853,824950,550903,90117150720,12968055455,4435628386,374070188,3470147742,4688209139
31,11291923,1413211,846822,566389,92970352640,13325556050,4561697160,381850042,3565268420,4816740428
32,11633491,1450134,868253,581881,95788369920,13679895037,4686375082,388407853,3658922930,4946189172
33,11980449,1491772,893522,598250,98655385600,14076093037,4829506532,398535124,3766420711,5081630670
34,12328874,1532659,918269,614390,101536942080,14465034928,4968290079,409961161,3871227293,5215556395
35,12678852,1573224,942740,630484,104431165440,14850849290,5104763128,423218783,3975910762,5346956617
36,13027926,1613137,968952,644185,107317770240,15231135114,5247271331,428477449,4084387101,5470999233
37,13379379,1652971,993675,659296,110227466240,15609136396,5386091155,436559486,4189751399,5596734356
38,13728163,1691563,1016816,674747,113113917440,15977195134,5516634383,446483497,4288591731,5725485523
39,14076885,1730035,1039955,690080,116000757760,16345283035,5647412382,455387438,4387564348,5854918867
40,14428208,1769259,1063900,705359,118909593600,16718145370,5782664906,463193964,4490345644,5981940856
41,14776888,1807925,1086827,721098,121795717120,17086806716,5912595932,474007272,4589302709,6110900803
42,15125521,1846954,1110587,736367,124680949760,17458129194,6046607742,482203490,4691033990,6238283972
43,15474430,1885464,1134498,750966,127569377280,17824633621,6176356600,494135719,4790162007,6363979295
44,15821608,1923538,1157867,765671,130441646080,18187892099,6309424907,500354677,4890640136,6487472379
45,16170670,1961503,1180411,781092,133332664320,18550291606,6438347245,508864251,4987973368,6615106742
46,16521828,1999608,1204574,795034,136244039680,18912830265,6576432479,508821561,5092448559,6735127666
47,16873063,2038050,1226241,811809,139155404800,19278065298,6697447642,526401023,5185267234,6868949399
48,17225102,2076957,1250314,826643,142071173120,19646653058,6831540892,533364237,5287112192,6994635737
49,17574419,2115318,1274186,841132,144962355200,20012221789,6967426373,537096226,5390043802,7117655388
50,17926301,2154337,1297940,856397,147876433920,20382505558,7095847057,551380834,5488649836,7246627831
51,18271894,2192243,1319901,872342,150738626560,20744929295,7220534297,562672950,5583457986,7378264062
52,18617702,2229865,1342710,887155,153603604480,21104158522,7351010917,568637517,5681973855,7502536233
53,18965640,2267172,1365987,901185,156488765440,21459879139,7484723806,568370830,5782608951,7624175552
54,19314713,2305354,1387260,918094,159383644160,21823151729,7604901668,584190959,5874146008,7759913094
55,19663418,2344057,1412928,931129,162274867200,22191381180,7746180802,584460919,5982030543,7878708916
56,20013675,2383448,1435270,948178,165181665280,22565614286,7871777984,600064882,6078886278,8014885142
57,20362245,2421236,1458729,962507,168073625600,22926259665,8000877798,608330888,6177213395,8139837584
58,20711122,2460140,1482177,977963,170970521600,23297321455,8134246687,612576043,6279156965,8271341760
59,21060301,2497568,1506014,991554,173870110720,23653978445,8270418028,610318381,6382125963,8391116073
60,21409582,2535174,1527648,1007526,176770754560,24012391341,8394269704,623022022,6476592386,8518507229
61,21758839,2573456,1550465,1022991,179671726080,24376710915,8523403941,630884127,6575570299,8646852548
62,22110179,2612534,1574242,1038292,182588170240,24746247844,8656490994,637220966,6677749770,8774786114
63,22458283,2651107,1597847,1053260,185476454400,25113522953,8790371399,641637963,6779845315,8901668276
64,22807536,2689545,1621100,1068445,188373995520,25479224907,8922741885,647659850,6880406242,9028416930
65,23153242,2727239,1644667,1082572,191239946240,25840016130,9058930056,647201242,6983578659,9150306173
66,23501375,2764639,1665469,1099170,194128947200,26197711913,9179056849,661219688,7074872792,9282562584
67,23849800,2802055,1687607,1114448,197020743680,26555483219,9307221820,667639482,7171592950,9409028967
68,24197521,2840113,1710228,1129885,199907051520,26919495546,9436706595,675572501,7270320771,9536895679
69,24546857,2878491,1734072,1144419,202809763840,27285992635,9573136648,678018800,7374728360,9660108827
70,24897909,2916854,1757168,1159686,205728215040,27651087447,9704888702,682624696,7475188886,9788385163
71,25251386,2955664,1779858,1175806,208668569600,28019890005,9833338325,692698073,7573663910,9920189697
72,25602695,2993999,1805046,1188953,211589539840,28385267946,9976472054,687786109,7682650674,10038359109
73,25952879,3031642,1824982,1206660,214500464640,28744357655,10090194230,708415327,7769195535,10176552563
74,26306780,3069665,1849753,1219912,217447301120,29106010902,10230466909,702655544,7876106440,10296782009
75,26661969,3108343,1870867,1237476,220407265280,29473586437,10348737031,725783829,7967566499,10431499078
76,27016854,3147052,1897783,1249269,223364904960,29841213287,10496451743,720633014,8080752726,10543375804
77,27372834,3185939,1922371,1263568,226333276160,30210618529,10636013150,718122805,8187601175,10668881399
78,27727488,3224888,1942527,1282361,229288622080,30580456393,10749696166,742709840,8276248474,10811801913
79,28083712,3263563,1966096,1297467,232259921920,30947402258,10883520357,746934209,8378630377,10938317315
80,28435875,3301590,1990854,1310736,235194050560,31309801095,11023937043,743381578,8485841093,11056641381
81,28788926,3339470,2011862,1327608,238136698880,31670932755,11143887266,759159668,8577859611,11190026210
82,29143842,3378802,2037231,1341571,241094256640,32043527381,11281544446,768147459,8683106309,11310729167
83,29499437,3417432,2061498,1355934,244057620480,32411265351,11420046171,770997315,8789002924,11431218941
84,29855034,3456001,2084910,1371091,247020236800,32778427332,11553195712,777281588,8890932841,11557017191
