Backup ID, FPindex, SFindex, Deltaindex
0,14525040,13222080,2349248
1,18013280,14691904,2993888
2,21288880,15466496,3674656
3,24771280,17278016,4324640
4,28021840,18022976,5010400
5,31329920,18731904,5645248
6,34734320,19466816,6277440
7,38075200,20863232,6880064
8,41294640,21571136,7522624
9,44533600,22228928,8125120
10,47627760,22713536,8676032
11,50762640,23234112,9212736
12,54148880,23983040,9775936
13,57374400,24546368,10343296
14,60490080,24980032,10876960
15,63551680,25354624,11446240
16,66764320,25810112,11933664
17,69980640,26358464,12498304
18,73131600,26879872,12987200
19,76325360,27318912,13511104
20,79453920,27825664,13965312
21,82577440,28198656,14478912
22,85655520,28720896,14917760
23,88729680,29129152,15436896
24,91762720,29465536,15938880
25,94777920,29748992,16401280
26,97850080,30105984,16921248
27,100870960,30476160,17440416
28,103932880,30819008,17928384
29,106976480,31140032,18464416
30,110068240,31499008,18972064
31,113056880,31797568,19483936
32,116010720,32052544,19997952
33,119341760,32477760,20539040
34,122612720,32899904,21069152
35,125857920,33251008,21608928
36,129050960,33694784,22069344
37,132237680,34264640,22578624
38,135325040,34654144,23091968
39,138402800,35038080,23602496
40,141540720,35447872,24113024
41,144634000,35837056,24636512
42,147756320,36227712,25150304
43,150837120,36604032,25642848
44,153883040,36987200,26133312
45,156920240,37291712,26651360
46,159968640,37609728,27109120
47,163044000,38007616,27667776
48,166156560,38390848,28160544
49,169225440,38734464,28646656
50,172346960,39126976,29162432
51,175379440,39452736,29700544
52,178389200,39762816,30196640
53,181373760,40064512,30663712
54,184428320,40398592,31230688
55,187524560,40783104,31664352
56,190675840,41174336,32233248
57,193698880,41452224,32712864
58,196811200,41832640,33225184
59,199805440,42097152,33673984
60,202813920,42385088,34200896
61,205876480,42684352,34714016
62,209002720,43122112,35220288
63,212088560,43460480,35713568
64,215163600,43815808,36217600
65,218179120,44081920,36678528
66,221171120,44320064,37231072
67,224164400,44558080,37734240
68,227209040,44844224,38241440
69,230279280,45173056,38716032
70,233348320,45477568,39214304
71,236453120,45823424,39748096
72,239519920,46115072,40100608
73,242531360,46395072,40699072
74,245573200,46700416,41039616
75,248667440,47002496,41636608
76,251764160,47394368,42016736
77,254875120,47714752,42485888
78,257991040,48056192,43118496
79,261085040,48396288,43617216
80,264127200,48642176,44037152
81,267157600,48927296,44597696
82,270304160,49224640,45068256
83,273394560,49639232,45537536
84,276480080,49940160,46038176
