Backup ID, Online Delta_save, Offline Delta_save, Offline delta time, Offline dedelta time, Offline delete time, Offline Delta chunk num
0,8209543,515242284,65431,1008,213,64423
1,34815353,642217493,109429,30629,499,78800
2,92750630,751422156,161679,70460,777,91219
3,133127451,884039677,229073,122638,1103,106435
4,191341252,997290587,306506,187271,1408,119235
5,249276086,1106776176,398695,267300,1735,131395
6,291795012,1226256677,505546,360341,2096,145205
7,314620450,1350476567,613327,453477,2539,159850
8,359620005,1456792869,725063,553168,2952,171895
9,395843399,1566862260,853642,669209,3432,184433
10,423390251,1672539637,991533,795125,3886,196408
11,451313957,1777038764,1134934,926907,4405,208027
12,471744998,1897061736,1286194,1064134,4986,222060
13,504808815,2004894590,1448942,1214659,5571,234283
14,537008031,2105647994,1612034,1366607,6169,245427
15,569658785,2209050874,1783621,1526136,6784,257485
16,582869582,2321079941,1969797,1699529,7520,270268
17,608516112,2430644438,2160920,1878018,8182,282902
18,622672132,2540628685,2376023,2080199,8901,295824
19,643242422,2648997584,2589337,2281152,9595,308185
20,656584711,2757487510,2802633,2482330,10378,320303
21,677803146,2864898435,3014564,2682290,11173,332274
22,687449347,2972122729,3252856,2908598,11973,344258
23,715071819,3074676495,3490888,3135061,12758,355827
24,739708203,3180373404,3740664,3372649,13507,368015
25,767795591,3275133081,3999520,3621399,14248,378121
26,786586703,3386350849,4265875,3874419,15058,391456
27,812406834,3488950556,4536182,4132973,15881,403209
28,836692252,3589645892,4816434,4402112,16791,414322
29,869223630,3690710702,5103642,4677735,17650,425907
30,893967609,3794241530,5404534,4966869,18539,437665
31,921047122,3895693306,5679880,5230650,19363,449230
32,952464722,3993724450,5993373,5533051,20177,460322
33,970438097,4111192573,6314296,5840429,21329,473867
34,988070677,4227485718,6608894,6121703,22382,487191
35,1002828793,4344127824,6912185,6411370,23574,500815
36,1016852085,4454147148,7195065,6682160,24508,512905
37,1030658354,4566076002,7534280,7008636,25598,525644
38,1051445105,4674040418,7878965,7341049,26580,537916
39,1074141938,4780776929,8185972,7636161,27568,549811
40,1092763996,4889176860,8507050,7944942,28626,562108
41,1113608992,4997291811,8828862,8254249,29642,574613
42,1132456191,5105827781,9191989,8605023,30741,586966
43,1147761427,5216217868,9513379,8913562,31789,599817
44,1166465669,5321006710,9884602,9272994,32913,611608
45,1189046637,5426060105,10251953,9628303,33987,623650
46,1210546363,5524581303,10584884,9950625,35087,634259
47,1233115849,5635833550,10927386,10279707,36163,647679
48,1252014963,5742620774,11317623,10658030,37277,659593
49,1272034435,5845620953,11712426,11041456,38402,670970
50,1288141950,5958485881,12092224,11407860,39477,684364
51,1314200626,6064063436,12469596,11773050,40501,696546
52,1336128481,6166407752,12858412,12150356,41538,708056
53,1362621632,6261553920,13240252,12522059,42504,718193
54,1389519176,6370393918,13639554,12908336,43518,731218
55,1406179937,6472528979,14047798,13305550,44554,742248
56,1429512917,6585372225,14466913,13711080,45597,755833
57,1449554654,6690282930,14891756,14123989,46584,767767
58,1479444254,6791897506,15321625,14542535,47691,779090
59,1505472077,6885643996,15742498,14953631,48780,788867
60,1525718983,6992788246,16194861,15393144,49778,801717
61,1550043117,7096809431,16638289,15824641,50813,813648
62,1573837824,7200948290,17094262,16268828,51887,825434
63,1598637947,7303030329,17566694,16729952,52874,836742
64,1621400654,7407016276,18043058,17194494,53977,848564
65,1646665630,7503640543,18531977,17673022,54989,858955
66,1672938056,7609624528,19026994,18155287,55993,871707
67,1698414935,7710614032,19537097,18653898,56999,883199
68,1722130622,7814765057,20048537,19153345,58038,895192
69,1743847429,7916261398,20574071,19667657,59106,906414
70,1771532163,8016853000,21105177,20187421,60194,917756
71,1796813819,8123375878,21650776,20720550,61314,930226
72,1819756882,8218602227,22198999,21259069,62200,939930
73,1846825790,8329726773,22750817,21797130,63283,953687
74,1875898337,8420883672,23306559,22343764,64167,962795
75,1892174720,8539324358,23865712,22888077,65450,977635
76,1904895434,8638480370,24447103,23459135,66465,987968
77,1934023470,8734857929,25021490,24023340,67521,998150
78,1960668085,8851133828,25613168,24600146,68649,1013022
79,1985117034,8953200281,26214169,25189688,69687,1024481
80,2008464314,9048177067,26811497,25777174,70692,1034323
81,2033442296,9156583914,27428123,26380598,71811,1047525
82,2040989139,9269740028,28026529,26965975,73175,1060554
83,2057622649,9373596292,28675918,27603717,74306,1072201
84,2078880588,9478136603,29318499,28234405,75411,1084094
