BackupID, OnlineSpeed(MB/s), Encalve ProcessTime(s), BackupSize, OnlineSize, OfflineSize, OfflineTime(s)
0, 155.548, 17.5929, 2869463040, 834323475, 584025023, 118.843
1, 311.417, 8.81784, 2879416320, 807446770, 740419536, 50.2539
2, 313.674, 8.68784, 2857523200, 935458878, 876946171, 52.1866
3, 307.439, 8.99524, 2899824640, 1095547949, 1029965458, 65.3826
4, 313.736, 8.73301, 2872954880, 1225814556, 1167056286, 69.2216
5, 323.624, 8.56287, 2905763840, 1365559295, 1306004787, 77.9961
6, 309.427, 8.95693, 2906142720, 1516758864, 1453530495, 90.7848
7, 312.064, 8.97888, 2938091520, 1665817248, 1602129627, 92.7396
8, 318.231, 8.75224, 2920529920, 1795739986, 1737654184, 91.3609
9, 316.136, 8.80875, 2920038400, 1937068365, 1877241829, 102.753
10, 319.333, 8.65502, 2898094080, 2073738298, 2014785861, 108.979
11, 319.261, 8.65121, 2896158720, 2213164242, 2153650473, 113.143
12, 311.786, 8.99683, 2941347840, 2369263488, 2304578964, 120.257
13, 312.11, 8.92509, 2920919040, 2505284981, 2445067441, 126.977
14, 320.213, 8.7625, 2942167040, 2639554067, 2581206885, 125.69
15, 320.667, 8.73423, 2936832000, 2772067171, 2714808582, 132.66
16, 319.025, 8.90431, 2978682880, 2923704812, 2861034603, 141.694
17, 321.367, 8.9015, 2999603200, 3063847154, 3003003088, 147.204
18, 330.495, 8.66292, 3002122240, 3207657831, 3146260783, 160.052
19, 323.15, 8.80132, 2982307840, 3350757069, 3289407773, 161.491
20, 322.23, 8.67928, 2932582400, 3494052735, 3432658613, 160.627
21, 319.669, 8.62381, 2890680320, 3633990524, 3573587910, 158.733
22, 320.895, 8.50718, 2862520320, 3778731242, 3717186341, 173.325
23, 321.495, 8.45986, 2851921920, 3912545863, 3853935108, 175.652
24, 317.711, 8.60566, 2866923520, 4048798201, 3990337197, 182.244
25, 320.944, 8.54344, 2875156480, 4182061122, 4124541951, 186.349
26, 317.721, 8.60231, 2865899520, 4324577199, 4264561490, 194.636
27, 321.186, 8.5059, 2864680960, 4458145779, 4400068745, 195.147
28, 318.496, 8.59931, 2871889920, 4596759287, 4537747834, 201.958
29, 320.388, 8.56118, 2876139520, 4728688635, 4671405070, 205.813
30, 317.292, 8.6887, 2890772480, 4868968690, 4809698574, 214.19
31, 319.65, 8.51252, 2853201920, 5000917366, 4943547202, 198.036
32, 314.057, 8.55727, 2818017280, 5131033890, 5074782935, 221.76
33, 315.418, 8.66849, 2867015680, 5293725523, 5228041656, 233.368
34, 313.756, 8.75861, 2881556480, 5442631547, 5378251240, 214.949
35, 316.483, 8.72131, 2894223360, 5592154740, 5527981911, 219.348
36, 314.855, 8.74334, 2886604800, 5739083042, 5675748780, 204.44
37, 320.185, 8.66656, 2909696000, 5885609970, 5822650641, 238.55
38, 319.175, 8.62454, 2886451200, 6023319448, 5963117880, 243.383
39, 321.021, 8.5761, 2886840320, 6162664703, 6102799820, 219.153
40, 320.165, 8.66454, 2908835840, 6307172857, 6245858870, 227.744
41, 316.259, 8.70307, 2886123520, 6446929794, 6386603204, 228.522
42, 321.333, 8.56298, 2885232640, 6589759984, 6528811232, 254.369
43, 321.244, 8.57486, 2888427520, 6731219120, 6670492319, 227.612
44, 318.463, 8.60135, 2872268800, 6869474733, 6809779584, 258.43
45, 319.36, 8.63316, 2891018240, 7006115192, 6947211496, 261.596
46, 325.305, 8.53507, 2911375360, 7144417244, 7085254040, 235.567
47, 320.625, 8.65962, 2911365120, 7283250461, 7223848665, 244.648
48, 322.451, 8.6236, 2915768320, 7425360881, 7364905129, 272.272
49, 322.504, 8.54949, 2891182080, 7564361401, 7504522599, 276.974
50, 319.259, 8.70479, 2914078720, 7708389303, 7647227891, 270.953
51, 317.433, 8.59899, 2862192640, 7841485162, 7783207247, 268.997
52, 323.895, 8.43562, 2864977920, 7978125952, 7919648434, 272.89
53, 323, 8.51858, 2885160960, 8110286733, 8053094636, 268.384
54, 322.455, 8.56173, 2894878720, 8247382423, 8189092627, 279.352
55, 317.323, 8.6892, 2891223040, 8391309755, 8330641721, 282.541
56, 318.431, 8.70561, 2906798080, 8532358502, 8471842866, 293.491
57, 322.702, 8.54654, 2891960320, 8668086707, 8609208686, 293.798
58, 317.513, 8.70105, 2896896000, 8805806818, 8746822730, 300.989
59, 321.193, 8.60936, 2899589120, 8938132631, 8880736409, 293.731
60, 326.429, 8.47434, 2900643840, 9075815504, 9017291726, 314.314
61, 322.414, 8.58083, 2900971520, 9213003501, 9154288068, 314.97
62, 322.625, 8.62097, 2916444160, 9353470335, 9293711960, 318.316
63, 319.943, 8.60929, 2888284160, 9491280433, 9432009362, 328.928
64, 322.222, 8.57581, 2897541120, 9629718821, 9570401735, 332.834
65, 322.635, 8.47143, 2865950720, 9764302044, 9706131298, 337.377
66, 321.783, 8.56218, 2889000960, 9897772516, 9840276537, 344.441
67, 324.174, 8.50725, 2891796480, 10032544029, 9974861302, 353.512
68, 323.325, 8.5134, 2886307840, 10171174385, 10112279096, 355.839
69, 322.886, 8.57343, 2902712320, 10310679575, 10251155448, 365.466
70, 324.958, 8.56495, 2918451200, 10445961101, 10387513398, 368.753
71, 309.796, 9.05157, 2940354560, 10585405527, 10526036398, 378.565
72, 323.34, 8.61524, 2920970240, 10723497667, 10664258163, 375.542
73, 321.667, 8.63028, 2910924800, 10856189770, 10798609557, 384.415
74, 322.971, 8.70146, 2946836480, 10990777685, 10933122453, 379.117
75, 325.094, 8.68317, 2959964160, 11135121403, 11074520860, 389.764
76, 324.625, 8.68888, 2957639680, 11278190524, 11217084757, 397.337
77, 327.04, 8.656, 2968371200, 11412873926, 11354135955, 395.653
78, 322.042, 8.75178, 2955345920, 11551666041, 11492406006, 407.423
79, 325.34, 8.70982, 2971299840, 11689622537, 11630454566, 414.152
80, 321.81, 8.69521, 2934128640, 11825975097, 11767318621, 409.838
81, 325.113, 8.63185, 2942648320, 11961220432, 11903046934, 423.439
82, 324.658, 8.68776, 2957557760, 12112546076, 12049691905, 415.04
83, 327.054, 8.64103, 2963363840, 12251625089, 12191043486, 440.193
84, 323.458, 8.73488, 2962616320, 12390237335, 12330477300, 444.968
