Backup ID, Ecall, Inline_Ocall, Offline_Ocall, _Inline_FPOcall, _Inline_SFOcall, _Inline_LocalOcall, _Inline_LoadOcall, _Inline_DeltaOcall, _Inline_RecipeOcall, _Inline_Write_ContainerOcall, _inline_have_similar_chunk_num, _inline_need_load_container_num
0,2734,9966,486699,2732,2732,2641,1429,91,341,213,109954,37110,
1,5478,18872,876895,5474,5474,5153,1767,321,683,270,145472,56697,
2,8200,27632,1293897,8194,8194,7362,2028,832,1022,320,181991,72162,
3,10955,36576,1788611,10947,10947,9743,2369,1204,1366,377,215621,88660,
4,13683,45367,2309561,13673,13673,12042,2642,1631,1706,428,251995,104265,
5,16440,54216,2896191,16428,16428,14388,2882,2040,2050,479,289284,119694,
6,19195,63021,3550110,19181,19181,16715,3084,2466,2394,533,327668,134839,
7,21990,73060,4257522,21974,21974,19192,4395,2782,2743,587,361814,151553,
8,24768,82008,4964839,24750,24750,21517,4669,3233,3089,637,397864,167013,
9,27545,90966,5766252,27525,27525,23940,4956,3585,3435,689,434305,183174,
10,30302,99825,6580968,30280,30280,26395,5206,3885,3779,739,469978,199858,
11,33058,108790,7458075,33034,33034,28862,5565,4172,4123,790,505845,216414,
12,35858,117748,8408760,35832,35832,31387,5780,4445,4472,845,543784,234014,
13,38635,126679,9391494,38607,38607,33844,6040,4763,4818,896,580668,250690,
14,41431,135692,10390164,41401,41401,36303,6322,5098,5167,946,616909,266889,
15,44221,144684,11433429,44189,44189,38748,6602,5441,5515,995,652771,283031,
16,47053,153848,12583104,47019,47019,41369,6923,5650,5868,1049,689397,302183,
17,49904,163114,13737884,49868,49868,43912,7286,5956,6224,1101,726326,320033,
18,52757,172257,14977194,52718,52718,46561,7522,6158,6580,1154,762881,339128,
19,55586,181345,16230802,55545,55545,49164,7776,6382,6933,1206,799792,357208,
20,58370,190267,17508969,58327,58327,51756,8005,6572,7280,1259,835985,376319,
21,61116,199105,18805102,61071,61071,54285,8269,6787,7622,1311,872043,394541,
22,63835,207753,20187718,63787,63787,56859,8429,6930,7961,1364,907824,413549,
23,66542,216463,21573494,66492,66492,59313,8686,7181,8299,1414,943763,430359,
24,69261,225221,22992499,69209,69209,61735,8954,7476,8638,1464,979544,446500,
25,71988,234008,24429095,71934,71934,64185,9226,7751,8978,1513,1015327,463245,
26,74705,242708,25952163,74649,74649,66667,9442,7984,9317,1564,1051381,479932,
27,77420,251436,27481594,77362,77362,69124,9692,8240,9656,1614,1086859,496422,
28,80139,260173,29096134,80079,80079,71604,9939,8477,9995,1664,1122883,513179,
29,82863,268920,30723828,82801,82801,74019,10180,8784,10335,1713,1158859,529191,
30,85599,277726,32415255,85535,85535,76508,10443,9029,10676,1764,1195108,546313,
31,88300,286409,33997139,88234,88234,78949,10692,9287,11013,1813,1230569,563054,
32,90971,295014,35687686,90903,90903,81315,10957,9590,11346,1861,1265775,578991,
33,93684,303607,37593480,93614,93614,83878,11079,9738,11684,1917,1304697,597910,
34,96409,312270,39367543,96337,96337,86459,11233,9880,12024,1972,1342851,616452,
35,99146,320967,41252024,99072,99072,89072,11384,10002,12365,2027,1380235,636638,
36,101876,329696,42952242,101800,101800,91620,11589,10182,12705,2081,1417284,655997,
37,104624,338433,44914665,104546,104546,94243,11745,10305,13048,2135,1453974,675642,
38,107351,347138,46853036,107271,107271,96777,11935,10496,13388,2186,1490166,693917,
39,110078,355849,48661946,109996,109996,99294,12131,10704,13728,2237,1526223,711616,
40,112825,364624,50551653,112741,112741,101867,12328,10876,14071,2289,1562868,729710,
41,115552,373341,52430997,115466,115466,104391,12530,11077,14411,2340,1599086,747155,
42,118278,382044,54504016,118190,118190,106946,12721,11246,14751,2392,1635596,765283,
43,121006,390744,56394244,120916,120916,109478,12903,11440,15091,2444,1671477,783460,
44,123721,399403,58513776,123629,123629,112027,13084,11604,15430,2495,1707212,801912,
45,126451,408137,60593202,126357,126357,114548,13294,11811,15770,2545,1743112,819470,
46,129197,416908,62539698,129101,129101,117092,13491,12011,16112,2596,1779125,836700,
47,131944,425698,64516953,131846,131846,119627,13703,12221,16455,2647,1814993,854234,
48,134697,434474,66709089,134597,134597,122208,13883,12391,16798,2699,1851448,872519,
49,137429,443229,68911029,137327,137327,124743,14107,12586,17139,2750,1887566,890834,
50,140181,452034,71081205,140077,140077,127288,14319,12791,17482,2802,1924055,908388,
51,142883,460720,73209060,142777,142777,129730,14568,13049,17819,2852,1959721,924527,
52,145587,469362,75369442,145479,145479,132225,14767,13256,18156,2902,1995322,941793,
53,148308,478113,77474867,148198,148198,134673,15022,13527,18495,2951,2030547,957981,
54,151038,486871,79655174,150926,150926,137147,15256,13781,18835,3001,2066526,974610,
55,153765,495601,81887657,153651,153651,139648,15471,14005,19175,3053,2102750,991993,
56,156504,504397,84154379,156388,156388,142164,15714,14226,19517,3105,2139661,1009111,
57,159230,513154,86403441,159112,159112,144632,15959,14482,19857,3155,2175502,1025839,
58,161958,521928,88755770,161838,161838,147083,16215,14757,20197,3205,2212054,1042101,
59,164688,530721,91062700,164566,164566,149544,16484,15024,20537,3254,2247395,1059068,
60,167419,539437,93423576,167295,167295,152086,16672,15211,20878,3304,2283222,1076514,
61,170150,548184,95771466,170024,170024,154596,16891,15430,21219,3354,2319323,1093708,
62,172897,557011,98186231,172769,172769,157104,17140,15667,21562,3405,2355710,1111262,
63,175619,565751,100635366,175489,175489,159582,17381,15909,21901,3456,2392047,1128038,
64,178350,574485,103150213,178218,178218,162093,17587,16127,22242,3507,2428284,1145304,
65,181053,583166,105654774,180919,180919,164549,17828,16372,22579,3557,2464239,1161980,
66,183775,591940,108186691,183639,183639,167009,18103,16632,22918,3606,2500022,1178778,
67,186500,600701,110779079,186362,186362,169476,18355,16888,23258,3655,2535841,1195167,
68,189219,609392,113395097,189079,189079,171977,18556,17104,23597,3705,2571865,1211703,
69,191951,618134,116056368,191809,191809,174506,18767,17305,23938,3756,2608179,1228648,
70,194696,626932,118772167,194552,194552,176997,18994,17557,24280,3806,2644534,1245595,
71,197460,635796,121548241,197314,197314,179519,19227,17797,24625,3857,2681140,1262900,
72,200207,644585,124227508,200059,200059,182040,19438,18021,24968,3908,2717509,1280207,
73,202945,653430,127034298,202795,202795,184508,19734,18289,25309,3957,2753323,1297142,
74,205712,662327,129737121,205560,205560,186983,19991,18579,25654,4006,2789293,1313781,
75,208489,671194,132658940,208335,208335,189587,20187,18750,26000,4058,2825446,1332016,
76,211264,680055,135528865,211108,211108,192187,20383,18923,26346,4110,2861951,1350883,
77,214048,688981,138414149,213890,213890,194692,20616,19200,26693,4160,2898820,1367574,
78,216821,697889,141396441,216661,216661,197208,20865,19455,27039,4211,2935614,1384402,
79,219606,706820,144384113,219444,219444,199744,21100,19702,27386,4262,2972099,1401425,
80,222360,715651,147329505,222196,222196,202282,21332,19916,27729,4312,3008219,1418558,
81,225121,724514,150404827,224955,224955,204797,21574,20160,28073,4362,3044381,1435850,
82,227896,733357,153558725,227728,227728,207444,21752,20286,28419,4416,3080995,1455543,
83,230677,742223,156753947,230507,230507,210062,21934,20447,28766,4468,3117462,1474563,
84,233458,751138,159943248,233286,233286,212632,22165,20656,29113,4519,3154043,1492241,
