Backup ID, Logical chunk num, Unique chunk num, Base chunk num, Delta chunk num, Logical chunk size, Unique chunk size, Base chunk size, Delta chunk size, LZ4_save size, Delta_save size, 
0,47270,45091,44897,194,374824960,355493664,226721927,128399,127067324,1576014
1,93760,63193,55033,8160,741068800,495103669,276820097,1028528,157171834,60083210
2,140254,80435,64864,15571,1108418560,629979924,325759222,2048076,187527150,114645476
3,186916,97135,73586,23549,1477611520,759367472,369497342,3123610,214431268,172315252
4,233561,111930,80887,31043,1846190080,875009206,404811340,4001716,239011371,227184779
5,271616,126584,88537,38047,2149201920,988912863,439791486,4970785,265323673,278826919
6,333509,182509,140894,41615,2647705600,1439024217,689084639,6279941,438902510,304757127
7,375631,217536,168404,49132,2997319680,1732574333,808051599,7672133,551148837,365701764
8,419564,249310,186650,62660,3364526080,1998004082,897875664,13145900,609003472,477979046
9,463497,249332,186660,62672,3731732480,1998126473,897883505,13148817,609046109,478048042
10,511234,257100,192102,64998,4109803520,2059446492,924918141,13431716,627064782,494031853
11,550375,262844,195597,67247,4422103040,2104629607,940643856,13659052,641074380,509252319
12,589502,277512,203227,74285,4734248960,2218783128,977464195,14707128,666186468,560425337
13,652520,280730,203704,77026,5241784320,2241418287,979363440,15041388,667669852,579343607
14,717905,300858,213092,87766,5764464640,2400783295,1021533759,16458762,698794504,663996270
15,783325,316129,219121,97008,6287237120,2525462985,1050791727,17467442,719668945,737534871
16,829595,341773,229723,112050,6673735680,2745488039,1097406539,27431021,763196049,857454430
17,875466,350721,231521,119200,7057971200,2823472834,1103760577,35125000,770288791,914298466
18,923854,357394,235662,121732,7442227200,2876277470,1122100599,35369050,787169934,931637887
19,971484,363629,239071,124558,7817871360,2924628193,1136329496,35739827,801426221,951132649
20,1019179,369592,242185,127407,8194682880,2971142827,1148963226,36073290,815241633,970864678
21,1067026,375496,245181,130315,8573368320,3017413239,1160855824,36453765,829044246,991059404
22,1112897,375519,245193,130326,8957603840,3017536324,1160868763,36458143,829090322,991119096
23,1158768,375540,245196,130344,9341839360,3017643824,1160870132,36463001,829102777,991207914
24,1207545,391103,253843,137260,9731287040,3147129212,1207080676,37352050,855200522,1047495964
25,1256392,394790,254653,140137,10121338880,3173146392,1211271429,36605124,856792226,1068477613
26,1305302,398504,255175,143329,10512404480,3198894091,1213090139,37080027,858446190,1090277735
27,1354172,412295,260944,151351,10903429120,3314601417,1242037341,37979894,878557211,1156026971
28,1402940,415863,261592,154271,11293941760,3340115247,1245931946,38346542,879620866,1176215893
29,1443085,436186,270423,165763,11619184640,3504542465,1289375780,40051874,908209662,1266905149
30,1483217,452933,276779,176154,11944468480,3640857118,1319510703,41406728,930541997,1349397690
31,1523363,455386,277169,178217,12269639680,3659050396,1321644923,41662427,931386326,1364356720
32,1563546,457878,277667,180211,12595281920,3677505788,1324492340,41922471,932372322,1378718655
33,1603775,460343,278139,182204,12921047040,3695746745,1327324643,42128216,933303436,1392990450
34,1648884,470364,282039,188325,13298063360,3789919389,1338857882,53996904,959023994,1438040609
35,1694029,478149,283214,194935,13675489280,3861312313,1343158700,63377985,963752442,1491023186
36,1741440,485699,283707,201992,14072944640,3929958353,1345562453,72460015,965430882,1546505003
37,1788524,505702,288818,216884,14468106240,4101652910,1371280501,81866494,981666430,1666839485
38,1835523,513397,290080,223317,14863370240,4171832822,1376056359,93661613,989589382,1712525468
39,1876216,530689,298812,231877,15191316480,4311487807,1419322552,95007929,1016011691,1781145635
40,1913449,545953,303748,242205,15492782080,4436563133,1443563108,96818418,1032009935,1864171672
41,1950738,563025,309864,253161,15794718720,4575785202,1473797124,98499708,1051173879,1952314491
42,1988065,578196,315912,262284,16096768000,4699732147,1505236532,99993456,1068595304,2025906855
43,2025433,582690,317175,265515,16399237120,4732139714,1510874344,100745144,1072398938,2048121288
44,2074134,597635,324681,272954,16789903360,4856818378,1550263559,101981008,1096466130,2108107681
45,2122847,600194,325270,274924,17180590080,4875734367,1553956984,102167916,1097452531,2122156936
46,2171519,603472,325706,277766,17570560000,4899115325,1556171499,102456517,1098650218,2141837091
47,2220326,618425,331105,287320,17961431040,5021636387,1580574044,103883861,1119047390,2218131092
48,2257694,618450,331113,287337,18263900160,5021781860,1580579115,103888743,1119079192,2218234810
49,2307202,622086,332971,289115,18659973120,5049354401,1593867959,104072714,1120693146,2230720582
50,2356622,624875,333663,291212,19055656960,5069977693,1598418648,104462003,1121618204,2245478838
51,2405612,636347,337846,298501,19468840960,5177786411,1614555162,121028121,1144962092,2297241036
52,2447006,637794,338294,299500,19802460160,5189341117,1617556291,121169621,1145659930,2304955275
53,2484962,639336,338950,300386,20109813760,5201673249,1622262984,121302891,1146360019,2311747355
54,2522969,640807,339436,301371,20417689600,5213578195,1625588814,121450700,1147011076,2319527605
55,2561009,642051,339714,302337,20725667840,5223559501,1627333229,121584939,1147571119,2327070214
56,2599098,643311,339972,303339,21034076160,5233628060,1628862212,121724538,1148107531,2334933779
57,2639876,645916,340542,305374,21364449280,5252952705,1632355498,122002577,1149026677,2349567953
58,2680677,648640,341218,307422,21695129600,5273120641,1636517431,122296995,1150077580,2364228635
59,2721490,651174,341623,309551,22025707520,5292001087,1638811055,122591951,1150876876,2379721205
60,2762338,653720,342043,311677,22356746240,5310963607,1641341523,122886282,1151672714,2395063088
61,2803249,656273,342430,313843,22687907840,5329807731,1643493081,123164921,1152425476,2410724253
62,2850269,667060,344055,323005,23082076160,5426033199,1649171317,136008885,1161631276,2479221721
63,2897423,675589,345061,330528,23477360640,5503728992,1652914362,143972463,1166385346,2540456821
64,2946849,684080,345668,338412,23892674560,5580869610,1655390507,151743667,1169091219,2604644217
65,2995937,692541,346294,346247,24305715200,5657844301,1657732981,160061635,1171679797,2668369888
66,3034026,692567,346306,346261,24614123520,5657992401,1657746157,160067015,1171726234,2668452995
67,3083892,695994,347863,348131,25014067200,5683878422,1666220225,160033355,1175597702,2682027140
68,3133068,710148,354135,356013,25406832640,5802337491,1699240387,161063328,1195700770,2746333006
69,3182530,712856,354877,357979,25803069440,5822555219,1704447496,161296713,1196658791,2760152219
70,3220619,712881,354881,358000,26111477760,5822699186,1704449386,161304915,1196675333,2760269552
71,3263035,735096,375605,359491,26455859200,6005656824,1821295787,161823886,1251026752,2771510399
72,3307336,746419,384538,361881,26815508480,6098796294,1869685522,162362795,1276731731,2790016246
73,3350218,752391,388986,363405,27163023360,6147772247,1894644772,162660430,1288318849,2802148196
74,3393144,753605,389315,364290,27510743040,6157487549,1896854256,162779152,1288798156,2809055985
75,3436144,759571,392873,366698,27858503680,6204746036,1914467878,163169353,1299775550,2827333255
76,3479144,762358,393526,368832,28206233600,6225611499,1917953596,163446069,1301396002,2842815832
77,3523445,770570,398734,371836,28565800960,6291053095,1943227472,164027041,1318915210,2864883372
78,3567732,772866,399130,373736,28925265920,6310049010,1945259724,164257948,1320207129,2880324209
79,3612081,781297,404039,377258,29285120000,6376027080,1968224707,165040059,1337295458,2905466856
80,3656412,784282,404565,379717,29644994560,6399193338,1970531135,165244043,1339158447,2924259713
81,3700674,787566,405398,382168,30004213760,6425556325,1974933395,165540349,1341318789,2943763792
82,3740691,798725,415031,383694,30326528000,6515039713,2027639314,166007261,1366004829,2955388309
83,3783372,805381,419470,385911,30671964160,6567954497,2050679080,166470031,1378799995,2972005391
84,3825950,810353,422826,387527,31016939520,6607659097,2068046046,166842244,1388818430,2983952377
85,3868596,815960,425464,390496,31362539520,6650687784,2085434612,167571688,1392635683,3005045801
86,3910995,819466,426363,393103,31706787840,6677029366,2090417380,167942401,1394858858,3023810727
87,3953403,821838,426633,395205,32051159040,6694505446,2091368692,168207205,1395904538,3039025011
88,3997704,821859,426637,395222,32410808320,6694628515,2091376640,168211424,1395926969,3039113482
89,4042378,824073,428554,395519,32773447680,6712487789,2105925827,168279933,1397078919,3041203110
90,4086956,826102,429664,396438,33135206400,6728833826,2114522730,168398730,1397688546,3048223820
91,4131606,827496,430033,397463,33497640960,6740028415,2116984263,168529965,1398216892,3056297295
92,4176284,834288,434191,400097,33860229120,6794113241,2136552812,169014064,1413125156,3075421209
93,4220932,838026,434871,403155,34222755840,6822115611,2139161015,169421005,1415483237,3098050354
94,4265582,838047,434880,403167,34585190400,6822244413,2139168933,169423486,1415530273,3098121721
