Backup ID, FPindex, SFindex, Deltaindex
0,3607280,8561856,10720
1,5055440,10505024,514912
2,6434800,12390592,826656
3,7770800,14064448,1129952
4,8954400,15465216,1409536
5,10126720,16924352,1677600
6,14600720,26911872,1837312
7,17402880,31887168,2264832
8,19944800,35330112,2892000
9,19946560,35332032,2892704
10,20568000,36376000,2976480
11,21027520,37046848,3064736
12,22200960,38511168,3318400
13,22458400,38602752,3452128
14,24068640,40402240,3880064
15,25290320,41559680,4199360
16,27341840,43569920,4790624
17,28057680,43862720,5081920
18,28591520,44657216,5176800
19,29090320,45311296,5282176
20,29567360,45909184,5384896
21,30039680,46484160,5489216
22,30041520,46486464,5489760
23,30043200,46487040,5490592
24,31288240,48146368,5730848
25,31583200,48301504,5844576
26,31880320,48401600,5958368
27,32983600,49508800,6247936
28,33269040,49632512,6349984
29,34894880,51325696,6772288
30,36234640,52544128,7130912
31,36430880,52618816,7205152
32,36630240,52714240,7276544
33,36827440,52804544,7348640
34,37629120,53532672,7566240
35,38251920,53722304,7828320
36,38855920,53810048,8069216
37,40456160,54765248,8589440
38,41071760,54960960,8814528
39,42455120,56626624,9110944
40,43676240,57567168,9506688
41,45042000,58705216,9897504
42,46255680,59855040,10216224
43,46615200,60095104,10335808
44,47810800,61535808,10595584
45,48015520,61648704,10667104
46,48277760,61732096,10768608
47,49474000,62767232,11109056
48,49476000,62768704,11109984
49,49766880,63123776,11168832
50,49990000,63256192,11248896
51,50907760,64033280,11519392
52,51023520,64119296,11569056
53,51146880,64245248,11602912
54,51264560,64337536,11640448
55,51364080,64390400,11673760
56,51464880,64439488,11708544
57,51673280,64547904,11784352
58,51891200,64677376,11859968
59,52093920,64754496,11934720
60,52297600,64834560,12007200
61,52501840,64907584,12080352
62,53364800,65190016,12431168
63,54047120,65332288,12697728
64,54726400,65437632,12964480
65,55403280,65522944,13230976
66,55405360,65525248,13231616
67,55679520,65822912,13294848
68,56811840,67025984,13563616
69,57028480,67167744,13633600
70,57030480,67168512,13634528
71,58807680,71142144,13719328
72,59713520,72855808,13838688
73,60191280,73709568,13910112
74,60288400,73772736,13943168
75,60765680,74455872,14031104
76,60988640,74580992,14105504
77,61645600,75576704,14212800
78,61829280,75652480,14289824
79,62503760,76593152,14414528
80,62742560,76693248,14510016
81,63005280,76852096,14603328
82,63898000,78694528,14674176
83,64430480,79545024,14766688
84,64828240,80189120,14828992
85,65276800,80694080,14936544
86,65557280,80865344,15025152
87,65747040,80916928,15095040
88,65748720,80917696,15095840
89,65925840,81285760,15106560
90,66088160,81498880,15157536
91,66199680,81569728,15198016
92,66743040,82367488,15294144
93,67042080,82496448,15410432
94,67043760,82497920,15410976
