Backup ID, Online Delta_save, Offline Delta_save, Offline delta time, Offline dedelta time, Offline delete time, Offline Delta chunk num
0,1576014,0,0,0,0,0
1,60083210,0,0,0,0,0
2,114645476,0,0,0,0,0
3,172315252,0,0,0,0,0
4,227105543,79236,95,84,13,11
5,278683699,143220,182,160,26,22
6,304613907,143220,182,160,26,22
7,365558544,143220,182,160,26,22
8,477835826,143220,182,160,26,22
9,477904822,143220,182,160,26,22
10,493888633,143220,182,160,26,22
11,509109099,143220,182,160,26,22
12,560282117,143220,182,160,26,22
13,579200387,143220,182,160,26,22
14,663853050,143220,182,160,26,22
15,737391651,143220,182,160,26,22
16,857126802,327628,473,435,50,38
17,914744791,-446325,739,686,64,53
18,932070988,-433101,742,688,67,54
19,951565750,-433101,742,688,67,54
20,971297779,-433101,742,688,67,54
21,991257062,-197658,1058,961,103,97
22,991316754,-197658,1058,961,103,97
23,991405572,-197658,1058,961,103,97
24,1047384138,111826,1338,1185,139,153
25,1067187769,1289844,1701,1532,166,169
26,1088987507,1290228,2004,1832,171,172
27,1154736743,1290228,2004,1832,171,172
28,1174474628,1741265,2881,2633,227,248
29,1264776047,2129102,3428,3130,265,298
30,1345861774,3535916,5125,4570,334,555
31,1360820804,3535916,5125,4570,334,555
32,1375182739,3535916,5125,4570,334,555
33,1388886236,4104214,5931,5309,392,622
34,1433523876,4516733,6598,5913,446,685
35,1484646886,6376300,8353,7452,520,901
36,1535646915,10858088,14239,12791,579,1448
37,1648491271,18348214,21012,18684,651,2328
38,1678339123,34186345,36459,31557,728,4902
39,1745729571,35416064,38804,33741,793,5063
40,1827076737,37094935,40142,34831,862,5311
41,1914543234,37771257,41004,35608,926,5396
42,1985518821,40388034,44679,38927,1018,5752
43,2006389716,41731572,46583,40552,1083,6031
44,2065666101,42441580,47455,41328,1112,6127
45,2079715356,42441580,47455,41328,1112,6127
46,2099164988,42672103,48254,42088,1160,6166
47,2174682959,43448133,49817,43519,1228,6298
48,2174786677,43448133,49817,43519,1228,6298
49,2186679659,44040923,50608,44209,1291,6399
50,2201214209,44264629,51494,45034,1332,6460
51,2239114122,58126914,65056,56244,1423,8812
52,2246828361,58126914,65056,56244,1423,8812
53,2253620441,58126914,65056,56244,1423,8812
54,2259813691,59713914,68771,59756,1488,9015
55,2266842045,60228169,69142,60056,1557,9086
56,2274705610,60228169,69142,60056,1557,9086
57,2288106432,61461521,72676,63426,1631,9250
58,2302516609,61712026,73111,63812,1660,9299
59,2317720980,62000225,73377,64036,1721,9341
60,2332017972,63045116,76907,67437,1781,9470
61,2346277264,64446989,77858,68217,1821,9641
62,2378179225,101042496,105455,90891,1964,14564
63,2437227129,103229692,109220,94339,2096,14881
64,2499674002,104970215,112237,97150,2164,15087
65,2550508719,117861169,130097,113371,2270,16726
66,2550591826,117861169,130097,113371,2270,16726
67,2561713094,120314046,138356,121337,2398,17019
68,2624491291,121841715,141058,123841,2510,17217
69,2637281445,122870774,142261,124876,2598,17385
70,2637398778,122870774,142261,124876,2598,17385
71,2648639625,122870774,142261,124876,2598,17385
72,2667145472,122870774,142261,124876,2598,17385
73,2679270154,122878042,142266,124880,2603,17386
74,2686177943,122878042,142266,124880,2603,17386
75,2704455213,122878042,142266,124880,2603,17386
76,2719026310,123789522,143524,126024,2675,17500
77,2741093850,123789522,143524,126024,2675,17500
78,2756534687,123789522,143524,126024,2675,17500
79,2780001999,125464857,145049,127321,2767,17728
80,2798337576,125922137,146052,128279,2825,17773
81,2816945234,126818558,146916,129034,2864,17882
82,2828569751,126818558,146916,129034,2864,17882
83,2844726888,127278503,147930,129979,2907,17951
84,2856673874,127278503,147930,129979,2907,17951
85,2876369087,128676714,150280,132115,3002,18165
86,2895134013,128676714,150280,132115,3002,18165
87,2910348297,128676714,150280,132115,3002,18165
88,2910436768,128676714,150280,132115,3002,18165
89,2912517412,128685698,150281,132115,3003,18166
90,2919538122,128685698,150281,132115,3003,18166
91,2927611597,128685698,150281,132115,3003,18166
92,2945747987,129673222,152055,133755,3089,18300
93,2967427635,130622719,153776,135311,3162,18465
94,2967499002,130622719,153776,135311,3162,18465
