BackupID, OnlineSpeed(MB/s), Encalve ProcessTime(s), BackupSize, OnlineSize, OfflineSize, OfflineTime(s)
0, 90.7283, 3.9399, 374824960, 226850326, 226850326, 0.000467
1, 176.611, 1.97766, 366243840, 277848625, 277848625, 0.000586
2, 176.942, 1.97993, 367349760, 327807298, 327807298, 0.000596
3, 170.931, 2.05984, 369192960, 372620952, 372620952, 0.001138
4, 190.69, 1.84333, 368578560, 408832233, 408813056, 0.386441
5, 171.365, 1.68631, 303011840, 444789128, 444762271, 0.351319
6, 89.325, 5.32225, 498503680, 695364580, 695364580, 0.001207
7, 91.281, 3.65266, 349614080, 815723732, 815723732, 0.001384
8, 101.087, 3.46429, 367206400, 911021564, 911021564, 0.001479
9, 510.696, 0.685722, 367206400, 911032322, 911032322, 0.001667
10, 270.722, 1.33183, 378071040, 938349857, 938349857, 0.001603
11, 287.466, 1.03606, 312299520, 954302908, 954302908, 0.001624
12, 162.86, 1.82786, 312145920, 992171323, 992171323, 0.002749
13, 393.942, 1.22867, 507535360, 994404828, 994404828, 0.009837
14, 185.839, 2.68225, 522680320, 1037992521, 1037992521, 0.002783
15, 216.452, 2.3033, 522772480, 1068259169, 1068259169, 0.001835
16, 123.105, 2.99415, 386498560, 1124919101, 1124837560, 0.733231
17, 232.197, 1.57812, 384235520, 1138010337, 1138885577, 0.390103
18, 252.519, 1.4512, 384256000, 1157469572, 1157469649, 0.096065
19, 256.251, 1.39801, 375644160, 1172069323, 1172069323, 0.003015
20, 272.36, 1.31942, 376811520, 1185036516, 1185036516, 0.001985
21, 272.928, 1.32322, 378685440, 1197388555, 1197309589, 1.12656
22, 567.602, 0.645585, 384235520, 1197326906, 1197326906, 0.002163
23, 551.586, 0.664331, 384235520, 1197333133, 1197333133, 0.003301
24, 169.707, 2.18852, 389447680, 1244535150, 1244432726, 1.08643
25, 313.977, 1.18474, 390051840, 1248985287, 1247876553, 0.662085
26, 311.956, 1.19552, 391065600, 1250131219, 1250170166, 0.182459
27, 183.176, 2.0358, 391024640, 1280017235, 1280017235, 0.002126
28, 319.202, 1.16673, 390512640, 1284518517, 1284278488, 1.57961
29, 121.327, 2.55653, 325242880, 1329652100, 1329427654, 1.34893
30, 134.196, 2.31166, 325283840, 1361525294, 1360917431, 2.73194
31, 320.242, 0.968352, 325171200, 1363307350, 1363307350, 0.002307
32, 306.013, 1.01485, 325642240, 1366414811, 1366414811, 0.002182
33, 300.512, 1.03381, 325765120, 1369867120, 1369452859, 1.66092
34, 194.189, 1.85155, 377016320, 1393131525, 1392854786, 1.52388
35, 221.664, 1.62382, 377425920, 1407766897, 1406536685, 2.95171
36, 219.097, 1.73002, 397455360, 1419501780, 1418022468, 5.8246
37, 131.043, 2.87581, 395161600, 1455923260, 1453146995, 6.72363
38, 226.616, 1.6634, 395264000, 1470511512, 1469717972, 13.5405
39, 130.911, 2.38906, 327946240, 1515343394, 1514330481, 2.66433
40, 130.938, 2.1957, 301465600, 1541786841, 1540381526, 2.3026
41, 121.786, 2.36438, 301936640, 1572723004, 1572296832, 1.77611
42, 125.212, 2.30055, 302049280, 1607400069, 1605229988, 4.09327
43, 223.566, 1.29025, 302469120, 1612085216, 1611619488, 2.58909
44, 159.896, 2.33007, 390666240, 1652609826, 1652244567, 1.66787
45, 323.681, 1.1511, 390686720, 1656124900, 1656124900, 0.015784
46, 298.883, 1.24431, 389969920, 1658707333, 1658628016, 1.40324
47, 151.601, 2.45886, 390871040, 1684989532, 1684457905, 2.01665
48, 552.462, 0.52213, 302469120, 1684467858, 1684467858, 0.00301
49, 297.269, 1.27065, 396072960, 1698209434, 1697940673, 1.73373
50, 312.736, 1.20662, 395683840, 1702905315, 1702880651, 1.20172
51, 184.74, 2.13296, 413184000, 1733989507, 1735583283, 12.2835
52, 375.445, 0.847431, 333619200, 1738725912, 1738725912, 0.002949
53, 366.556, 0.799647, 307353600, 1743565875, 1743565875, 0.002894
54, 377.045, 0.778722, 307875840, 1748452832, 1747039514, 3.02064
55, 396.759, 0.740276, 307978240, 1749291070, 1748918168, 1.49574
56, 351.251, 0.837353, 308408320, 1750586750, 1750586750, 0.00284
57, 273.15, 1.15346, 330373120, 1755409031, 1754358075, 3.12864
58, 273.731, 1.15208, 330680320, 1758896172, 1758814426, 0.709042
59, 293.889, 1.07273, 330577920, 1761650004, 1761403006, 1.54551
60, 289.236, 1.09151, 331038720, 1765211948, 1764227805, 2.63219
61, 283.198, 1.11519, 331161600, 1768024802, 1766658002, 1.13893
62, 181.568, 2.07035, 394168320, 1791054242, 1785180202, 23.0139
63, 208.68, 1.80646, 395284480, 1797957146, 1796886825, 4.29816
64, 215.327, 1.83941, 415313920, 1808211603, 1807134174, 2.91186
65, 224.825, 1.75206, 413040640, 1820158321, 1817794616, 14.5933
66, 503.513, 0.584138, 308408320, 1817813172, 1817813172, 0.003255
67, 300.821, 1.26792, 399943680, 1828379878, 1826253580, 5.97264
68, 148.104, 2.5291, 392765440, 1861027506, 1860303715, 3.99171
69, 295.024, 1.28085, 396236800, 1866540336, 1865744209, 1.99157
70, 545.311, 0.539364, 308408320, 1865754301, 1865754301, 0.003153
71, 120.153, 2.73341, 344381440, 1983119673, 1983119673, 0.004776
72, 195.861, 1.75119, 359649280, 2032048317, 2032048317, 0.003372
73, 249.835, 1.32654, 347514880, 2057304842, 2057305202, 0.105859
74, 395.523, 0.838413, 347719680, 2059633408, 2059633408, 0.010433
75, 252.032, 1.31591, 347760640, 2077637231, 2077637231, 0.005409
76, 299.419, 1.10755, 347729920, 2081987493, 2081399665, 1.72189
77, 208.768, 1.64254, 359567360, 2107254513, 2107254513, 0.005449
78, 358.589, 0.956004, 359464960, 2109517672, 2109517672, 0.01063
79, 205.541, 1.66966, 359854080, 2134484046, 2133264766, 2.32105
80, 304.584, 1.12679, 359874560, 2135990043, 2135775178, 1.44751
81, 317.305, 1.07965, 359219200, 2141352271, 2140473744, 0.86341
82, 176.952, 1.7371, 322314240, 2193646575, 2193646575, 0.005515
83, 255.159, 1.29109, 345436160, 2217535490, 2217149111, 1.20784
84, 246.018, 1.33728, 344975360, 2234888290, 2234888290, 0.003688
85, 240.728, 1.36914, 345600000, 2254241607, 2253006300, 2.21828
86, 271.248, 1.21033, 344248320, 2258359781, 2258359781, 0.003693
87, 301.97, 1.08758, 344371200, 2259575897, 2259575897, 0.010765
88, 562.696, 0.609545, 359649280, 2259588064, 2259588064, 0.003829
89, 355.919, 0.971681, 362639360, 2274207188, 2274205760, 0.018749
90, 370.784, 0.930461, 361758720, 2282921460, 2282921460, 0.003672
91, 407.685, 0.847822, 362434560, 2285514228, 2285514228, 0.011805
92, 242.14, 1.42806, 362588160, 2306220972, 2305566876, 1.95119
93, 266.498, 1.29732, 362526720, 2309077855, 2308582020, 2.57321
94, 522.369, 0.661686, 362434560, 2308592419, 2308592419, 0.006315
