Backup ID, Ecall, Inline_Ocall, Offline_Ocall, _Inline_FPOcall, _Inline_SFOcall, _Inline_LocalOcall, _Inline_LoadOcall, _Inline_DeltaOcall, _Inline_RecipeOcall, _Inline_Write_ContainerOcall, _inline_have_similar_chunk_num, _inline_need_load_container_num
0,372,1423,5,370,370,0,267,370,46,59,515,163,
1,738,2563,10,694,694,0,350,734,91,73,8497,540,
2,1104,3711,15,1016,1016,0,445,1098,136,87,15921,1067,
3,1471,4856,20,1334,1334,0,544,1463,181,100,23906,1727,
4,1838,5958,37566,1622,1622,1,660,1827,226,110,31412,2425,
5,2138,6894,80900,1861,1861,2,783,2124,263,120,38481,3087,
6,2624,8708,80905,2340,2340,2,1095,2608,323,185,42238,3585,
7,2956,10804,80910,2666,2666,2,2168,2938,364,217,52419,4269,
8,3302,12442,80915,2992,2992,2,2768,3282,406,243,66333,5157,
9,3648,12846,80933,2999,2999,2,2772,3626,448,245,66345,5165,
10,4023,13641,80938,3151,3151,2,2844,3999,494,253,68671,5498,
11,4331,14339,80943,3283,3283,2,2934,4305,532,258,70923,5832,
12,4639,15348,80948,3525,3525,2,3115,4611,570,269,77961,6617,
13,5134,16301,81433,3674,3674,2,3216,5104,631,271,80702,6952,
14,5647,17768,81438,4017,4017,2,3423,5615,694,284,91458,7742,
15,6161,19122,81443,4319,4319,2,3598,6127,757,293,100700,8496,
16,6525,20529,163397,4652,4652,3,3932,6488,802,309,115901,9684,
17,6886,21864,195404,4833,4833,4,4502,6846,846,314,123478,10485,
18,7267,22707,207634,4987,4987,5,4611,7224,893,320,126014,10797,
19,7642,23573,207639,5143,5143,5,4746,7597,939,325,128840,11215,
20,8017,24432,207644,5295,5295,5,4882,7970,985,330,131689,11644,
21,8393,25288,336383,5444,5444,6,5020,8343,1031,335,134597,12100,
22,8754,25708,336403,5451,5451,6,5023,8702,1075,337,134608,12108,
23,9115,26126,336414,5458,5458,6,5024,9061,1119,339,134626,12119,
24,9499,27154,464502,5681,5681,8,5177,9441,1166,352,141546,12728,
25,9883,28126,537186,5880,5880,9,5322,9822,1213,355,144427,13241,
26,10268,29114,543545,6071,6071,10,5498,10204,1260,357,147621,13776,
27,10652,30160,543550,6287,6287,10,5683,10586,1307,366,155646,14498,
28,11035,31153,695177,6477,6477,12,5868,10965,1354,369,158567,15088,
29,11351,32425,832025,6773,6773,13,6195,11278,1393,383,170060,16177,
30,11667,33624,1027971,7031,7031,16,6525,11589,1432,393,180452,17270,
31,11983,34362,1027976,7147,7147,16,6678,11903,1471,395,182517,17655,
32,12299,35116,1027981,7264,7264,16,6845,12217,1510,397,184511,18068,
33,12616,35870,1212688,7377,7377,18,7019,12530,1549,399,186504,18486,
34,12971,36709,1387050,7489,7489,19,7237,12882,1593,407,192702,19242,
35,13326,37757,1599402,7603,7603,22,7660,13232,1637,412,199576,20055,
36,13699,38645,1745284,7714,7714,27,7909,13598,1683,417,206648,20886,
37,14069,40210,1904969,8007,8007,36,8475,13957,1728,429,221673,22531,
38,14439,41204,2098381,8122,8122,65,8826,14296,1773,435,228244,23509,
39,14759,42443,2295696,8373,8373,67,9206,14612,1812,448,236847,24507,
40,15052,43654,2474989,8624,8624,70,9588,14900,1848,457,247212,25604,
41,15346,45094,2647517,8892,8892,72,10164,15190,1884,467,258390,26799,
42,15640,46417,2890168,9162,9162,76,10619,15478,1920,477,267591,28002,
43,15934,47527,3088926,9407,9407,80,10911,15766,1956,480,270829,28650,
44,16317,48737,3223667,9624,9624,81,11259,16146,2003,492,278268,29510,
45,16700,49758,3224264,9839,9839,81,11422,16527,2050,494,280239,29845,
46,17083,50791,3365244,10027,10027,82,11651,16907,2097,496,283082,30372,
47,17467,52242,3539673,10319,10319,84,12089,17287,2144,504,292645,31517,
48,17761,52826,3539689,10443,10443,84,12097,17579,2180,506,292663,31529,
49,18150,53667,3723971,10564,10564,86,12261,17964,2228,511,294443,31912,
50,18539,54524,3830925,10686,10686,88,12439,18349,2276,514,296543,32314,
51,18924,55530,4040181,10815,10815,117,12757,18703,2323,523,303890,33414,
52,19250,56180,4040186,10921,10921,117,12831,19027,2363,525,304889,33560,
53,19549,57081,4040191,11159,11159,117,12922,19324,2400,528,305775,33713,
54,19848,57916,4199587,11371,11371,119,12999,19619,2437,531,306760,33882,
55,20148,58546,4372344,11477,11477,121,13082,19915,2474,533,307726,34052,
56,20448,59043,4372349,11517,11517,121,13164,20213,2511,535,308732,34211,
57,20769,60185,4572731,11805,11805,123,13372,20530,2550,538,310767,34674,
58,21090,61281,4637322,12065,12065,124,13590,20848,2589,541,312818,35137,
59,21411,62110,4843621,12182,12182,125,13827,21166,2628,543,314952,35593,
60,21733,62919,4988841,12297,12297,127,14047,21484,2667,545,317079,36056,
61,22055,63759,5065095,12411,12411,129,14300,21802,2706,547,319246,36527,
62,22425,64907,5401500,12604,12604,185,14649,22114,2751,555,328425,38069,
63,22796,66166,5675586,12732,12732,189,15237,22479,2797,560,336355,38953,
64,23185,67210,5773589,12859,12859,191,15592,22864,2845,564,344312,39825,
65,23571,68752,5958620,13165,13165,209,16091,23230,2892,568,352330,40872,
66,23871,69162,5958640,13200,13200,209,16096,23528,2929,570,352344,40882,
67,24263,70022,6230710,13328,13328,213,16262,23914,2977,574,354214,41269,
68,24650,71341,6535246,13548,13548,216,16708,24296,3025,584,362097,42317,
69,25039,72423,6713013,13769,13769,219,16913,24680,3073,587,364063,42761,
70,25339,72836,6713025,13803,13803,219,16923,24978,3110,589,364084,42777,
71,25673,73803,6713030,14015,14015,219,17093,25310,3151,620,365602,43028,
72,26022,74782,6713035,14240,14240,219,17232,25657,3194,634,368001,43348,
73,26360,75666,6725530,14429,14429,220,17361,25992,3235,642,369527,43608,
74,26698,76403,6725867,14576,14576,220,17427,26328,3276,644,370412,43740,
75,27036,77241,6725872,14730,14730,220,17580,26664,3317,650,372820,44100,
76,27374,78194,6870875,14922,14922,222,17772,26998,3358,653,374956,44539,
77,27723,79233,6870880,15122,15122,222,18021,27345,3401,661,377982,45105,
78,28071,80091,6871284,15300,15300,222,18134,27691,3444,663,379884,45371,
79,28420,81191,7071064,15521,15521,226,18402,28034,3487,671,383415,46032,
80,28769,82191,7187831,15724,15724,228,18606,28379,3530,673,385879,46501,
81,29117,83070,7236956,15901,15901,229,18742,28724,3573,676,388332,46832,
82,29432,84005,7236961,16080,16080,229,18967,29037,3612,691,389900,47199,
83,29768,84914,7334931,16251,16251,230,19159,29370,3653,698,392119,47597,
84,30103,85825,7334936,16420,16420,230,19358,29703,3694,704,393735,47993,
85,30439,86833,7470909,16614,16614,233,19603,30034,3735,710,396704,48570,
86,30773,87805,7470914,16787,16787,233,19856,30366,3776,713,399320,49060,
87,31107,88714,7471192,16946,16946,233,20074,30698,3817,715,401425,49464,
88,31456,89367,7471204,17073,17073,233,20083,31045,3860,717,401442,49476,
89,31808,90164,7471922,17237,17237,234,20159,31394,3903,722,401739,49607,
90,32159,90818,7471927,17327,17327,234,20241,31743,3946,726,402658,49760,
91,32510,91465,7472304,17409,17409,234,20332,32092,3989,728,403683,49938,
92,32862,92489,7618552,17585,17585,237,20611,32439,4032,735,406318,50546,
93,33213,93502,7840458,17757,17757,239,20888,32786,4075,737,409387,51102,
94,33564,94049,7840475,17832,17832,239,20893,33135,4118,739,409402,51115,
