#Backup ID,Process Time
0,2.51906
1,2.88995
2,3.08638
3,3.24642
4,3.13678
5,2.73927
6,5.3233
7,7.77273
8,8.12737
9,8.12088
10,3.13921
11,2.73943
12,2.4706
13,5.47997
14,5.62685
15,5.86189
16,8.80807
17,8.02633
18,2.46421
19,2.73931
20,3.11438
21,3.08767
22,7.92667
23,7.93039
24,5.0288
25,5.00049
26,5.00416
27,5.1107
28,5.06157
29,4.95457
30,4.83894
31,5.21508
32,5.51587
33,5.58333
34,8.74765
35,9.28958
36,9.13719
37,8.96484
38,9.13738
39,5.40474
40,4.79984
41,4.45008
42,3.70171
43,3.57142
44,3.45297
45,3.48588
46,3.52088
47,3.35991
48,3.61993
49,5.1269
50,5.12366
51,9.02346
52,5.57566
53,4.8861
54,4.56704
55,3.71717
56,3.67787
57,4.80152
58,4.76589
59,5.14694
60,5.49166
61,5.44735
62,8.74836
63,8.12726
64,7.82352
65,6.54445
66,3.65983
67,3.19444
68,2.42994
69,3.21461
70,3.68681
71,2.52342
72,2.33126
73,2.53755
74,2.5698
75,2.82096
76,2.64544
77,2.61536
78,2.53615
79,2.20469
80,2.32064
81,2.19747
82,1.87524
83,2.3974
84,2.39115
85,2.28633
86,2.16621
87,2.23976
88,2.33978
89,2.12651
90,2.08074
91,2.11488
92,2.01782
93,1.83993
94,2.09678
