Backup ID, Logical chunk num, Unique chunk num, Base chunk num, Delta chunk num, Logical chunk size, Unique chunk size, Base chunk size, Delta chunk size, LZ4_save size, Delta_save size, 
0,24641,24495,24461,34,208250880,207122891,100522795,132661,106250527,216908
1,49838,39626,31436,8190,420976640,343883169,130445276,1751231,137248341,74438321
2,75769,54678,37457,17221,640409600,480951594,155751877,3861476,164222580,157115661
3,102154,69374,44319,25055,864501760,615776387,185390007,5919453,195366779,229100148
4,128934,85204,57489,27715,1092659200,760639837,243583802,6579700,256562666,253913669
5,156457,101934,71230,30704,1326612480,913110906,304003959,7463339,319729166,281914442
6,184290,118788,83987,34801,1563217920,1067086366,360275739,8691916,378294246,319824465
7,212510,136407,98403,38004,1803356160,1227283855,423915134,9867287,444091243,349410191
8,241451,155151,113661,41490,2049822720,1397466120,491509535,11131224,512976323,381849038
9,270745,172102,126873,45229,2300139520,1554665685,550479910,12093569,574482853,417609353
10,300593,189672,141138,48534,2554542080,1715971804,613261689,12923926,640849863,448936326
11,331389,208165,156779,51386,2817464320,1885698253,682136729,13829053,713490705,476241766
12,362473,226816,171808,55008,3082168320,2056620195,748434116,14968814,782837225,510380040
13,394467,248136,189825,58311,3355002880,2249505687,827603458,16351791,864791728,540758710
14,427730,269719,207784,61935,3639654400,2446105951,906730561,17579815,947053846,574741729
15,461573,291289,225549,65740,3929231360,2642868685,984818600,19047959,1028853794,610148332
16,495907,313484,243704,69780,4223057920,2845343213,1064538198,20508071,1112130143,648166801
17,533891,338250,264462,73788,4533319680,3055374134,1148185877,22172015,1201452227,683564015
18,573226,363914,286552,77362,4869498880,3288730076,1244561602,23487480,1304157438,716523556
19,614460,390057,307971,82086,5222645760,3527677934,1338346599,24888790,1403878823,760563722
20,657190,416136,328700,87436,5588357120,3767058441,1429308058,26351473,1500795088,810603822
21,701984,444128,352005,92123,5970749440,4022803683,1530756858,27710060,1610245361,854091404
22,748244,472329,374708,97621,6365849600,4281805935,1630012893,29285628,1717301948,905205466
23,795533,500237,398135,102102,6770524160,4539452538,1733249320,30725655,1828075363,947402200
24,843831,528928,421427,107501,7183421440,4803542209,1834945546,32061775,1937839670,998695218
25,892453,557325,444699,112626,7597076480,5064122709,1936375014,33351456,2047025943,1047370296
26,943081,588339,471156,117183,8028426240,5347599334,2050952108,34779887,2171648748,1090218591
27,994732,617593,494142,123451,8468920320,5618093235,2151620718,36220575,2281402289,1148849653
28,1047519,648825,520448,128377,8918517760,5905656166,2267050683,37525246,2406078652,1195001585
29,1100481,678191,543207,134984,9369497600,6177498332,2367191719,42011723,2513506852,1254788038
30,1161683,730293,588916,141377,9891061760,6631310292,2553974738,47629635,2721567176,1308138743
31,1224165,764459,606611,157848,10425190400,6949135668,2629598428,50871193,2805445038,1463221009
32,1287906,799067,625989,173078,10969159680,7270247371,2712411078,53815753,2896726274,1607294266
33,1352398,833924,650388,183536,11518976000,7592912324,2818079627,55883448,3013616371,1705332878
34,1418053,869731,678793,190938,12079032320,7925229976,2941590515,57535650,3150774191,1775329620
35,1485051,906885,708569,198316,12650547200,8269312100,3070510740,59262924,3294598716,1844939720
36,1552883,943650,738167,205483,13229209600,8610980264,3199329659,60890301,3437686298,1913074006
37,1620506,980487,768120,212367,13805813760,8953041890,3329548685,62350794,3582576626,1978565785
38,1688546,1017268,797416,219852,14386237440,9294603528,3457260014,63840183,3723605035,2049898296
39,1757006,1054333,827985,226348,14970695680,9640069539,3590947169,65350489,3871811815,2111960066
40,1810412,1083547,853629,229918,15425167360,9911406345,3703931927,68226503,3995364663,2143883252
41,1864540,1113534,880078,233456,15886080000,10189212551,3820295179,68782457,4122086569,2178048346
42,1919273,1143338,905968,237370,16352163840,10465661096,3934290557,69557406,4246750872,2215062261
43,1974837,1173737,932148,241589,16824729600,10747386683,4049673720,70855761,4372085794,2254771408
44,2031182,1204027,958716,245311,17304453120,11028976023,4166629898,71738306,4500224822,2290382997
45,2088613,1233728,984204,249524,17793658880,11306693526,4279325769,72575793,4624276682,2330515282
46,2147190,1264387,1010935,253452,18292684800,11593204633,4397086888,73144926,4754879980,2368092839
47,2206496,1294554,1037415,257139,18798346240,11876362472,4514461340,73773745,4884598127,2403529260
48,2266715,1323504,1062462,261042,19312179200,12150398334,4625997189,74226346,5008910649,2441264150
49,2335940,1359838,1093497,266341,19902177280,12489094108,4762093458,79206533,5160412115,2487382002
50,2419066,1426420,1152348,274072,20615280640,13077690238,4999619546,84608531,5439627708,2553834453
51,2503193,1471068,1179402,291666,21337559040,13492750308,5115024759,88587615,5569475416,2719662518
52,2593570,1520912,1214447,306465,22117294080,13956496725,5254187772,92185938,5751410078,2858712937
53,2687808,1568890,1249494,319396,22935326720,14407514754,5400398506,94804642,5929512300,2982799306
54,2782874,1615142,1286110,329032,23760384000,14838437071,5558068423,97900619,6107811277,3074656752
55,2878878,1662942,1325519,337423,24594739200,15284296250,5728810008,100041222,6300383814,3155061206
56,2975128,1710128,1364317,345811,25430681600,15725714597,5895859223,102688589,6492260954,3234905831
57,3070965,1757037,1402593,354444,26264494080,16164609531,6060210529,104698784,6681291731,3318408487
58,3166442,1803100,1440853,362247,27094425600,16595252208,6226266884,106736727,6869121640,3393126957
59,3262959,1849992,1479717,370275,27933890560,17033027647,6394333655,109026182,7059387017,3470280793
60,3332759,1886832,1513014,373818,28529817600,17377600787,6541029632,108395630,7222379313,3505796212
61,3430872,1934164,1553709,380455,29384591360,17821510252,6716778933,111134164,7425320816,3568276339
62,3504712,1972423,1587427,384996,30015549440,18178220181,6864388910,112287139,7589906587,3611637545
63,3579605,2009807,1619292,390515,30656389120,18529206646,7004475481,113262392,7746769560,3664699213
64,3655420,2047926,1652021,395905,31304744960,18886528805,7148248733,115249177,7907562497,3715468398
65,3732183,2085663,1684430,401233,31962798080,19242462056,7291267315,116209288,8067836112,3767149341
66,3809922,2124329,1717922,406407,32629002240,19606090117,7439103118,117388164,8232545599,3817053236
67,3888789,2162403,1750538,411865,33305978880,19966345083,7583578564,118385458,8394616608,3869764453
68,3968924,2200450,1783174,417276,33992949760,20325995601,7728109144,119125673,8556841590,3921919194
69,4050053,2237353,1815132,422221,34688532480,20677381896,7869976644,119773051,8717075688,3970556513
70,4149217,2284535,1855308,429227,35551836160,21119663880,8043292980,127828578,8917314076,4031228246
71,4265450,2371143,1929490,441653,36571084800,21893659608,8329074299,145759229,9288418183,4130407897
72,4386386,2425654,1960652,465002,37635307520,22408755401,8454124621,150850684,9450060567,4353719529
73,4508081,2477154,1992212,484942,38705633280,22895215145,8587297132,154945181,9607617776,4545355056
74,4632072,2531806,2032971,498835,39797422080,23410168790,8758464339,158060803,9814050550,4679593098
75,4732223,2578458,2075702,502756,40669081600,23848856535,8944594772,153365518,10027646718,4723249527
76,4832181,2625447,2114940,510507,41540311040,24291221580,9114187095,162968173,10224155585,4789910727
77,4936619,2671964,2154232,517732,42453647360,24729783746,9284233893,164834134,10421502761,4859212958
78,5043629,2718584,2194103,524481,43391784960,25170334985,9456733644,166487372,10622692800,4924421169
79,5152164,2765822,2234274,531548,44339476480,25614745161,9629232932,168182326,10825513854,4991816049
80,5261707,2811976,2273418,538558,45297090560,26053001409,9798852025,169436378,11024952064,5059760942
81,5372102,2858319,2312745,545574,46262865920,26494109032,9970137993,170802698,11225244324,5127924017
82,5484739,2905801,2353331,552470,47246745600,26944336428,10145730877,172381075,11431266983,5194957493
83,5615274,2974727,2414709,560018,48257761280,27443678836,10345089956,180147177,11662031873,5256409830
84,5746948,3029093,2436827,592266,49277388800,27828197717,10412739689,187419176,11741629018,5486409834
85,5878524,3079049,2447520,631529,50296289280,28176859675,10442294659,194027414,11778714628,5761822974
86,6010103,3128955,2465799,663156,51315240960,28525163481,10497327204,198737340,11845078601,5984020336
87,6141701,3178812,2499320,679492,52334305280,28872958077,10600167219,200123545,11967021616,6105645697
88,6273302,3228688,2533128,695560,53353441280,29220978790,10704121796,200936083,12090086637,6225834274
89,6404919,3278502,2572490,706012,54372648960,29568467799,10826286953,201601610,12233829140,6306750096
90,6536540,3328324,2612855,715469,55391866880,29916062621,10951806590,202006840,12381266927,6380982264
91,6668160,3378140,2651437,726703,56411105280,30263561394,11071174283,206406922,12522439857,6463540332
92,6804565,3431960,2698253,733707,57475010560,30644138614,11220993323,206124867,12696782200,6520238224
93,6940979,3482283,2737832,744451,58538915840,30995265413,11343459887,206737292,12841812985,6603255249
94,7077386,3532627,2777496,755131,59602872320,31346808615,11466530753,207362544,12987167426,6685747892
95,7213812,3582970,2818541,764429,60666920960,31698289312,11594181067,208178757,13137698500,6758230988
96,7350241,3633269,2859754,773515,61731000320,32049460760,11722593186,208855012,13288928628,6829083934
97,7486674,3683528,2901521,782007,62795130880,32400320490,11852632036,209293221,13442297941,6896097292
98,7623116,3733785,2942969,790816,63859322880,32751090403,11981396514,209967323,13594485312,6965241254
99,7759591,3784184,2984309,799875,64923535360,33102591715,12109576299,216166205,13746242155,7030607056
100,7896734,3837918,3031396,806522,65993605120,33482551991,12260399237,218873710,13920945966,7082333078
101,8033918,3888530,3072512,816018,67063715840,33836062449,12387904871,217687636,14072544017,7157925925
102,8171098,3939120,3115752,823368,68133888000,34189542680,12523104879,217474016,14231745020,7217218765
103,8308293,3989691,3158351,831340,69204070400,34542631238,12655780947,217912426,14388538583,7280399282
104,8445492,4040213,3201404,838809,70274324480,34895496730,12790009290,218306103,14547216214,7339965123
105,8582680,4090615,3243277,847338,71344588800,35247383444,12920494499,218796853,14701363140,7406728952
106,8719869,4141100,3285924,855176,72414894080,35599950429,13053514496,219233552,14858225297,7468977084
107,8857075,4191540,3328394,863146,73485209600,35952016244,13186015904,219766968,15014378730,7531854642
108,8994276,4241970,3368996,872974,74555525120,36304049595,13311746176,227198187,15163788495,7601316737
109,9133868,4296766,3418540,878226,75646996480,36692624072,13470802917,225502193,15349591083,7646727879
110,9273476,4347897,3461221,886676,76738498560,37049737902,13603533161,226010114,15506746995,7713447632
111,9413087,4398892,3503520,895372,77830031360,37405820556,13735197605,226443408,15662523614,7781655929
112,9552710,4449914,3544170,905744,78921687040,37762308541,13861232201,227208108,15812186688,7861681544
113,9692345,4500877,3587463,913414,80013373440,38118104505,13996051195,227730348,15971870137,7922452825
114,9831983,4551835,3628580,923255,81105090560,38473884103,14123602328,228430922,16122415824,7999435029
115,9971637,4602922,3673522,929400,82196858880,38830540205,14264423297,228874011,16288735909,8048506988
116,10111284,4653852,3714401,939451,83288637440,39186071420,14391238559,237824171,16439005488,8118003202
117,10254480,4719071,3773826,945245,84415191040,39665633935,14586417721,235481352,16675199045,8168535817
118,10397681,4770973,3816921,954052,85541744640,40028724542,14721066088,235710909,16834290812,8237656733
119,10540871,4822680,3860636,962044,86668339200,40390617824,14857714242,236189566,16995977873,8300736143
120,10684073,4874361,3904692,969669,87794995200,40752012280,14995358978,236755751,17158931264,8360966287
121,10827281,4926037,3948568,977469,88921692160,41113288654,15132292370,237261827,17320968517,8422765940
122,10970483,4977636,3990671,986965,90048409600,41473895648,15263201117,237767675,17475937772,8496989084
123,11113686,5029199,4034816,994383,91175137280,41834152531,15400924774,238380309,17638937181,8555910267
124,11256922,5081046,4075780,1005266,92301875200,42196440001,15527998122,248882419,17790060454,8629499006
125,11401515,5143663,4133405,1010258,93438638080,42646913920,15717652250,244681555,18009318670,8675261445
126,11546098,5195868,4177703,1018165,94575441920,43011697796,15856057753,244874198,18173276661,8737489184
127,11690685,5248179,4222153,1026026,95712296960,43377614779,15995258532,245379003,18337790773,8799186471
128,11835284,5300501,4266727,1033774,96849203200,43743443888,16134897248,245755363,18502440115,8860351162
129,11979903,5352677,4311508,1041169,97986140160,44107982046,16274843639,246420349,18668061898,8918656160
130,12124509,5404840,4355766,1049074,99123118080,44472661525,16413227664,246718873,18831815763,8980899225
131,12269135,5456984,4398630,1058354,100260126720,44837198007,16547176043,247387204,18989707112,9052927648
132,12413757,5509206,4439597,1069609,101397145600,45202159037,16674308886,259653247,19140744213,9127452691
133,12560306,5573743,4499113,1074630,102548971520,45669972107,16871073815,254442317,19370106221,9174349754
134,12706853,5626534,4544729,1081805,103700848640,46039405097,17014189401,254397567,19539514578,9231303551
135,12853388,5679316,4588957,1090359,104852684800,46408795222,17152517277,255015163,19703392609,9297870173
136,12999928,5732016,4633329,1098687,106004572160,46777402158,17291335803,255566484,19868055700,9362444171
137,13146491,5784871,4678412,1106459,107156520960,47147233419,17432405299,256481421,20035130739,9423215960
138,13293046,5837477,4723496,1113981,108308500480,47515049838,17573507724,256974318,20202293847,9482273949
139,13439601,5890056,4768543,1121513,109460500480,47882533659,17714346480,257229212,20369197517,9541760450
140,13586157,5942529,4810945,1131584,110612520960,48249044660,17846318039,257918293,20525764666,9619043662
141,13732717,5995056,4852230,1142826,111764551680,48616124200,17974340713,271885670,20678536058,9691361759
142,13880344,6058499,4910815,1147684,112924149760,49073860100,18167958677,265731480,20902530894,9737639049
143,14027988,6111925,4956727,1155198,114083829760,49447891995,18311825917,265750414,21073321252,9796994412
144,14175645,6165186,5002339,1162847,115243581440,49820445302,18454711548,266189853,21242545671,9856998230
145,14323303,6218305,5047680,1170625,116403353600,50191733991,18596504428,266680617,21410360119,9918188827
146,14470960,6271425,5092975,1178450,117563146240,50563113252,18738318300,267503995,21578071624,9979219333
147,14618628,6324581,5138511,1186070,118722969600,50934898919,18880786142,267886315,21747219611,10039006851
148,14766300,6377676,5184133,1193543,119882823680,51306102127,19023540632,268390884,21916201062,10097969549
149,14913989,6430735,5229875,1200860,121042739200,51676783287,19166580440,268927121,22085526192,10155749534
150,15061697,6483725,5271704,1212021,122202654720,52046653921,19296648523,284415632,22240597589,10224992177
151,15215081,6551594,5334224,1217370,123417743360,52542126172,19499797127,278037633,22488724830,10275566582
152,15368526,6606120,5380446,1225674,124632862720,52923284157,19644880260,278989851,22659858927,10339555119
153,15521904,6659947,5426769,1233178,125848002560,53299309398,19790170449,278480481,22831786171,10398872297
154,15675282,6713636,5470979,1242657,127063162880,53674073370,19927993525,279075174,22995030347,10471974324
155,15828675,6767498,5517100,1250398,128278353920,54050239508,20072372533,279529083,23166092198,10532245694
156,15982054,6821147,5563408,1257739,129493575680,54424765409,20217482461,279762999,23337535485,10589984464
157,16135440,6874760,5609538,1265222,130708828160,54798978754,20361832652,280062049,23508506809,10648577244
158,16288844,6928446,5651058,1277388,131924111360,55173626794,20490670410,294684687,23661973266,10726298431
159,16447881,6997829,5715041,1282788,133193082880,55683897240,20697159967,289153221,23920740765,10776843287
160,16606926,7052409,5761513,1290896,134462105600,56065143765,20842812820,289133275,24093146665,10840051005
161,16765974,7106802,5807274,1299528,135731159040,56444802879,20985434024,289614448,24262770464,10906983943
162,16925032,7161385,5853723,1307662,137000273920,56826044878,21130692311,290227295,24434852500,10970272772
163,17084103,7215812,5900009,1315803,138269419520,57205869603,21275220312,290995926,24606334180,11033319185
164,17243196,7270287,5946566,1323721,139538606080,57586041595,21420372971,291290468,24779063562,11095314594
165,17402274,7324836,5991182,1333654,140807864320,57967173406,21559434424,291685512,24944354044,11171699426
166,17561357,7379256,6037932,1341324,142077163520,58347083586,21705405907,292530374,25117679957,11231467348
167,17720447,7433609,6080279,1353330,143346462720,58726475359,21836658100,308984050,25274349077,11306484132
168,17886817,7504752,6140545,1364207,144686612480,59254482293,22028809037,321590256,25524872065,11379210935
169,18053209,7560224,6187506,1372718,146026874880,59642371034,22175267866,323516479,25699226996,11444359693
170,18219602,7615541,6233383,1382158,147367178240,60028979932,22318207661,324885662,25869282360,11516604249
171,18386010,7670761,6280044,1390717,148707522560,60414563771,22463350092,326191578,26042378775,11582643326
172,18552417,7725971,6325894,1400077,150047897600,60800172108,22605994120,326854491,26211770574,11655552923
173,18718807,7781013,6371809,1409204,151388272640,61184458625,22748595676,327807769,26382179789,11725875391
174,18885225,7836302,6419311,1416991,152728668160,61570577496,22896716077,328471242,26558648705,11786741472
175,19051640,7891501,6464407,1427094,154069084160,61956043340,23036680176,333764093,26726045174,11859553897
176,19220179,7958927,6524188,1434739,155427061760,62443904441,23232354454,335016567,26957540296,11918993124
177,19388737,8014877,6569853,1445024,156785070080,62834909536,23374388564,335619090,27126786985,11998114897
178,19557303,8070715,6617820,1452895,158143150080,63225012328,23523885392,336485444,27305270413,12059371079
179,19725862,8126473,6665275,1461198,159501301760,63614575920,23671602118,336943316,27481740088,12124290398
180,19894446,8182287,6713130,1469157,160859504640,64004795765,23821006144,337883181,27659911428,12185995012
181,20063015,8238008,6759672,1478336,162217748480,64394128344,23965697884,338205968,27832927102,12257297390
182,20231579,8293687,6807414,1486273,163576023040,64783161592,24114540636,338767765,28010392002,12319461189
183,20400159,8349256,6852534,1496722,164934318080,65171073852,24254336945,339853158,28177784739,12399099010
184,20568769,8405097,6899768,1505329,166292643840,65560730580,24401025395,347705887,28353206854,12458792444
185,20738884,8474319,6962002,1512317,167663482880,66060826530,24602571071,348073563,28595588836,12514593060
186,20909007,8530654,7008304,1522350,169034342400,66453771629,24745544524,349056821,28766989959,12592180325
187,21079149,8586848,7056890,1529958,170405335040,66846099255,24897018590,349497973,28947604043,12651978649
188,21249296,8643194,7104809,1538385,171776348160,67239456128,25046341183,350346828,29125417471,12717350646
189,21419516,8699712,7152048,1547664,173147402240,67633595012,25193098004,351672197,29300374174,12788450637
190,21589668,8755882,7200484,1555398,174518487040,68025605366,25343904607,351642711,29480148503,12849909545
191,21759830,8812170,7248292,1563878,175889612800,68418780233,25492619909,352324893,29657971073,12915864358
192,21930000,8868495,7296099,1572396,177260769280,68811767293,25641331287,352792801,29835642359,12982000846
193,22100177,8924695,7341987,1582708,178631946240,69203938386,25783422763,363065801,30006152765,13051297057
194,22271074,8992244,7403204,1589040,180008775680,69690705773,25983759901,361253504,30241446664,13104245704
195,22441790,9048642,7451636,1597006,181384151040,70084352759,26134504044,360653683,30421514043,13167680989
196,22612511,9105227,7498885,1606342,182759546880,70479646678,26281377063,361535942,30596936049,13239797624
197,22783370,9163082,7548667,1614415,184135034880,70884113696,26436035001,364634951,30782693824,13300749920
198,22954098,9219404,7595985,1623419,185510543360,71277231023,26583021118,363863139,30958594219,13371752547
199,23124824,9275749,7644714,1631035,186886082560,71670617640,26734736025,363731846,31140050438,13432099331
200,23295551,9332065,7692737,1639328,188261662720,72063721272,26884011285,364360636,31318541109,13496808242
201,23466280,9388353,7737784,1650569,189637253120,72456450053,27023279556,375730723,31485719742,13571720032
202,23639562,9457474,7800696,1656778,191035084800,72958078126,27227250901,372906469,31733004458,13624916298
203,23812842,9514409,7849182,1665227,192432936960,73355640238,27377999827,372362606,31913261216,13692016589
204,23986132,9571470,7897560,1673910,193830850560,73754512241,27528643128,373200188,32093491225,13759177700
205,24159416,9628351,7946006,1682345,195228815360,74151741452,27679284261,374007155,32273597872,13824852164
206,24332721,9685313,7994145,1691168,196626831360,74549606383,27828940376,375583252,32452488539,13892594216
207,24506020,9742188,8042817,1699371,198024888320,74946933668,27980425106,374723574,32633884299,13957900689
208,24679332,9799081,8090792,1708289,199422986240,75344383951,28129584081,375244942,32812506484,14027048444
209,24852683,9856049,8136471,1719578,200821135360,75742099691,28271080505,389331270,32982492767,14099195149
