Backup ID, FPindex, SFindex, Deltaindex
0,1959600,4687040,1728
1,3170080,6024896,522144
2,4374240,7179968,938976
3,5549920,8282048,1237376
4,6816320,9546432,1035040
5,8154720,10920832,1112896
6,9503040,12205312,1286240
7,10912560,13613056,1365408
8,12412080,15070208,1493472
9,13768160,16144576,1621728
10,15173760,17314432,1706912
11,16653200,18666176,1779040
12,18145280,20065984,1931968
13,19850880,21880128,2044960
14,21577520,23834432,2199136
15,23303120,25592128,2348864
16,25078720,27764160,2528064
17,27060000,30537280,2706496
18,29113120,32972096,2802080
19,31204560,35251712,3009600
20,33290880,37342720,3224800
21,35530240,39658304,3368896
22,37786320,41827968,3582656
23,40018960,43734592,3688672
24,42314240,45716160,3901888
25,44586000,47635904,4059520
26,47067120,50018816,4195040
27,49407440,51916160,4452480
28,51906000,53949248,4568480
29,54255280,55726272,4855200
30,58423440,63404224,5168768
31,61156720,65712576,6100096
32,63925360,67916992,6604992
33,66713920,69906752,6620736
34,69578480,72007040,6613856
35,72550800,74273216,6785376
36,75492000,76380160,6964320
37,78438960,78489536,7126752
38,81381440,80338624,7340960
39,84346640,82386240,7482304
40,86683760,83983232,7233120
41,89082720,85617088,7206400
42,91467040,87126016,7293280
43,93898960,88668416,7400896
44,96322160,90160512,7449024
45,98698240,91414400,7530528
46,101150960,92765120,7558432
47,103564320,93869376,7538560
48,105880320,94674240,7541248
49,108787040,96570304,7724096
50,114113600,105523520,8104128
51,117685440,108243584,9071264
52,121672960,111819776,9488832
53,125511200,114636544,9719520
54,129211360,117296512,9819488
55,133035360,119858688,9965344
56,136810240,122372288,10204864
57,140562960,125007296,10476384
58,144248000,127369536,10672960
59,147999360,129888704,10909408
60,150946560,131613120,10429344
61,154733120,134160064,10624544
62,157793840,135975936,10753856
63,160784560,137533824,10922592
64,163834080,139078528,11054176
65,166853040,140422080,11157728
66,169946320,141905536,11251552
67,172992240,143129920,11357920
68,176036000,144350080,11379712
69,178988240,145273152,11370720
70,182762800,147914368,11642752
71,189691440,159800128,12314400
72,194052320,163129344,13605568
73,198172320,165700096,14134592
74,202544480,168591424,14152704
75,206276640,170640768,13551936
76,210035760,173215616,13859456
77,213757120,175200384,14034176
78,217486720,177027136,14152864
79,221265760,178874048,14314944
80,224958080,180393920,14421280
81,228665520,181855296,14548672
82,232464080,183353664,14629536
83,237978160,194615808,15077376
84,242327440,197955200,17041376
85,246323920,199279424,18626720
86,250316400,200302848,19010816
87,254304960,201102912,17798528
88,258295040,201799936,17633920
89,262280160,202545024,17278336
90,266265920,203187840,17215328
91,270251200,203736576,17518976
92,274556800,205668416,17415296
93,278582640,206321920,17770848
94,282610160,206918272,18004384
95,286637600,207510784,18102720
96,290661520,208217472,18266880
97,294682240,208703744,18365760
98,298702800,209156224,18550368
99,302734720,209715584,18800064
100,307033440,211448960,18845120
101,311082400,212175040,19076832
102,315129600,212731776,19085824
103,319175280,213216000,19285024
104,323217040,213716224,19427968
105,327249200,214099584,19674528
106,331288000,214650304,19817600
107,335323200,214998848,20005568
108,339357600,215371328,20380992
109,343741280,217123136,20223328
110,347831760,217687296,20564096
111,351911360,218129984,20794112
112,355993120,218518976,21136672
113,360070160,218928704,21130912
114,364146800,219353536,21453120
115,368233760,220221696,21504448
116,372308160,220746304,21897312
117,377525680,223607424,21792864
118,381677840,224201024,22129760
119,385814400,224660288,22305600
120,389948880,225069312,22445568
121,394082960,225531264,22637408
122,398210880,225907648,22937952
123,402335920,226290240,22994496
124,406483680,226703936,23449824
125,411493040,229046144,23132704
126,415669440,229632448,23446688
127,419854320,230039104,23651200
128,424040080,230514304,23848128
129,428214160,230979392,24005312
130,432387200,231363008,24222848
131,436558720,231671424,24509152
132,440736480,232080064,24946592
133,445899440,234539200,24573056
134,450122720,235043136,24841440
135,454345280,235512704,25131552
136,458561280,235892928,25323616
137,462789680,236256384,25479104
138,466998160,236581056,25634144
139,471204480,236973760,25806080
140,475402320,237266304,26172864
141,479604480,237645120,26586944
142,484679920,239920320,26096960
143,488954000,240517312,26396352
144,493214880,240982528,26606304
145,497464400,241373568,26818048
146,501714000,241745152,27026496
147,505966480,242133376,27197952
148,510214080,242506752,27389952
149,514458800,242926912,27543264
150,518698000,243518592,28027360
151,524127520,246435904,27770944
152,528489600,247162880,28117664
153,532795760,247709248,28291040
154,537090880,248083520,28610336
155,541399840,248512320,28697312
156,545691760,248858496,28845696
157,549980800,249210880,29035232
158,554275680,249629696,29570464
159,559826320,252764224,29307168
160,564192720,253303488,29630048
161,568544160,253712832,29877504
162,572910800,254214784,30062848
163,577264960,254661568,30265408
164,581622960,255004672,30427104
165,585986880,255295936,30760000
166,590340480,255651264,30832640
167,594688720,256051264,31350880
168,600380160,259297856,31717184
169,604817920,259935104,31747936
170,609243280,260394688,31984896
171,613660880,260823744,32130208
172,618077680,261179584,32355936
173,622481040,261514944,32523488
174,626904160,261929856,32592224
175,631320080,262403712,32975168
176,636714160,264801984,33107552
177,641190160,265340672,33467552
178,645657200,265868224,33532352
179,650117840,266262784,33710624
180,654582960,266698112,33864544
181,659040640,267074368,34144544
182,663494960,267418368,34280352
183,667940480,267698240,34659488
184,672407760,268230080,34858976
185,677945520,271202752,34969536
186,682452320,271787136,35323360
187,686947840,272173376,35342240
188,691455520,272627456,35602560
189,695976960,273227264,35889760
190,700470560,273582912,35918880
191,704973600,273928768,36153376
192,709479600,274310720,36372448
193,713975600,274729408,36763072
194,719379520,277321920,36798528
195,723891360,277902528,36960064
196,728418160,278382656,37267808
197,733046560,279257728,37464832
198,737552320,279582080,37656928
199,742059920,279918912,37750144
200,746565200,280279680,37997728
201,751068240,280724032,38452704
202,756597920,283294848,38368896
203,761152720,283933440,38680160
204,765717600,284418688,38921824
205,770268080,284852416,39127616
206,774825040,285215232,39380992
207,779375040,285521600,39480672
208,783926480,285977024,39751040
209,788483920,286414016,40190080
