Backup ID, Online Delta_save, Offline Delta_save, Offline delta time, Offline dedelta time, Offline delete time, Offline Delta chunk num
0,216908,0,0,0,0,0
1,74438321,0,0,0,0,0
2,153174818,3940843,771,328,22,443
3,217609575,11490573,3290,2010,63,1280
4,228665094,25248575,9247,6495,110,2752
5,242163292,39751150,16814,12474,182,4340
6,266286301,53538164,23937,18096,276,5841
7,280046917,69363274,33246,25690,386,7556
8,295902120,85946918,42698,33328,512,9370
9,317129294,100480059,52425,41504,620,10921
10,332954918,115981408,63227,50676,742,12551
11,343333946,132907820,75676,61322,884,14354
12,360859422,149520618,87552,71434,1037,16118
13,371555750,169202960,101346,83111,1204,18235
14,385946179,188795550,114283,93944,1385,20339
15,401692044,208456288,127980,105525,1558,22455
16,420034837,228131964,140918,116363,1744,24555
17,434501902,249062113,153590,126633,1958,26957
18,443945246,272578310,170631,141131,2134,29500
19,465149862,295413860,187855,155886,2329,31969
20,493167674,317436148,204955,170628,2509,34327
21,512141410,341949994,224935,187953,2697,36982
22,538756992,366448474,245984,206369,2894,39615
23,555331063,392071137,271316,228950,3090,42366
24,581873997,416821221,294525,249516,3309,45009
25,605753659,441616637,319832,272163,3515,47669
26,620055494,470163097,348822,298129,3772,50693
27,653668630,495181023,375290,321967,3979,53323
28,671695816,523305769,405662,349332,4224,56330
29,702410616,552377422,436312,376616,4483,59696
30,705649731,602489012,466466,400759,5072,65707
31,841984771,621236238,480043,412312,5294,67731
32,965471407,641822859,498272,428365,5494,69907
33,1037798421,667534457,525397,452800,5687,72597
34,1077594498,697735122,558015,482236,5896,75779
35,1115559980,729379740,592694,513582,6141,79112
36,1152277768,760796238,628431,546000,6374,82431
37,1186397276,792168509,666468,580751,6632,85717
38,1226660565,823237731,705954,616932,6880,89022
39,1255715686,856244380,751030,658506,7160,92524
40,1257495985,886387267,808760,712872,7577,95888
41,1263671470,914376876,862094,763319,7786,98775
42,1273449456,941612805,916435,814797,8026,101638
43,1284973154,969798254,971973,867293,8404,104680
44,1292175792,998207205,1031203,923515,8675,107688
45,1305152445,1025362837,1089877,979346,8917,110531
46,1314534200,1053558639,1153507,1040047,9154,113460
47,1321830826,1081698434,1220861,1104467,9370,116394
48,1333337396,1107926754,1284738,1165619,9597,119119
49,1340923766,1146458236,1353720,1230134,10079,123586
50,1343712021,1210122432,1413086,1282086,10965,131000
51,1479524085,1240138433,1452944,1318702,11245,134242
52,1582513130,1276199807,1498860,1360773,11510,138087
53,1670044332,1312754974,1550445,1408502,11760,141943
54,1720534874,1354121878,1609403,1463066,12033,146337
55,1757534759,1397526447,1670380,1519477,12332,150903
56,1793742922,1441162909,1732863,1577324,12673,155539
57,1835670946,1482737541,1790074,1630147,13017,159927
58,1868724139,1524402818,1850163,1685842,13344,164321
59,1903399189,1566881604,1912361,1743520,13689,168841
60,1905338721,1600457491,1998131,1825945,14195,172186
61,1922470678,1645805661,2065636,1888603,14626,177033
62,1929520831,1682116714,2155212,1974367,15188,180845
63,1948342911,1716356302,2243202,2058789,15595,184413
64,1963148663,1752319735,2331968,2143665,16055,188303
65,1979702838,1787446503,2422324,2230364,16403,191960
66,1992959469,1824093767,2518889,2323097,16796,195792
67,2010076600,1859687853,2612484,2412969,17154,199515
68,2027018151,1894901043,2711982,2508852,17443,203130
69,2041107349,1929449164,2812983,2606301,17730,206682
70,2049059919,1982168327,2899043,2686156,18389,212887
71,2055230285,2075177612,2956206,2731585,19896,224621
72,2245190597,2108528932,2989590,2761517,20236,228073
73,2402206170,2143148886,3030060,2798395,20524,231665
74,2492603345,2186989753,3077116,2840952,20812,236164
75,2498145917,2225103610,3163642,2924133,21225,239509
76,2509763972,2280146755,3236868,2990779,21857,246089
77,2535099351,2324113607,3304021,3053345,22267,250676
78,2555772714,2368648455,3372377,3117054,22639,255323
79,2579210891,2412605158,3444668,3184724,23046,259944
80,2604276882,2455484060,3518744,3254345,23377,264399
81,2628760490,2499163527,3596463,3327511,23750,268952
82,2651183579,2543773914,3677270,3403647,24146,273623
83,2653300482,2603109348,3691375,3410434,25947,280941
84,2864441950,2621967884,3695111,3411673,26241,283438
85,3130638179,2631184795,3698423,3413756,26392,284667
86,3337959257,2646061079,3706342,3419814,26565,286528
87,3434153691,2671492006,3722875,3433260,26740,289615
88,3528928688,2696905586,3742665,3449997,26897,292668
89,3579649503,2727100593,3769978,3473674,27060,296304
90,3623167028,2757815236,3801814,3501819,27221,299995
91,3671251212,2792289120,3840292,3535662,27497,304630
92,3691985749,2828252475,3884059,3575193,27734,308866
93,3744320086,2858935163,3925498,3612931,27960,312567
94,3795967945,2889779947,3968610,3652261,28245,316349
95,3836042529,2922188459,4019401,3699088,28474,320313
96,3874766014,2954317920,4072838,3748600,28706,324238
97,3909408457,2986688835,4130555,3802426,28933,328129
98,3946099224,3019142030,4192315,3860240,29160,332075
99,3971896605,3058710451,4265034,3927340,29520,337694
100,3983041677,3099291401,4342185,3999245,29894,342940
101,4029930069,3127995856,4402304,4056240,30083,346064
102,4056618376,3160600389,4476070,4126183,30336,349887
103,4086784317,3193614965,4551106,4197250,30640,353856
104,4112848082,3227117041,4632492,4274591,30884,357901
105,4147190258,3259538694,4712599,4350790,31153,361809
106,4176429229,3292547855,4798254,4432446,31405,365808
107,4206141586,3325713056,4888755,4518945,31669,369810
108,4234823424,3366493313,4986414,4610613,32079,375801
109,4243488924,3403238955,5087953,4707993,32434,379960
110,4276964883,3436482749,5182921,4798868,32766,384053
111,4312150485,3469505444,5279944,4891860,33080,388084
112,4360248211,3501433333,5371983,4979954,33380,392029
113,4387172358,3535280467,5479333,5083215,33639,396118
114,4432302952,3567132077,5580836,5180797,33939,400039
115,4445865518,3602641470,5689869,5285461,34315,404408
116,4471919034,3646084168,5812339,5401337,34770,411002
117,4478253507,3690282310,5944247,5528218,35318,416029
118,4513894556,3723762177,6057531,5637424,35664,420107
119,4542678296,3758057847,6174247,5749914,36031,424333
120,4568272160,3792694127,6300034,5871432,36317,428602
121,4595931442,3826834498,6426669,5993900,36638,432769
122,4637556929,3859432155,6548193,6111396,36971,436797
123,4661913134,3893997133,6687291,6246231,37279,441060
124,4690154862,3939344144,6829380,6381223,37808,448157
125,4694901144,3980360301,6985176,6532601,38214,452575
126,4722887930,4014601254,7121745,6664954,38633,456791
127,4749774198,4049412273,7263554,6802445,39023,461109
128,4776355439,4083995723,7405206,6939836,39399,465370
129,4799315129,4119341031,7557356,7087573,39743,469783
130,4827218922,4153680303,7709250,7235227,40107,474023
131,4865627236,4187300412,7857499,7379285,40451,478214
132,4891918883,4235533808,8023466,7537533,40957,485933
133,4897828044,4276521710,8200725,7710485,41436,490240
134,4919086127,4312217424,8363541,7868898,41942,494643
135,4950632896,4347237277,8521672,8022665,42388,499007
136,4980073714,4382370457,8685741,8182352,42728,503389
137,5004783414,4418432546,8856969,8349032,43092,507937
138,5028387899,4453886050,9034909,8522587,43453,512322
139,5052890230,4488870220,9212010,8695382,43802,516628
140,5097000086,4522043576,9375464,8854698,44209,520766
141,5118481990,4572879769,9569124,9039997,44739,529127
142,5126070568,4611568481,9762772,9229731,45183,533041
143,5149610537,4647383875,9945743,9408256,45694,537487
144,5173675605,4683322625,10133207,9591230,46104,541977
145,5199190612,4718998215,10319175,9772726,46489,546449
146,5224424222,4754795111,10509173,9958210,46896,550963
147,5248474995,4790531856,10704221,10148806,47286,555415
148,5271601259,4826368290,10899452,10339589,47662,559863
149,5293164448,4862585086,11105550,10541189,48023,564361
150,5308548520,4916443657,11325730,10752216,48756,573514
151,5319058575,4956508007,11535049,10957523,49200,577526
152,5346049879,4993505240,11727368,11145058,49764,582310
153,5370036024,5028836273,11924934,11338292,50242,586642
154,5409023199,5062951125,12113809,11522801,50629,591008
155,5432812490,5099433204,12327412,11731806,51026,595606
156,5454245793,5135738671,12541198,11941037,51432,600161
157,5476599420,5171977824,12757908,12153205,51808,604703
158,5502227617,5224070814,12975385,12361886,52466,613499
159,5509852331,5266990956,13213676,12595608,53031,618068
160,5537272199,5302778806,13424017,12801469,53554,622548
161,5568330814,5338653129,13637305,13010207,54026,627098
162,5594760537,5375512235,13858393,13226609,54495,631784
163,5620839346,5412479839,14083730,13447229,54989,636501
164,5646302060,5449012534,14315713,13674632,55387,641081
165,5688035645,5483663781,14529257,13883795,55804,645462
166,5710501595,5520965753,14770011,14119783,56209,650228
167,5730307391,5576176741,15018620,14358972,56876,659648
168,5737432647,5641778288,15294018,14624372,57868,669646
169,5763746457,5680613236,15529339,14854649,58287,674690
170,5798985924,5717618325,15759806,15080369,58724,679437
171,5827182681,5755460645,15997394,15313131,59138,684263
172,5864059938,5791492985,16228188,15539437,59508,688751
173,5897755066,5828120325,16474305,15780921,59910,693384
174,5921144264,5865597208,16730312,16032229,60327,698083
175,5952192809,5907361088,16985201,16281200,60936,704001
176,5961490584,5957502540,17269660,16559167,61701,710493
177,6005076202,5993038695,17504170,16789204,62142,714966
178,6028405396,6030965683,17763882,17044099,62592,719783
179,6056336979,6067953419,18027540,17303098,63039,724442
180,6079901729,6106093283,18303480,17574167,63505,729313
181,6115227321,6142070069,18562140,17828291,63923,733849
182,6140067243,6179393946,18840317,18101764,64346,738553
183,6183878854,6215220156,19093398,18350208,64840,743190
184,6196014648,6262777796,19392630,18642395,65540,750235
185,6201265918,6313327142,19710873,18954268,66318,756605
186,6242553448,6349626877,19977488,19216274,66766,761214
187,6264088167,6387890482,20266708,19500730,67257,765978
188,6291531792,6425818854,20548597,19777775,67781,770822
189,6324413898,6464036739,20833478,20057756,68293,775722
190,6348680065,6501229480,21138416,20358107,68759,780309
191,6376849689,6539014669,21437693,20652616,69324,785077
192,6405869779,6576131067,21729715,20939964,69821,789751
193,6425824132,6625472925,22057365,21259929,70520,797436
194,6431304684,6672941020,22372742,21569651,71266,803091
195,6458262846,6709418143,22675622,21868126,71751,807496
196,6493080366,6746717258,22968366,22156086,72325,812280
197,6510668557,6790081363,23282868,22464803,73047,818065
198,6546462023,6825290524,23572357,22750037,73495,822320
199,6569184193,6862915138,23896756,23069812,73986,826944
200,6596267029,6900541213,24206808,23375106,74464,831702
201,6620944827,6950775205,24536202,23696542,75149,839660
202,6627379347,6997536951,24898822,24053721,75933,845101
203,6658062548,7033954041,25204003,24354505,76446,849498
204,6687072451,7072105249,25519820,24665438,76970,854382
205,6714232370,7110619794,25849115,24989836,77489,859279
206,6742633023,7149961193,26175351,25310981,77954,864370
207,6771548940,7186351749,26504764,25636045,78371,868719
208,6802751709,7224296735,26822725,25949224,78951,873501
209,6819360677,7279834472,27193497,26310909,79760,882588
