BackupID, OnlineSpeed(MB/s), Encalve ProcessTime(s), BackupSize, OnlineSize, OfflineSize, OfflineTime(s)
0, 97.976, 2.02706, 208250880, 100655456, 100655456, 0.000293
1, 138.831, 1.46128, 212725760, 132196507, 132196507, 0.00034
2, 132.386, 1.58074, 219432960, 161329521, 159613353, 1.38119
3, 137.485, 1.55443, 224092160, 194834384, 191309460, 3.32798
4, 131.672, 1.6525, 228157440, 256707297, 250163502, 6.55042
5, 125.899, 1.77218, 233953280, 318281027, 311467298, 7.91676
6, 125.206, 1.80219, 236605440, 375365369, 368967655, 7.88531
7, 127.831, 1.79153, 240138240, 440989758, 433782421, 9.55093
8, 121.148, 1.94017, 246466560, 510292885, 502640759, 9.70855
9, 128.408, 1.85908, 250316800, 569236425, 562573479, 9.27903
10, 128.484, 1.88831, 254402560, 633259577, 626185615, 9.9455
11, 130.182, 1.92609, 262922240, 703720824, 695965782, 11.4172
12, 126.101, 2.0019, 264704000, 770896764, 763402930, 11.5054
13, 117.622, 2.21213, 272834560, 852907984, 843955249, 13.3709
14, 123.092, 2.20538, 284651520, 933239630, 924310376, 13.1729
15, 126.953, 2.1753, 289576960, 1012711383, 1003866559, 13.6159
16, 123.839, 2.26274, 293826560, 1094066790, 1085046269, 13.0868
17, 121.516, 2.43498, 310261760, 1179840840, 1170357892, 13.5873
18, 119.799, 2.67619, 336179200, 1278906338, 1268049082, 16.1346
19, 121.36, 2.77511, 353146880, 1373811963, 1363235389, 16.7268
20, 127.29, 2.73996, 365711360, 1465937695, 1455659531, 16.0469
21, 126.912, 2.87348, 382392320, 1569891601, 1558466918, 17.9101
22, 125.996, 2.99055, 395100160, 1670503934, 1659298521, 19.4309
23, 131.611, 2.93234, 404674560, 1775606694, 1763974975, 22.4052
24, 130.236, 3.02351, 412897280, 1878457876, 1867007321, 20.9879
25, 128.513, 3.06968, 413655040, 1981142949, 1969726470, 22.2551
26, 127.899, 3.21635, 431349760, 2098626454, 2085731995, 25.5291
27, 133.413, 3.14878, 440494080, 2199190493, 2187841293, 23.1886
28, 129.901, 3.30073, 449597440, 2317547624, 2304575929, 26.2437
29, 131.766, 3.26404, 450979840, 2420830650, 2409203442, 27.3406
30, 100.983, 4.92561, 521564160, 2622984897, 2601604373, 35.6805
31, 130.635, 3.89931, 534128640, 2689233608, 2680469621, 14.3188
32, 128.962, 4.02265, 543969280, 2775761940, 2766226831, 16.7021
33, 136.371, 3.84499, 549816320, 2885939530, 2873963075, 22.7547
34, 131.23, 4.07004, 560056320, 3013036874, 2999126165, 28.1503
35, 131.668, 4.13949, 571514880, 3144293637, 3129773664, 30.394
36, 135.628, 4.06888, 578662400, 3274715187, 3260219960, 31.5626
37, 135.601, 4.05521, 576604160, 3406530795, 3391899479, 32.8557
38, 134.551, 4.11394, 580423680, 3535458845, 3521100197, 33.3702
39, 132.878, 4.19468, 584458240, 3671320780, 3656297658, 36.4466
40, 137.808, 3.14509, 454471680, 3785037640, 3772158430, 44.6394
41, 135.219, 3.25072, 460912640, 3902070857, 3889077636, 41.9871
42, 136.997, 3.24453, 466083840, 4016600911, 4003847963, 42.6722
43, 135.827, 3.31799, 472565760, 4133497438, 4120529481, 44.8623
44, 136.982, 3.33985, 479723520, 4251462120, 4238368204, 44.9554
45, 140.066, 3.33089, 489205760, 4364517813, 4351901562, 44.1821
46, 139.614, 3.40875, 499025920, 4483382364, 4470231814, 48.0172
47, 141.365, 3.41129, 505661440, 4601348236, 4588235085, 49.7076
48, 145.33, 3.37184, 513832960, 4712670222, 4700223535, 48.2311
49, 140.651, 4.00045, 589998080, 4856977636, 4841299991, 55.1395
50, 109.35, 6.21917, 713103360, 5111221448, 5084228077, 61.677
51, 131.537, 5.2367, 722278400, 5216880150, 5203612374, 34.5416
52, 138.617, 5.36453, 779735040, 5362236511, 5346373710, 37.0392
53, 143.332, 5.44286, 818032640, 5511740626, 5495203148, 40.9385
54, 151.573, 5.19114, 825057280, 5673832400, 5655969042, 46.1091
55, 147.2, 5.40558, 834355200, 5848063519, 5828851230, 49.594
56, 147.634, 5.39994, 835942400, 6017404583, 5998547812, 51.2148
57, 147.95, 5.37468, 833812480, 6183400268, 6164909313, 46.2053
58, 151.509, 5.22401, 829931520, 6351682901, 6333003611, 47.8442
59, 150.164, 5.33136, 839464960, 6522293209, 6503359837, 49.9504
60, 140.215, 4.0532, 595927040, 6665656108, 6649425262, 60.8333
61, 151.865, 5.36777, 854773760, 6847745810, 6827913097, 56.8742
62, 139.08, 4.3265, 630958080, 6993206965, 6976676049, 68.9873
63, 141.215, 4.32781, 640839680, 7133411897, 7117737873, 68.2984
64, 139.895, 4.41989, 648355840, 7279699736, 7263497910, 68.5732
65, 145.757, 4.30558, 658053120, 7423478176, 7407476603, 68.3561
66, 145.632, 4.36267, 666204160, 7573050864, 7556491282, 72.9342
67, 147.785, 4.36861, 676976640, 7718129584, 7701964022, 69.4991
68, 147.661, 4.43681, 686970880, 7863378752, 7847234817, 71.4542
69, 153.287, 4.32756, 695582720, 8005585994, 7989749695, 72.918
70, 153.833, 5.35197, 863303680, 8191276861, 8171121558, 70.7807
71, 119.044, 8.16533, 1019248640, 8508581642, 8474833528, 76.0007
72, 153.307, 6.62018, 1064222720, 8619438505, 8604975305, 32.6724
73, 164.34, 6.21118, 1070325760, 8757494801, 8742242313, 34.8285
74, 164.15, 6.34306, 1091788800, 8935893186, 8916525142, 39.9441
75, 155.94, 5.33075, 871659520, 9118124819, 9097960290, 61.1396
76, 152.097, 5.46276, 871229440, 9297068619, 9277155268, 66.7057
77, 158.969, 5.4792, 913336320, 9468171655, 9449068027, 58.3406
78, 160.169, 5.58582, 938137600, 9642573433, 9623221016, 56.3238
79, 162.801, 5.5515, 947691520, 9816770309, 9797415258, 60.4429
80, 164.448, 5.55345, 957614080, 9987275062, 9968288403, 59.4333
81, 162.497, 5.66801, 965775360, 10160126577, 10140940691, 62.8403
82, 167.998, 5.5852, 983879680, 10337800621, 10318111952, 64.0608
83, 142.612, 6.76087, 1011015680, 10548254645, 10525237133, 50.6959
84, 162.046, 6.00071, 1019627520, 10608484577, 10600158865, 10.0312
85, 183.945, 5.28254, 1018900480, 10640341145, 10636322073, 5.80477
86, 189.406, 5.13051, 1018951680, 10702706544, 10696064544, 10.7404
87, 191.078, 5.08618, 1019064320, 10811872395, 10800290764, 19.0509
88, 188.725, 5.14996, 1019136000, 10916702341, 10905057879, 20.6383
89, 189.4, 5.13196, 1019207680, 11041537492, 11027888563, 25.9975
90, 191.339, 5.07999, 1019217920, 11167807409, 11153813430, 28.5526
91, 187.287, 5.19002, 1019238400, 11291334525, 11277581205, 35.5079
92, 184.754, 5.49174, 1063905280, 11443734661, 11427118190, 37.7193
93, 193.063, 5.25538, 1063905280, 11563873785, 11550197179, 34.8924
94, 191.926, 5.28678, 1063956480, 11687639606, 11673893297, 37.1129
95, 195.112, 5.2009, 1064048640, 11816637313, 11802359824, 40.6692
96, 194.936, 5.20573, 1064079360, 11945792736, 11931448198, 43.6587
97, 194.529, 5.21688, 1064130560, 12076423142, 12061925257, 45.33
98, 194.279, 5.22388, 1064192000, 12205746900, 12191363837, 48.3169
99, 193.829, 5.23613, 1064212480, 12340677086, 12325742504, 58.4457
100, 186.799, 5.46307, 1070069760, 12496336976, 12479272947, 63.0684
101, 192.829, 5.29244, 1070110720, 12619631048, 12605592507, 48.3047
102, 193.121, 5.28475, 1070172160, 12755580154, 12740578895, 56.194
103, 190.802, 5.34904, 1070182400, 12888485942, 12873693373, 58.6811
104, 193.718, 5.26887, 1070254080, 13023275482, 13008315393, 62.007
105, 193.566, 5.27305, 1070264320, 13153847625, 13139291352, 61.4123
106, 191.946, 5.31777, 1070305280, 13287581099, 13272748048, 64.4879
107, 192.249, 5.30943, 1070315520, 13420565209, 13405782872, 66.9707
108, 191.981, 5.31685, 1070315520, 13553740223, 13538944363, 78.4932
109, 189.59, 5.49031, 1091471360, 13713791407, 13696305110, 77.6697
110, 191.573, 5.43364, 1091502080, 13844347928, 13829543275, 72.8733
111, 191.266, 5.44252, 1091532800, 13976319662, 13961641013, 73.4154
112, 195.463, 5.32625, 1091655680, 14102533788, 14088440309, 69.6054
113, 196.688, 5.29321, 1091686400, 14238819683, 14223781543, 77.8174
114, 192.721, 5.40233, 1091717120, 14366284258, 14352033250, 75.3764
115, 195.721, 5.31977, 1091768320, 14508995206, 14493297308, 79.6993
116, 192.749, 5.40185, 1091778560, 14644147966, 14629062730, 92.9566
117, 169.11, 6.35307, 1126553600, 14843325420, 14821899073, 99.4542
118, 196.096, 5.47877, 1126553600, 14971763851, 14956776997, 84.9236
119, 198.896, 5.40185, 1126594560, 15109141668, 15093903808, 88.3351
120, 196.787, 5.46004, 1126656000, 15247472018, 15232114729, 89.99
121, 196.088, 5.4797, 1126696960, 15384829149, 15369554197, 91.7105
122, 195.514, 5.49588, 1126717440, 15515572493, 15500968792, 86.742
123, 200.519, 5.35874, 1126727680, 15654679725, 15639305083, 97.9612
124, 196.216, 5.47632, 1126737920, 15792171924, 15776880541, 106.661
125, 178.158, 6.08504, 1136762880, 15982940847, 15962333805, 110.119
126, 196.469, 5.51812, 1136803840, 16116332208, 16100931951, 102.661
127, 196.589, 5.51502, 1136855040, 16256165601, 16240637535, 104.053
128, 198.075, 5.47387, 1136906240, 16396210569, 16380652611, 102.087
129, 198.059, 5.47446, 1136936960, 16536890613, 16521263988, 108.887
130, 193.777, 5.59564, 1136977920, 16675356769, 16659946537, 109.115
131, 195.317, 5.55166, 1137008640, 16809523284, 16794563247, 105.455
132, 194.39, 5.57821, 1137018880, 16949455828, 16933962133, 124.173
133, 174.995, 6.27712, 1151825920, 17146800422, 17125516132, 125.78
134, 196.294, 5.59627, 1151877120, 17284484823, 17268586968, 122.871
135, 196.214, 5.59837, 1151836160, 17422971246, 17407532440, 116.964
136, 198.331, 5.53883, 1151887360, 17562393306, 17546902287, 115.563
137, 195.713, 5.61323, 1151948800, 17704669437, 17688886720, 122.686
138, 196.751, 5.58377, 1151979520, 17846217836, 17830482042, 126.037
139, 197.808, 5.55404, 1152000000, 17987253675, 17971575692, 127.839
140, 196.744, 5.58416, 1152020480, 18118979783, 18104236332, 117.118
141, 173.693, 6.32531, 1152030720, 18262004660, 18246226383, 142.333
142, 176.877, 6.25226, 1159598080, 18454520412, 18433690157, 134.739
143, 197.201, 5.60828, 1159680000, 18593564701, 18577576331, 135.588
144, 200.043, 5.52893, 1159751680, 18736828941, 18720901401, 136.246
145, 198.078, 5.58389, 1159772160, 18878997841, 18863185045, 132.446
146, 194.899, 5.67506, 1159792640, 19021671965, 19005822295, 135.121
147, 198.759, 5.565, 1159823360, 19164551468, 19148672457, 137.482
148, 197.533, 5.59969, 1159854080, 19307851392, 19291931516, 137.608
149, 197.5, 5.60093, 1159915520, 19451462361, 19435507561, 143.711
150, 198.611, 5.5696, 1159915520, 19597241725, 19581064155, 162.976
151, 175.887, 6.58832, 1215088640, 19799699762, 19777834760, 149.454
152, 200.221, 5.78774, 1215119360, 19940098259, 19923870111, 142.084
153, 202.634, 5.71893, 1215139840, 20084740088, 20068650930, 140.875
154, 203.816, 5.68586, 1215160320, 20222451416, 20207068699, 134.668
155, 200.243, 5.78744, 1215191040, 20367997566, 20351901616, 146.764
156, 203.604, 5.69205, 1215221760, 20513396977, 20497245460, 152.055
157, 200.84, 5.77054, 1215252480, 20657969686, 20641894701, 151.418
158, 202.494, 5.72354, 1215283200, 20801297465, 20785355097, 159.766
159, 176.382, 6.86118, 1268971520, 21008643000, 20986313188, 164.385
160, 206.543, 5.85949, 1269022720, 21148129333, 21131946095, 155.352
161, 205.522, 5.88872, 1269053440, 21290950142, 21275048472, 151.713
162, 208.351, 5.80905, 1269114880, 21437127516, 21420919606, 154.856
163, 203.598, 5.94481, 1269145600, 21582361850, 21566216238, 157.124
164, 203.38, 5.95137, 1269186560, 21727827615, 21711663439, 161.993
165, 205.787, 5.8821, 1269258240, 21866615397, 21851119936, 149.916
166, 205.833, 5.88096, 1269299200, 22014255062, 21997936281, 163.735
167, 205.15, 5.90055, 1269299200, 22162055767, 22145642150, 184.423
168, 180.379, 7.08544, 1340149760, 22373151333, 22350399293, 202.445
169, 208.745, 6.12313, 1340262400, 22515272692, 22498784345, 171.973
170, 208.393, 6.13368, 1340303360, 22659128390, 22643093323, 161.229
171, 212.53, 6.01445, 1340344320, 22805814438, 22789541670, 166.419
172, 212.775, 6.00767, 1340375040, 22948773842, 22932848611, 162.671
173, 212.5, 6.01544, 1340375040, 23092358574, 23076403445, 171.3
174, 209.479, 6.10229, 1340395520, 23241720997, 23225187319, 175.97
175, 207.943, 6.14746, 1340416000, 23386587521, 23370444269, 179.21
176, 190.27, 6.80648, 1357977600, 23589254602, 23567371021, 203.182
177, 211.775, 6.11545, 1358008320, 23725857374, 23710007654, 168.163
178, 213.545, 6.06509, 1358080000, 23877079470, 23860370836, 179.253
179, 209.485, 6.18296, 1358151680, 24025009500, 24008545434, 183.589
180, 209.664, 6.1779, 1358202880, 24175595703, 24158889325, 190.767
181, 212.487, 6.096, 1358243840, 24320019255, 24303903852, 185.01
182, 213.548, 6.06586, 1358274560, 24469910787, 24453308401, 189.744
183, 210.874, 6.14287, 1358295040, 24609845846, 24594190103, 177.363
184, 212.257, 6.10297, 1358325760, 24765905692, 24748731282, 205.682
185, 185.341, 7.05367, 1370839040, 24973083386, 24950644634, 223.721
186, 209.11, 6.252, 1370859520, 25110599869, 25094601345, 191.637
187, 215.262, 6.0739, 1370992640, 25263398031, 25246516563, 195.785
188, 209.648, 6.23665, 1371013120, 25413375533, 25396688011, 199.479
189, 212.651, 6.14876, 1371054080, 25561225131, 25544770201, 193.592
190, 214.211, 6.10411, 1371084800, 25712302453, 25695547318, 208.377
191, 211.972, 6.16878, 1371125760, 25861546353, 25844944802, 210.421
192, 211.915, 6.17056, 1371156480, 26010702632, 25994124088, 203.382
193, 212.795, 6.14514, 1371176960, 26163420005, 26146488564, 229.811
194, 186.225, 7.05085, 1376829440, 26367072080, 26345013405, 221.524
195, 212.702, 6.16666, 1375375360, 26511841153, 26495157727, 210.71
196, 209.738, 6.25389, 1375395840, 26659331259, 26642913005, 201.738
197, 207.933, 6.30862, 1375488000, 26818199707, 26800669952, 218.533
198, 211.598, 6.19944, 1375508480, 26963132196, 26946884257, 199.369
199, 214.569, 6.11373, 1375539200, 27115310968, 27098467871, 219.386
200, 211.08, 6.21496, 1375580160, 27265030111, 27248371921, 214.69
201, 210.915, 6.21987, 1375590400, 27415749733, 27399010279, 235.278
202, 191.046, 6.97779, 1397831680, 27622510964, 27600157370, 250.323
203, 211.884, 6.29163, 1397852160, 27767053744, 27750362433, 220.091
204, 211.606, 6.30019, 1397913600, 27918677309, 27901843316, 218.285
205, 211.625, 6.29982, 1397964800, 28070120429, 28053291416, 224.893
206, 212.984, 6.25986, 1398016000, 28221328483, 28204523628, 228.813
207, 212.793, 6.26566, 1398056960, 28371887054, 28355148680, 225.315
208, 215.281, 6.19345, 1398097920, 28521460384, 28504829023, 220.774
209, 214.067, 6.22879, 1398149120, 28677701119, 28660411775, 261.084
