Backup ID, Ecall, Inline_Ocall, Offline_Ocall, _Inline_FPOcall, _Inline_SFOcall, _Inline_LocalOcall, _Inline_LoadOcall, _Inline_DeltaOcall, _Inline_RecipeOcall, _Inline_Write_ContainerOcall, _inline_have_similar_chunk_num, _inline_need_load_container_num
0,195,637,5,193,193,0,34,193,24,27,64,33,
1,394,1283,10,390,390,0,65,390,48,36,8227,276,
2,599,1953,36741,593,593,7,101,586,73,45,17259,727,
3,808,2640,102619,800,800,46,142,754,98,55,26199,1373,
4,1020,3340,189495,1010,1010,215,186,795,124,73,35385,2213,
5,1238,4063,302870,1226,1226,384,235,842,150,92,44907,3142,
6,1458,4813,433884,1444,1444,540,304,904,177,110,55020,4067,
7,1681,5559,585221,1665,1665,722,360,943,204,130,65247,5109,
8,1910,6325,752282,1892,1892,910,417,982,232,151,76342,6240,
9,2141,7114,907634,2121,2121,1087,491,1034,260,169,87643,7301,
10,2377,7916,1077805,2355,2355,1278,562,1077,289,188,99040,8431,
11,2620,8719,1272260,2596,2596,1486,612,1110,319,209,110424,9671,
12,2865,9545,1468056,2839,2839,1678,679,1161,349,229,121711,10893,
13,3117,10375,1685530,3089,3089,1901,728,1188,380,253,133514,12338,
14,3379,11276,1910835,3349,3349,2114,817,1235,412,277,144855,13726,
15,3646,12172,2135060,3614,3614,2332,885,1282,445,301,157187,15146,
16,3917,13091,2361969,3883,3883,2541,964,1342,478,325,167999,16508,
17,4216,14132,2616100,4180,4180,2778,1077,1402,515,351,178231,18044,
18,4526,15216,2857357,4488,4488,3035,1199,1453,553,380,191138,19689,
19,4851,16309,3117487,4811,4811,3288,1283,1523,593,408,205317,21254,
20,5187,17442,3355995,5145,5145,3535,1373,1610,634,435,220424,22852,
21,5539,18619,3616961,5495,5495,3813,1457,1682,677,465,236256,24582,
22,5903,19841,3888422,5857,5857,4100,1548,1757,722,495,253049,26420,
23,6275,21066,4183845,6227,6227,4418,1617,1809,768,526,270904,28425,
24,6655,22339,4478390,6605,6605,4722,1709,1883,815,556,289185,30378,
25,7037,23620,4787276,6985,6985,5037,1803,1948,862,586,307482,32421,
26,7435,24929,5151055,7381,7381,5379,1875,2002,911,620,325977,34642,
27,7841,26304,5455988,7785,7785,5687,1988,2098,961,650,345250,36639,
28,8256,27677,5819565,8198,8198,6043,2071,2155,1012,684,365790,39137,
29,8672,29083,6190229,8612,8612,6372,2184,2240,1063,715,385819,41277,
30,9153,30665,6822809,9091,9091,6796,2270,2295,1122,771,397857,44915,
31,9644,32441,7128597,9580,9580,6939,2518,2641,1183,795,419963,46314,
32,10144,34189,7437710,10078,10078,7141,2710,2937,1245,821,443039,48007,
33,10650,35884,7772718,10582,10582,7464,2831,3118,1307,853,467436,50109,
34,11165,37602,8135436,11095,11095,7873,2946,3222,1371,890,492178,52412,
35,11691,39372,8553803,11619,11619,8294,3079,3325,1436,928,517413,54922,
36,12223,41160,8954531,12149,12149,8719,3211,3430,1502,966,543062,57506,
37,12754,42947,9390308,12678,12678,9160,3345,3518,1568,1005,568789,60238,
38,13288,44756,9816424,13210,13210,9586,3492,3624,1634,1043,595816,62853,
39,13825,46552,10293214,13745,13745,10043,3617,3702,1700,1083,622092,65770,
40,14245,47880,10907122,14163,14163,10451,3639,3712,1752,1117,642795,69740,
41,14670,49248,11331189,14586,14586,10852,3686,3734,1804,1151,664077,73133,
42,15100,50652,11798028,15014,15014,11248,3753,3766,1857,1185,685836,76241,
43,15537,52083,12380706,15449,15449,11648,3825,3801,1911,1219,708001,79572,
44,15980,53517,12888230,15890,15890,12062,3881,3828,1966,1254,730318,82911,
45,16431,54984,13359246,16339,16339,12470,3945,3869,2022,1287,753279,86201,
46,16891,56481,13824000,16797,16797,12894,4011,3903,2079,1322,776693,89966,
47,17357,57980,14301149,17261,17261,13330,4061,3931,2136,1357,800861,93733,
48,17830,59526,14771351,17732,17732,13762,4136,3970,2194,1390,825353,97464,
49,18373,61271,15477679,18273,18273,14274,4191,3999,2261,1431,851640,101619,
50,19025,63525,16492168,18923,18923,14851,4414,4072,2342,1501,871494,107339,
51,19685,65878,16978954,19581,19581,15157,4711,4424,2424,1537,901889,109778,
52,20394,68599,17469192,20288,20288,15546,5223,4742,2512,1580,933130,112520,
53,21133,71097,17959752,21025,21025,16007,5418,5018,2604,1624,966296,115562,
54,21878,73577,18489156,21768,21768,16549,5577,5219,2696,1671,998526,118975,
55,22631,76064,19071886,22518,22518,17134,5720,5385,2789,1721,1032765,122710,
56,23385,78546,19687925,23259,23259,17716,5875,5555,2882,1770,1066677,126369,
57,24136,80993,20288022,23981,23981,18283,6036,5737,2975,1818,1099717,130029,
58,24884,83406,20881859,24697,24697,18871,6178,5895,3068,1867,1133291,133907,
59,25641,85861,21511049,25423,25423,19458,6332,6063,3162,1917,1166884,137835,
60,26189,87592,22292934,25969,25969,19990,6357,6077,3230,1960,1194485,143829,
61,26958,90030,23020838,26706,26706,20632,6459,6202,3325,2012,1228356,148326,
62,27537,91889,23904027,27282,27282,21164,6517,6247,3397,2055,1256882,153212,
63,28125,93822,24666558,27867,27867,21674,6621,6323,3470,2096,1285895,157412,
64,28720,95759,25487742,28459,28459,22198,6707,6392,3544,2139,1315720,161746,
65,29322,97742,26199878,29058,29058,22724,6818,6466,3618,2181,1346193,166243,
66,29932,99723,26959440,29665,29665,23269,6902,6529,3693,2225,1376829,170933,
67,30551,101732,27667739,30281,30281,23813,6985,6602,3770,2268,1408232,175528,
68,31180,103791,28328066,30907,30907,24366,7087,6676,3848,2310,1439647,180360,
69,31816,105854,29001594,31540,31540,24929,7171,6747,3927,2352,1471430,185253,
70,32593,108281,29967211,32281,32281,25601,7245,6850,4023,2405,1504635,190747,
71,33504,111350,31563841,33160,33160,26356,7534,7004,4136,2493,1529169,199060,
72,34451,114670,32149078,34073,34073,26699,7965,7606,4254,2532,1566256,201895,
73,35404,117878,32695938,34991,34991,27118,8268,8138,4372,2573,1604257,205086,
74,36375,121046,33242534,35925,35925,27696,8478,8529,4493,2624,1643682,208880,
75,37160,123485,34024362,36671,36671,28386,8545,8622,4590,2677,1679282,214802,
76,37943,125956,34995813,37416,37416,29051,8648,8738,4687,2729,1712473,220156,
77,38761,128567,35730310,38194,38194,29688,8786,8917,4788,2779,1748319,224770,
78,39600,131241,36424531,38994,38994,30344,8919,9098,4892,2830,1785109,229500,
79,40450,133943,37161063,39802,39802,31006,9052,9284,4997,2881,1822412,234378,
80,41308,136659,37825742,40608,40608,31670,9194,9476,5103,2931,1860343,239181,
81,42173,139373,38535637,41412,41412,32336,9330,9673,5210,2981,1898781,244087,
82,43055,142136,39260211,42235,42235,33028,9458,9861,5319,3033,1938118,249399,
83,44077,145352,40982965,43195,43195,33860,9607,10049,5446,3094,1948250,256169,
84,45108,149014,41379126,44161,44161,34042,10180,10896,5574,3118,1985184,258446,
85,46138,152420,41669243,45122,45122,34130,10508,11836,5702,3132,2028455,260770,
86,47168,155658,42044576,46083,46083,34399,10668,12595,5830,3153,2072872,263695,
87,48199,158882,42480659,47046,47046,34954,10809,13069,5958,3185,2118161,267069,
88,49230,162122,42882345,48006,48006,35522,10972,13530,6086,3218,2164022,270605,
89,50261,165357,43330539,48964,48964,36206,11134,13875,6214,3255,2209500,274659,
90,51292,168607,43780325,49922,49922,36921,11311,14189,6342,3293,2255487,278962,
91,52323,171862,44407672,50878,50878,37616,11497,14523,6470,3330,2302037,283214,
92,53391,175197,44973619,51875,51875,38432,11639,14773,6603,3375,2345372,288671,
93,54459,178587,45520030,52871,52871,39133,11838,15138,6736,3412,2391924,293153,
94,55527,181980,46158480,53869,53869,39832,12036,15505,6869,3449,2438815,297717,
95,56595,185353,46744195,54862,54862,40572,12224,15831,7002,3488,2485730,302415,
96,57663,188722,47332751,55853,55853,41314,12412,16155,7135,3527,2532013,307347,
97,58731,192076,47925242,56839,56839,42068,12595,16467,7268,3566,2579395,312164,
98,59799,195433,48519645,57826,57826,42814,12779,16787,7401,3605,2626934,316965,
99,60868,198763,49333693,58809,58809,43608,12943,17060,7534,3645,2674008,322362,
100,61942,202063,50199495,59794,59794,44461,13068,17279,7667,3691,2718407,328947,
101,63016,205450,50762919,60775,60775,45172,13288,17640,7800,3729,2764914,333841,
102,64090,208800,51439755,61756,61756,45962,13471,17922,7933,3769,2812223,339248,
103,65164,212154,52191883,62736,62736,46736,13660,18220,8066,3809,2859866,344513,
104,66238,215497,52840106,63716,63716,47524,13838,18504,8199,3849,2907334,349868,
105,67312,218873,53549925,64696,64696,48280,14049,18820,8332,3888,2955396,355101,
106,68386,222234,54264204,65676,65676,49054,14245,19118,8465,3928,3002641,360386,
107,69460,225593,55013790,66656,66656,49830,14439,19414,8598,3968,3050912,365587,
108,70534,228963,55970684,67636,67636,50605,14644,19711,8731,4008,3099105,371002,
109,71627,232299,56868310,68637,68637,51482,14751,19925,8867,4055,3144449,378188,
110,72720,235747,57695847,69638,69638,52253,14970,20245,9003,4095,3192265,383600,
111,73813,239194,58506664,70638,70638,53019,15190,20570,9139,4135,3240565,389063,
112,74906,242640,59312002,71637,71637,53746,15411,20934,9275,4173,3289239,394017,
113,75999,246046,60069088,72636,72636,54541,15592,21230,9411,4214,3337698,399560,
114,77092,249498,60863663,73635,73635,55277,15819,21585,9547,4252,3386077,404805,
115,78186,252890,61807651,74636,74636,56129,15981,21825,9683,4294,3432171,411768,
116,79279,256319,62892641,75635,75635,56928,16185,22117,9819,4335,3480414,417252,
117,80400,259783,64101348,76661,76661,57833,16339,22331,9958,4392,3530255,427344,
118,81521,263297,65031101,77687,77687,58612,16543,22671,10097,4432,3578595,432903,
119,82642,266808,66052537,78714,78714,59411,16742,22991,10236,4473,3627484,438450,
120,83763,270306,66917600,79740,79740,60223,16930,23298,10375,4514,3676640,444027,
121,84884,273794,67881906,80760,80760,61026,17120,23614,10514,4555,3725451,449616,
122,86005,277332,68827221,81782,81782,61789,17356,23970,10653,4594,3774720,455096,
123,87126,280819,69743696,82804,82804,62608,17541,24270,10792,4635,3823916,461104,
124,88248,284316,70967049,83826,83826,63408,17735,24590,10931,4676,3873222,466845,
125,89380,287744,72094473,84860,84860,64329,17824,24799,11072,4731,3923248,476265,
126,90512,291291,73236866,85892,85892,65135,18036,25123,11213,4773,3972066,482102,
127,91644,294833,74354040,86924,86924,65949,18243,25439,11354,4815,4021891,487989,
128,92776,298359,75476509,87953,87953,66765,18440,25753,11495,4857,4071334,493825,
129,93908,301890,76489729,88981,88981,67599,18644,26049,11636,4899,4120772,500013,
130,95040,305429,77568692,90007,90007,68414,18860,26364,11777,4941,4170582,505761,
131,96172,308964,78590406,91028,91028,69200,19082,26708,11918,4981,4220756,511183,
132,97304,312488,79900083,92049,92049,70021,19293,27017,12059,5023,4270503,517264,
133,98451,315969,81179257,93087,93087,70946,19410,27237,12202,5080,4321828,527187,
134,99598,319521,82505552,94125,94125,71801,19598,27527,12345,5123,4371568,533312,
135,100745,323079,83760447,95161,95161,72619,19796,27854,12488,5165,4421525,539330,
136,101892,326637,84837631,96197,96197,73437,19994,28181,12631,5207,4471905,545016,
137,103040,330187,85957643,97236,97236,74282,20177,28482,12774,5249,4522471,551055,
138,104187,333733,87118702,98272,98272,75125,20363,28784,12917,5291,4572988,557104,
139,105334,337303,88267552,99309,99309,75959,20571,29095,13060,5333,4623142,563224,
140,106481,340900,89479760,100345,100345,76733,20808,29466,13203,5373,4673697,568783,
141,107628,344473,90899986,101382,101382,77576,21019,29768,13346,5415,4723964,575208,
142,108784,347981,92131839,102429,102429,78503,21135,29995,13490,5470,4775189,584596,
143,109940,351575,93486490,103477,103477,79354,21335,30298,13634,5513,4825145,591130,
144,111096,355150,94712825,104523,104523,80201,21520,30605,13778,5556,4875674,597290,
145,112252,358734,95925602,105569,105569,81042,21714,30918,13922,5599,4926384,603530,
146,113408,362337,97174168,106615,106615,81887,21927,31227,14066,5642,4977209,609761,
147,114564,365926,98453792,107660,107660,82734,22128,31534,14210,5685,5027977,615820,
148,115720,369514,99670813,108704,108704,83582,22330,31840,14354,5728,5078713,622380,
149,116876,373098,100886999,109750,109750,84441,22524,32135,14498,5771,5129277,628849,
150,118032,376657,102657923,110792,110792,85328,22701,32402,14642,5814,5178828,635619,
151,119233,380418,103969332,111883,111883,86270,22932,32659,14791,5872,5231083,645514,
152,120434,384157,105457250,112973,112973,87118,23143,33010,14940,5916,5281455,652156,
153,121635,387882,106830363,114063,114063,87986,23340,33341,15089,5959,5332034,658818,
154,122836,391632,108079709,115153,115153,88794,23562,33732,15238,6000,5383502,664675,
155,124037,395352,109385066,116243,116243,89667,23754,34058,15387,6043,5434730,671215,
156,125238,399057,110698817,117330,117330,90539,23937,34385,15536,6086,5486180,677662,
157,126439,402775,112000842,118416,118416,91407,24135,34716,15685,6129,5537541,684141,
158,127640,406502,113650243,119504,119504,92265,24338,35057,15834,6172,5588637,690516,
159,128885,410295,115262230,120636,120636,93248,24469,35317,15989,6231,5641287,700844,
160,130130,414149,116746032,121763,121763,94105,24671,35703,16144,6275,5692657,707222,
161,131375,418036,118261689,122894,122894,94949,24898,36102,16299,6318,5744515,713280,
162,132620,421883,119783779,124025,124025,95820,25085,36474,16454,6362,5796080,719767,
163,133865,425737,121330433,125153,125153,96692,25285,36845,16609,6405,5847826,726167,
164,135110,429591,122713923,126283,126283,97563,25481,37217,16764,6449,5900128,732407,
165,136355,433469,124084424,127409,127409,98380,25709,37643,16919,6491,5952766,738211,
166,137600,437325,125494822,128535,128535,99260,25915,38006,17074,6535,6004980,744522,
167,138845,441173,127271308,129657,129657,100147,26121,38362,17229,6579,6056823,751130,
168,140147,445549,129490860,130838,130838,101141,26673,38668,17391,6640,6110938,761357,
169,141449,449587,130914856,132011,132011,102014,26903,39095,17553,6684,6162711,768101,
170,142751,453608,132337187,133179,133179,102867,27126,39542,17715,6727,6215232,774323,
171,144054,457626,133769341,134347,134347,103740,27345,39970,17877,6771,6267857,780900,
172,145357,461660,135117010,135515,135515,104589,27580,40422,18039,6814,6320826,786830,
173,146659,465687,136527426,136681,136681,105440,27813,40871,18201,6857,6373756,792797,
174,147962,469711,137988803,137847,137847,106331,28042,41281,18363,6901,6426484,799439,
175,149265,473761,139694004,139013,139013,107199,28297,41714,18525,6944,6478892,805957,
176,150584,477743,141672588,140193,140193,108180,28438,42050,18689,7002,6533383,815995,
177,151903,481845,143142760,141373,141373,109011,28699,42536,18853,7045,6586203,821988,
178,153222,485897,144680573,142547,142547,109909,28922,42955,19017,7090,6638913,828922,
179,154541,489949,146211885,143714,143714,110801,29159,43380,19181,7134,6692224,835470,
180,155861,493996,147796384,144881,144881,111710,29390,43789,19345,7179,6745353,842333,
181,157180,498059,149312906,146043,146043,112570,29648,44246,19509,7222,6798751,848611,
182,158499,502093,150879202,147203,147203,113465,29881,44668,19673,7267,6852323,854954,
183,159819,506174,152437578,148363,148363,114299,30160,45152,19837,7309,6906059,860917,
184,161139,510147,154371961,149519,149519,115249,30339,45520,20001,7355,6958767,868543,
185,162471,514110,156469079,150690,150690,116254,30464,45845,20167,7415,7012122,879171,
186,163803,518206,158056091,151861,151861,117109,30722,46320,20333,7458,7065040,885541,
187,165135,522236,159745837,153032,153032,118026,30914,46733,20499,7503,7118761,891945,
188,166467,526271,161484238,154200,154200,118923,31117,47166,20665,7548,7172318,898858,
189,167799,530317,163173690,155363,155363,119807,31341,47612,20831,7592,7225427,905554,
190,169131,534333,164877281,156521,156521,120720,31545,48029,20997,7637,7279306,912486,
191,170463,538373,166797743,157678,157678,121617,31775,48462,21163,7682,7333444,918849,
192,171795,542428,168533216,158833,158833,122513,32024,48896,21329,7727,7387407,925577,
193,173127,546435,170596601,159982,159982,123446,32237,49293,21495,7772,7441058,932813,
194,174465,550368,172697826,161134,161134,124458,32364,49617,21661,7831,7494528,943881,
195,175801,554398,174438572,162282,162282,125368,32598,50041,21827,7876,7547653,950613,
196,177137,558438,176270422,163429,163429,126247,32844,50496,21993,7920,7601331,957258,
197,178474,562424,178482588,164578,164578,127203,33031,50875,22159,7967,7654220,964612,
198,179810,566453,180147291,165722,165722,128078,33272,51334,22325,8011,7708458,970793,
199,181146,570451,181960596,166868,166868,129000,33478,51746,22491,8056,7762608,977596,
200,182482,574470,183752365,168014,168014,129898,33705,52182,22657,8101,7816638,984335,
201,183818,578483,185838914,169159,169159,130804,33928,52610,22823,8146,7870333,991323,
202,185174,582469,188184637,170330,170330,131832,34049,52936,22992,8205,7925622,1001932,
203,186530,586576,190011073,171498,171498,132728,34297,53394,23161,8250,7978804,1008514,
204,187886,590676,191878407,172668,172668,133635,34534,53841,23330,8295,8032936,1015307,
205,189242,594766,193776331,173836,173836,134548,34765,54282,23499,8340,8087164,1022172,
206,190598,598857,195596582,175004,175004,135455,34997,54729,23668,8385,8141796,1029113,
207,191954,602951,197368613,176171,176171,136358,35234,55180,23837,8430,8196652,1035563,
208,193310,607052,199275155,177339,177339,137270,35476,55622,24006,8475,8250784,1042191,
209,194667,611116,201723550,178509,178509,138231,35676,56016,24175,8521,8305216,1049135,
