Backup ID, Logical chunk num, Unique chunk num, Base chunk num, Delta chunk num, Logical chunk size, Unique chunk size, Base chunk size, Delta chunk size, LZ4_save size, Delta_save size, 
0,598076,118229,118229,0,8588886016,1032135022,638211050,0,393923972,0
1,1195194,131087,131087,0,17177772032,1171401480,700039579,0,471361901,0
2,1791173,149943,149943,0,25766658048,1368358678,798709879,0,569648799,0
3,2386184,164814,164814,0,34355544064,1528865472,871788479,0,657076993,0
4,2980525,182825,182825,0,42944430080,1719207135,967205329,0,752001806,0
5,3572942,204438,204438,0,51533316096,1951922178,1077793930,0,874128248,0
6,4164755,221561,221561,0,60122202112,2137587443,1164412198,0,973175245,0
7,4755932,242885,242885,0,68711088128,2361052678,1277626262,0,1083426416,0
8,5346585,262903,262903,0,77299974144,2573569874,1380943902,0,1192625972,0
9,5936829,281759,281759,0,85888860160,2774054407,1477668189,0,1296386218,0
10,6526705,307464,307464,0,94477746176,3045410776,1609212205,0,1436198571,0
11,7117376,326216,326216,0,103066632192,3242865686,1706947440,0,1535918246,0
12,7708121,347836,347836,0,111655518208,3473193093,1818959726,0,1654233367,0
13,8299588,374837,374837,0,120244404224,3759205714,1960624983,0,1798580731,0
14,8891445,396422,396422,0,128833290240,3992611430,2073308579,0,1919302851,0
15,9483489,417887,417887,0,137422176256,4224877819,2183988078,0,2040889741,0
16,10077606,443648,443648,0,146011062272,4498147302,2322757053,0,2175390249,0
17,10672558,470248,470248,0,154599948288,4782863934,2463366743,0,2319497191,0
18,11268152,494813,494813,0,163188834304,5047681626,2594463336,0,2453218290,0
19,11865051,517318,517318,0,171777720320,5289461317,2712917905,0,2576543412,0
20,12462550,542802,542802,0,180366606336,5563245113,2846356876,0,2716888237,0
21,13060779,568100,568100,0,188955492352,5836765923,2980049995,0,2856715928,0
22,13661032,598836,598836,0,197544378368,6163336318,3146191269,0,3017145049,0
23,14263100,625524,625524,0,206133264384,6450494513,3287475421,0,3163019092,0
24,14866184,651870,651870,0,214722150400,6735758417,3425210754,0,3310547663,0
25,15472152,686885,686885,0,223311036416,7109281814,3613847846,0,3495433968,0
26,16079762,719004,719004,0,231899922432,7452798290,3784318452,0,3668479838,0
27,16689366,753044,753044,0,240488808448,7818860463,3966065718,0,3852794745,0
28,17301791,788203,788203,0,249077694464,8196526159,4153852597,0,4042673562,0
29,17916474,824183,824183,0,257666580480,8581486572,4345861172,0,4235625400,0
