Backup ID, FPindex, SFindex, Deltaindex
0,9458320,192,0
1,10486960,192,0
2,11995440,192,0
3,13185120,192,0
4,14626000,192,0
5,16355040,192,0
6,17724880,192,0
7,19430800,192,0
8,21032240,192,0
9,22540720,192,0
10,24597120,192,0
11,26097280,192,0
12,27826880,192,0
13,29986960,192,0
14,31713760,192,0
15,33430960,192,0
16,35491840,192,0
17,37619840,192,0
18,39585040,192,0
19,41385440,192,0
20,43424160,192,0
21,45448000,192,0
22,47906880,192,0
23,50041920,192,0
24,52149600,192,0
25,54950800,192,0
26,57520320,192,0
27,60243520,192,0
28,63056240,192,0
29,65934640,192,0
