BackupID, OnlineSpeed(MB/s), Encalve ProcessTime(s), BackupSize, OnlineSize, OfflineSize, OfflineTime(s)
0, 742.601, 11.0301, 8588886016, 638211050, 638211050, 2.1e-05
1, 917.437, 8.92814, 8588886016, 700039579, 700039579, 1.9e-05
2, 933.515, 8.77437, 8588886016, 798709879, 798709879, 1.8e-05
3, 939.633, 8.71723, 8588886016, 871788479, 871788479, 1.8e-05
4, 927.415, 8.83208, 8588886016, 967205329, 967205329, 2.3e-05
5, 910.667, 8.9945, 8588886016, 1077793930, 1077793930, 1.8e-05
6, 911.713, 8.98418, 8588886016, 1164412198, 1164412198, 2.3e-05
7, 932.92, 8.77996, 8588886016, 1277626262, 1277626262, 2.3e-05
8, 907.039, 9.03049, 8588886016, 1380943902, 1380943902, 1.9e-05
9, 911.104, 8.99019, 8588886016, 1477668189, 1477668189, 2.3e-05
10, 903.007, 9.0708, 8588886016, 1609212205, 1609212205, 1.8e-05
11, 910.191, 8.99921, 8588886016, 1706947440, 1706947440, 1.9e-05
12, 907.9, 9.02191, 8588886016, 1818959726, 1818959726, 2.5e-05
13, 897.195, 9.12956, 8588886016, 1960624983, 1960624983, 1.9e-05
14, 906.48, 9.03605, 8588886016, 2073308579, 2073308579, 2e-05
15, 927.106, 8.83502, 8588886016, 2183988078, 2183988078, 2.4e-05
16, 898.998, 9.11125, 8588886016, 2322757053, 2322757053, 1.8e-05
17, 897.21, 9.12941, 8588886016, 2463366743, 2463366743, 2.3e-05
18, 897.275, 9.12875, 8588886016, 2594463336, 2594463336, 2e-05
19, 901.169, 9.08931, 8588886016, 2712917905, 2712917905, 1.9e-05
20, 893.948, 9.16272, 8588886016, 2846356876, 2846356876, 2e-05
21, 891.285, 9.1901, 8588886016, 2980049995, 2980049995, 1.9e-05
22, 883.285, 9.27334, 8588886016, 3146191269, 3146191269, 2e-05
23, 900.918, 9.09184, 8588886016, 3287475421, 3287475421, 2.3e-05
24, 887.084, 9.23363, 8588886016, 3425210754, 3425210754, 2.5e-05
25, 879.399, 9.31431, 8588886016, 3613847846, 3613847846, 1.9e-05
26, 871.013, 9.40399, 8588886016, 3784318452, 3784318452, 2.2e-05
27, 894.734, 9.15468, 8588886016, 3966065718, 3966065718, 1.9e-05
28, 873.067, 9.38187, 8588886016, 4153852597, 4153852597, 2e-05
29, 866.718, 9.45059, 8588886016, 4345861172, 4345861172, 1.9e-05
