Backup ID, Ecall, Inline_Ocall, Offline_Ocall, _Inline_FPOcall, _Inline_SFOcall, _Inline_LocalOcall, _Inline_LoadOcall, _Inline_DeltaOcall, _Inline_RecipeOcall, _Inline_Write_ContainerOcall, _inline_have_similar_chunk_num, _inline_need_load_container_num
0,4675,1727,0,1143,0,0,0,0,584,153,0,0,
1,9342,2860,0,1693,0,0,0,0,1167,168,0,0,
2,14001,4027,0,2278,0,0,0,0,1749,192,0,0,
3,18652,5190,0,2860,0,0,0,0,2330,210,0,0,
4,23298,6367,0,3457,0,0,0,0,2910,233,0,0,
5,27929,7585,0,4097,0,0,0,0,3488,260,0,0,
6,32555,8771,0,4706,0,0,0,0,4065,281,0,0,
7,37176,9996,0,5354,0,0,0,0,4642,309,0,0,
8,41793,11225,0,6007,0,0,0,0,5218,334,0,0,
9,46407,12454,0,6660,0,0,0,0,5794,358,0,0,
10,51018,13748,0,7378,0,0,0,0,6370,390,0,0,
11,55635,15000,0,8054,0,0,0,0,6946,414,0,0,
12,60253,16278,0,8756,0,0,0,0,7522,441,0,0,
13,64876,17621,0,9522,0,0,0,0,8099,475,0,0,
14,69502,18931,0,10255,0,0,0,0,8676,502,0,0,
15,74130,20258,0,11004,0,0,0,0,9254,529,0,0,
16,78774,21630,0,11796,0,0,0,0,9834,563,0,0,
17,83425,23025,0,12610,0,0,0,0,10415,597,0,0,
18,88081,24422,0,13426,0,0,0,0,10996,629,0,0,
19,92747,25801,0,14223,0,0,0,0,11578,658,0,0,
20,97417,27254,0,15093,0,0,0,0,12161,690,0,0,
21,102093,28774,0,16029,0,0,0,0,12745,722,0,0,
22,106785,30346,0,17015,0,0,0,0,13331,762,0,0,
23,111491,31939,0,18021,0,0,0,0,13918,796,0,0,
24,116205,33532,0,19026,0,0,0,0,14506,829,0,0,
25,120942,35205,0,20108,0,0,0,0,15097,875,0,0,
26,125691,36981,0,21291,0,0,0,0,15690,916,0,0,
27,130456,38792,0,22507,0,0,0,0,16285,960,0,0,
28,135243,40655,0,23772,0,0,0,0,16883,1005,0,0,
29,140048,42588,0,25105,0,0,0,0,17483,1051,0,0,
