Backup ID,Backup Size(MB),dataTranTime(us/MB),fpTime(ms/MB),freqTime(ms/MB),firstDedupTime(ms/MB),secondDedupTime(ms/MB),total_dedupTime(ms/MB),sfTime(ms/MB),checkTime(ms/MB),lz4compressTime(ms/MB),deltacompressTime(ms/MB),encTime(ms/MB),Total size(MB)
0,198.604,0.24556,0.949412,0.0170219,0.0662123,0.933901,1.96655,9.26888,0.114077,2.34102,0.811307,0.329484,198.603516
1,202.871,0.253436,0.978819,0.0249154,0.0766076,0.776041,1.85638,7.63313,0.13425,1.51185,0.941806,0.254555,401.474609
2,209.268,0.248494,0.961589,0.0251232,0.0799977,0.707643,1.77435,7.01215,0.142946,1.19941,0.988817,0.221448,610.742188
3,213.711,0.233329,0.951921,0.0273372,0.0812672,0.666201,1.72673,6.64696,0.144613,1.07466,0.992862,0.205694,824.453125
4,217.588,0.232773,0.944353,0.0276316,0.0827597,0.645429,1.70017,6.49041,0.144249,1.12462,0.899341,0.202429,1042.041016
5,223.115,0.232226,0.940812,0.0292155,0.0838979,0.640436,1.69436,6.41856,0.144211,1.163,0.844448,0.201662,1265.156250
6,225.645,0.225153,0.933135,0.0269906,0.0855252,0.625611,1.67126,6.36071,0.144866,1.17283,0.821911,0.197966,1490.800781
7,229.014,0.219988,0.930023,0.027338,0.0864518,0.620693,1.66451,6.33772,0.145572,1.20032,0.792458,0.198228,1719.814453
8,235.049,0.220906,0.927778,0.0278637,0.0878164,0.619615,1.66307,6.34598,0.147258,1.22678,0.770698,0.199193,1954.863281
9,238.721,0.221836,0.925667,0.0275543,0.0897454,0.612165,1.65513,6.28926,0.148172,1.22499,0.75602,0.196955,2193.583984
10,242.617,0.221773,0.924989,0.0285083,0.0912158,0.61405,1.65876,6.25049,0.148555,1.23096,0.74945,0.196443,2436.201172
11,250.742,0.221324,0.924337,0.0294709,0.092712,0.611205,1.65773,6.2265,0.148793,1.24436,0.72358,0.19686,2686.943359
12,252.441,0.222111,0.924255,0.0301188,0.0942823,0.608099,1.65675,6.20668,0.14868,1.24983,0.711795,0.196721,2939.384766
13,260.195,0.219228,0.923294,0.0303074,0.0957438,0.609503,1.65885,6.23481,0.149401,1.27054,0.697769,0.197964,3199.580078
14,271.465,0.219558,0.922076,0.0299854,0.0974427,0.609193,1.6587,6.24843,0.149738,1.28435,0.692585,0.19819,3471.044922
15,276.162,0.216914,0.920212,0.0292397,0.0988419,0.607485,1.65578,6.25233,0.150227,1.29309,0.683765,0.198089,3747.207031
16,280.215,0.216938,0.920795,0.0299641,0.100591,0.609328,1.66068,6.26421,0.15068,1.30245,0.684554,0.199086,4027.421875
17,295.889,0.215021,0.920409,0.0299638,0.102578,0.612035,1.66499,6.26486,0.151417,1.30905,0.687151,0.199801,4323.310547
18,320.605,0.213032,0.920029,0.0303005,0.104149,0.620548,1.67503,6.2771,0.15224,1.32221,0.675636,0.200614,4643.916016
19,336.787,0.21132,0.919847,0.0309157,0.105974,0.619588,1.67632,6.2776,0.152513,1.32659,0.685303,0.200871,4980.703125
0,198.604,0.187162,0.884192,0.0149675,0.0592789,0.859414,1.81785,9.20282,0.0939913,2.25651,0.731249,0.303373,198.603516
1,202.871,0.204514,0.901508,0.0269868,0.0682285,0.719578,1.7163,7.5696,0.114062,1.45103,0.843644,0.234712,401.474609
2,209.268,0.197319,0.903223,0.027462,0.0712772,0.66163,1.66359,6.95965,0.124866,1.15334,0.902172,0.206392,610.742188
3,213.711,0.203509,0.905403,0.0295426,0.0738271,0.628346,1.63712,6.60404,0.129511,1.03337,0.927187,0.193744,824.453125
4,217.588,0.19989,0.907358,0.0313488,0.0757485,0.617117,1.63157,6.45738,0.131926,1.09279,0.84699,0.193455,1042.041016
5,223.115,0.197863,0.906362,0.0298795,0.078101,0.610743,1.62509,6.38396,0.133965,1.13364,0.798129,0.192178,1265.156250
6,225.645,0.196137,0.906584,0.0298807,0.080063,0.603904,1.62043,6.33136,0.135803,1.14994,0.782872,0.191515,1490.800781
7,229.014,0.20023,0.906803,0.0300989,0.0820205,0.601785,1.62071,6.31332,0.138294,1.17969,0.760624,0.192698,1719.814453
8,235.049,0.203136,0.907179,0.0308266,0.0839046,0.603657,1.62557,6.32451,0.141066,1.2083,0.744218,0.194547,1954.863281
9,238.721,0.205224,0.906508,0.0296899,0.0859484,0.595527,1.61767,6.2698,0.142621,1.20812,0.731202,0.192089,2193.583984
10,242.617,0.206834,0.907876,0.0308274,0.0876553,0.599254,1.62561,6.2322,0.143384,1.21498,0.731521,0.192054,2436.201172
11,250.742,0.208752,0.90844,0.0304042,0.0893569,0.594822,1.62302,6.21008,0.144086,1.22778,0.707719,0.19179,2686.943359
12,252.441,0.210306,0.907877,0.0292562,0.0910728,0.59016,1.61837,6.19078,0.144361,1.23411,0.695574,0.190941,2939.384766
13,260.195,0.211446,0.907785,0.0292422,0.0927944,0.59308,1.6229,6.21987,0.145527,1.25633,0.682945,0.192748,3199.580078
14,271.465,0.209533,0.907285,0.028592,0.0944139,0.593303,1.62359,6.23433,0.146143,1.2706,0.679948,0.193222,3471.044922
15,276.162,0.210574,0.907871,0.0287118,0.0960774,0.593808,1.62647,6.23956,0.146978,1.2815,0.673599,0.193897,3747.207031
16,280.215,0.208965,0.908569,0.0296136,0.0977936,0.597003,1.63298,6.25021,0.147552,1.29124,0.674462,0.194985,4027.421875
17,295.889,0.209889,0.909198,0.0299949,0.0999165,0.600979,1.64009,6.25271,0.148399,1.29874,0.678398,0.196246,4323.310547
18,320.605,0.208339,0.908893,0.0298697,0.10148,0.609765,1.65001,6.26575,0.149308,1.31202,0.667184,0.196981,4643.916016
19,336.787,0.206895,0.909425,0.0314064,0.103321,0.608655,1.65281,6.26639,0.149687,1.31686,0.677278,0.197222,4980.703125
0,198.604,0.192524,0.911582,0.036975,0.0590473,0.946738,1.95434,9.21865,0.0965592,2.2764,0.777912,0.320319,198.603516
1,202.871,0.205597,0.907291,0.0301268,0.0691077,0.73926,1.74579,7.56792,0.116468,1.45317,0.852402,0.234267,401.474609
2,209.268,0.207325,0.903304,0.0275678,0.0733452,0.668961,1.67318,6.95475,0.128255,1.15379,0.909149,0.203408,610.742188
3,213.711,0.20105,0.905919,0.0309037,0.0757072,0.636757,1.64929,6.59859,0.132069,1.03847,0.927144,0.191557,824.453125
4,217.588,0.20539,0.907964,0.032987,0.0780401,0.622136,1.64113,6.45057,0.134333,1.09429,0.848845,0.190909,1042.041016
5,223.115,0.201932,0.905898,0.0318037,0.079523,0.615273,1.6325,6.37601,0.135741,1.136,0.799557,0.189908,1265.156250
6,225.645,0.199781,0.907173,0.030443,0.0816266,0.60508,1.62432,6.32349,0.137693,1.14963,0.786033,0.187903,1490.800781
7,229.014,0.19775,0.907031,0.030702,0.0830677,0.602056,1.62286,6.30545,0.139292,1.17995,0.76159,0.189069,1719.814453
8,235.049,0.198686,0.904406,0.0289969,0.0848295,0.59856,1.61679,6.31594,0.141762,1.20722,0.741503,0.189264,1954.863281
9,238.721,0.19981,0.904913,0.0294846,0.0867598,0.593387,1.61454,6.26202,0.143321,1.20798,0.730227,0.188172,2193.583984
10,242.617,0.198317,0.903678,0.0281571,0.0882809,0.592274,1.61239,6.22304,0.144065,1.21383,0.726174,0.186804,2436.201172
11,250.742,0.19716,0.903912,0.0295614,0.0899245,0.589657,1.61306,6.2009,0.144772,1.22755,0.702273,0.187273,2686.943359
12,252.441,0.199191,0.904791,0.030407,0.0917052,0.588813,1.61572,6.18337,0.145144,1.23525,0.691656,0.187958,2939.384766
13,260.195,0.198403,0.905364,0.0305342,0.0932954,0.592005,1.6212,6.2138,0.146028,1.2578,0.677691,0.190107,3199.580078
14,271.465,0.200581,0.904803,0.0300961,0.0950328,0.592508,1.62244,6.22856,0.146415,1.27203,0.674061,0.190706,3471.044922
15,276.162,0.199886,0.905462,0.0300825,0.0972332,0.592784,1.62556,6.2347,0.147536,1.28265,0.668111,0.191389,3747.207031
16,280.215,0.201078,0.906174,0.0305418,0.0990162,0.594471,1.6302,6.24527,0.148107,1.29234,0.668053,0.192323,4027.421875
17,295.889,0.201695,0.906181,0.0305473,0.100934,0.597758,1.63542,6.24752,0.148814,1.29996,0.672268,0.193473,4323.310547
18,320.605,0.200599,0.905649,0.0301807,0.102634,0.606355,1.64482,6.26035,0.150065,1.31374,0.660824,0.19427,4643.916016
19,336.787,0.202104,0.906611,0.0310278,0.104622,0.606484,1.64875,6.26205,0.150537,1.31878,0.672244,0.194961,4980.703125
0,198.604,0.213571,0.896775,0.0205716,0.0573051,0.876891,1.85154,9.21949,0.0948724,2.26582,0.75211,0.307265,198.603516
1,202.871,0.219879,0.892536,0.0147939,0.0680541,0.692166,1.66755,7.56398,0.115273,1.44633,0.833788,0.224673,401.474609
2,209.268,0.220753,0.893561,0.0160583,0.0724463,0.64076,1.62283,6.95568,0.127078,1.15056,0.89949,0.198204,610.742188
3,213.711,0.221717,0.896772,0.019822,0.0756817,0.60989,1.60217,6.59835,0.131724,1.03739,0.919906,0.186923,824.453125
4,217.588,0.213979,0.898131,0.020872,0.0774183,0.597093,1.59351,6.45002,0.133364,1.09254,0.840098,0.186263,1042.041016
5,223.115,0.215177,0.897683,0.0204878,0.0799142,0.596664,1.59475,6.37738,0.135343,1.13522,0.79182,0.186055,1265.156250
6,225.645,0.220348,0.909461,0.0226748,0.0838462,0.599806,1.61579,6.33428,0.139993,1.15961,0.790852,0.188989,1490.800781
7,229.014,0.219943,0.907832,0.0223166,0.0854517,0.595523,1.61112,6.31378,0.141707,1.18764,0.766211,0.189181,1719.814453
8,235.049,0.220414,0.908068,0.0241426,0.0871268,0.598642,1.61798,6.32439,0.144104,1.21571,0.750056,0.191264,1954.863281
9,238.721,0.216893,0.90929,0.0255551,0.088721,0.594815,1.61838,6.27073,0.14537,1.21593,0.73948,0.190544,2193.583984
10,242.617,0.213747,0.909026,0.0260977,0.0903402,0.597525,1.62299,6.23225,0.146027,1.22214,0.738074,0.190279,2436.201172
11,250.742,0.211115,0.908406,0.0261644,0.0916748,0.593204,1.61945,6.20856,0.146333,1.23496,0.712508,0.19015,2686.943359
12,252.441,0.209175,0.908812,0.0267591,0.0934359,0.591438,1.62045,6.18946,0.146607,1.2416,0.702288,0.1907,2939.384766
13,260.195,0.208992,0.908477,0.026837,0.0950518,0.593741,1.62411,6.21848,0.147519,1.2631,0.688487,0.192299,3199.580078
14,271.465,0.209746,0.907849,0.0266321,0.0966369,0.594574,1.62569,6.23328,0.147837,1.27716,0.684977,0.193046,3471.044922
15,276.162,0.207811,0.907816,0.0272004,0.0982542,0.595349,1.62862,6.23767,0.148436,1.28642,0.679512,0.193668,3747.207031
16,280.215,0.206905,0.909249,0.0279181,0.0999972,0.59754,1.6347,6.24895,0.149106,1.29614,0.680299,0.195777,4027.421875
17,295.889,0.205382,0.909735,0.0284092,0.101827,0.601092,1.64106,6.25142,0.149553,1.30361,0.682211,0.196761,4323.310547
18,320.605,0.203994,0.909623,0.0286119,0.103377,0.609879,1.65149,6.26375,0.150492,1.31593,0.673622,0.197358,4643.916016
19,336.787,0.202611,0.90991,0.0291192,0.105083,0.608966,1.65308,6.26426,0.150738,1.32041,0.68303,0.197582,4980.703125
0,198.604,0.218903,0.896941,0.0236988,0.0582115,0.883707,1.86256,9.21948,0.0932209,2.26316,0.748049,0.310146,198.603516
1,202.871,0.202621,0.907426,0.031475,0.0683705,0.730941,1.73821,7.5852,0.113133,1.45382,0.849846,0.237731,401.474609
2,209.268,0.208669,0.908392,0.0316226,0.0728802,0.672185,1.68508,6.9677,0.125068,1.15528,0.909755,0.20861,610.742188
3,213.711,0.202266,0.90571,0.0299629,0.0753409,0.627956,1.63897,6.60637,0.129287,1.03362,0.927802,0.192883,824.453125
4,217.588,0.198768,0.90691,0.0308525,0.0771064,0.613399,1.62827,6.45826,0.131242,1.0919,0.844863,0.192047,1042.041016
5,223.115,0.203681,0.908291,0.0320891,0.0792874,0.612576,1.63224,6.38656,0.133343,1.13486,0.800801,0.192554,1265.156250
6,225.645,0.204914,0.908795,0.0326885,0.0814502,0.607318,1.63025,6.33278,0.13549,1.15125,0.78857,0.192196,1490.800781
7,229.014,0.207651,0.911689,0.0331853,0.083095,0.605948,1.63392,6.3141,0.137756,1.18257,0.765204,0.193761,1719.814453
8,235.049,0.208372,0.911533,0.0336444,0.0849282,0.608555,1.63866,6.32505,0.140676,1.21191,0.749195,0.19562,1954.863281
9,238.721,0.205897,0.911196,0.0334304,0.0866199,0.602192,1.63344,6.27075,0.142104,1.21182,0.738059,0.193954,2193.583984
10,242.617,0.208049,0.911198,0.0333111,0.0883236,0.604234,1.63707,6.2325,0.143186,1.22033,0.735302,0.193442,2436.201172
11,250.742,0.207852,0.910302,0.0329614,0.0897313,0.599836,1.63283,6.2097,0.143659,1.23292,0.711408,0.193313,2686.943359
12,252.441,0.206007,0.910492,0.0330919,0.0913354,0.597072,1.63199,6.19003,0.143855,1.23848,0.700633,0.193063,2939.384766
13,260.195,0.207722,0.910957,0.0335052,0.0928531,0.600308,1.63762,6.22063,0.144888,1.26023,0.689677,0.195238,3199.580078
14,271.465,0.208522,0.910893,0.0335699,0.0943808,0.601918,1.64076,6.23548,0.145548,1.27524,0.686552,0.196199,3471.044922
15,276.162,0.207006,0.911183,0.0338075,0.0958204,0.60255,1.64336,6.2408,0.146284,1.28482,0.680234,0.196845,3747.207031
16,280.215,0.207754,0.911287,0.0342153,0.0973896,0.604752,1.64764,6.25182,0.146781,1.29453,0.680068,0.197718,4027.421875
17,295.889,0.208255,0.910667,0.033503,0.0995027,0.607073,1.65075,6.25339,0.147688,1.30189,0.683303,0.198388,4323.310547
18,320.605,0.206844,0.910057,0.0328385,0.101109,0.614606,1.65861,6.26578,0.148584,1.31516,0.671479,0.198914,4643.916016
19,336.787,0.207872,0.909331,0.0322364,0.103186,0.611885,1.65664,6.26635,0.149002,1.31914,0.68114,0.198633,4980.703125
0,198.604,0.230776,0.892923,0.0236029,0.0651801,0.871675,1.85338,9.21709,0.0945099,2.25647,0.732657,0.301584,198.603516
1,202.871,0.225795,0.904763,0.030957,0.0743658,0.720936,1.73102,7.57483,0.113539,1.4489,0.839883,0.232871,401.474609
2,209.268,0.225639,0.902946,0.0287308,0.0790383,0.657171,1.66789,6.96271,0.125685,1.15132,0.89902,0.202991,610.742188
3,213.711,0.224624,0.905092,0.0303796,0.0812514,0.622368,1.63909,6.60538,0.130136,1.0319,0.923984,0.190014,824.453125
4,217.588,0.224507,0.90647,0.0319503,0.0836128,0.609604,1.63164,6.45716,0.131918,1.09134,0.843163,0.18968,1042.041016
5,223.115,0.217806,0.906515,0.0319183,0.0855191,0.605979,1.62993,6.38483,0.133402,1.13316,0.795808,0.189485,1265.156250
6,225.645,0.212792,0.903789,0.0294443,0.0874993,0.594498,1.61523,6.33028,0.13505,1.14781,0.777592,0.187297,1490.800781
7,229.014,0.213338,0.902985,0.0288738,0.0892125,0.590516,1.61159,6.31092,0.136933,1.17684,0.753054,0.187572,1719.814453
8,235.049,0.209833,0.903496,0.0298537,0.0911936,0.593577,1.61812,6.32151,0.139751,1.20608,0.737387,0.189656,1954.863281
9,238.721,0.20754,0.903185,0.0292461,0.093282,0.586336,1.61205,6.26663,0.141394,1.20615,0.726388,0.187768,2193.583984
10,242.617,0.209398,0.903178,0.028724,0.0952048,0.587425,1.61453,6.22783,0.142317,1.21283,0.723064,0.186992,2436.201172
11,250.742,0.207092,0.9041,0.0291525,0.0966991,0.584766,1.61472,6.20574,0.142782,1.22597,0.700139,0.187397,2686.943359
12,252.441,0.205651,0.904759,0.0285634,0.0984624,0.581106,1.61289,6.18698,0.143069,1.23204,0.688965,0.187101,2939.384766
13,260.195,0.204088,0.905442,0.0291996,0.0999081,0.584666,1.61922,6.21733,0.144031,1.25423,0.677241,0.189281,3199.580078
14,271.465,0.20269,0.905251,0.0287597,0.101553,0.585673,1.62124,6.23234,0.1447,1.26916,0.674243,0.190177,3471.044922
15,276.162,0.20432,0.906226,0.0299398,0.103263,0.58833,1.62776,6.23798,0.145489,1.27943,0.669687,0.191484,3747.207031
16,280.215,0.205812,0.907017,0.0306969,0.105542,0.590922,1.63418,6.24957,0.146239,1.28894,0.67056,0.192575,4027.421875
17,295.889,0.204436,0.907383,0.0310199,0.107721,0.594759,1.64088,6.25201,0.147193,1.29724,0.673071,0.19382,4323.310547
18,320.605,0.20315,0.907617,0.0312572,0.109454,0.604389,1.65272,6.26472,0.148332,1.31005,0.665039,0.194753,4643.916016
19,336.787,0.20375,0.907879,0.031847,0.111439,0.603923,1.65509,6.26515,0.148881,1.31549,0.674663,0.195231,4980.703125
0,198.604,0.194166,0.919929,0.0361532,0.0571037,0.925697,1.93888,9.23275,0.0936942,2.28349,0.779454,0.326732,198.603516
1,202.871,0.188724,0.899333,0.0204979,0.0669731,0.708615,1.69542,7.56835,0.113556,1.45137,0.834433,0.232227,401.474609
2,209.268,0.186612,0.898685,0.0208141,0.0712772,0.64893,1.63971,6.95524,0.125248,1.15208,0.893835,0.202622,610.742188
3,213.711,0.194695,0.896073,0.0191245,0.0742965,0.608217,1.59771,6.59677,0.129514,1.03567,0.907712,0.187731,824.453125
4,217.588,0.201027,0.897183,0.0203118,0.0769336,0.595101,1.58953,6.4483,0.131398,1.0901,0.828998,0.186398,1042.041016
5,223.115,0.198115,0.89862,0.0215504,0.0788559,0.593854,1.59288,6.3772,0.132969,1.13269,0.783888,0.187063,1265.156250
6,225.645,0.202541,0.900153,0.0210899,0.0812114,0.587203,1.58966,6.32805,0.135436,1.14822,0.773847,0.186365,1490.800781
7,229.014,0.200316,0.900108,0.0212233,0.0827956,0.584937,1.58906,6.30913,0.13739,1.17821,0.750425,0.187359,1719.814453
8,235.049,0.203719,0.900707,0.0219853,0.0847369,0.588635,1.59606,6.32138,0.140311,1.20755,0.735004,0.18957,1954.863281
9,238.721,0.201922,0.901782,0.0233114,0.0863582,0.584896,1.59635,6.26804,0.141747,1.20777,0.725793,0.18875,2193.583984
10,242.617,0.204066,0.90253,0.0244032,0.088152,0.589266,1.60435,6.23112,0.142776,1.21582,0.724232,0.189115,2436.201172
11,250.742,0.205876,0.903878,0.0255486,0.0898698,0.587646,1.60694,6.209,0.143502,1.23019,0.700649,0.18983,2686.943359
12,252.441,0.20742,0.9042,0.0259303,0.0918182,0.585246,1.60719,6.19034,0.143851,1.23559,0.690802,0.189707,2939.384766
13,260.195,0.205806,0.903798,0.025468,0.0933707,0.58682,1.60946,6.22036,0.144924,1.25692,0.678778,0.191049,3199.580078
14,271.465,0.206999,0.905119,0.025691,0.0952206,0.589265,1.6153,6.23698,0.145793,1.27339,0.676731,0.192671,3471.044922
15,276.162,0.205386,0.904458,0.0253686,0.0966114,0.588937,1.61538,6.24165,0.146462,1.28236,0.671142,0.192872,3747.207031
16,280.215,0.205895,0.905408,0.0265597,0.0983046,0.592355,1.62263,6.25206,0.147056,1.29224,0.672139,0.19412,4027.421875
17,295.889,0.204578,0.906054,0.027124,0.100446,0.596535,1.63016,6.25388,0.147957,1.2997,0.676682,0.195457,4323.310547
18,320.605,0.205708,0.905274,0.0265698,0.102318,0.604579,1.63874,6.26599,0.149077,1.3129,0.664996,0.195879,4643.916016
19,336.787,0.204664,0.906307,0.027396,0.104189,0.604481,1.64237,6.26682,0.149597,1.31822,0.675436,0.196446,4980.703125
0,198.604,0.228289,0.909873,0.0276784,0.0585438,0.898418,1.89451,9.21921,0.0951745,2.27395,0.753186,0.314565,198.603516
1,202.871,0.22643,0.903228,0.0220961,0.0691725,0.712823,1.70732,7.56883,0.115442,1.45092,0.835019,0.231682,401.474609
2,209.268,0.211381,0.902645,0.0217711,0.0721827,0.653606,1.6502,6.95845,0.125893,1.15257,0.892758,0.2026,610.742188
3,213.711,0.203911,0.902881,0.019093,0.0750534,0.608093,1.60512,6.59703,0.130419,1.03569,0.904127,0.186293,824.453125
4,217.588,0.208402,0.904242,0.0204104,0.076948,0.59469,1.59629,6.4491,0.132129,1.09153,0.826936,0.185833,1042.041016
5,223.115,0.204442,0.904887,0.0221268,0.0789333,0.594354,1.6003,6.37684,0.133944,1.13459,0.782089,0.186673,1265.156250
6,225.645,0.201413,0.902328,0.0199789,0.0807807,0.583665,1.58675,6.32431,0.135669,1.14739,0.769039,0.184611,1490.800781
7,229.014,0.204351,0.903665,0.0212398,0.0826328,0.583148,1.59069,6.30675,0.138042,1.17861,0.746718,0.186284,1719.814453
8,235.049,0.201921,0.903237,0.0210952,0.0844187,0.584308,1.59306,6.31896,0.140634,1.2084,0.727392,0.187866,1954.863281
9,238.721,0.200516,0.903313,0.0213614,0.0861494,0.579343,1.59017,6.26484,0.142209,1.20769,0.716444,0.186517,2193.583984
10,242.617,0.202758,0.901565,0.020705,0.0882349,0.58094,1.59144,6.22542,0.143363,1.213,0.716561,0.185722,2436.201172
11,250.742,0.204982,0.903163,0.0221332,0.0900134,0.580503,1.59581,6.20396,0.143999,1.22749,0.694603,0.186882,2686.943359
12,252.441,0.203318,0.904398,0.0232138,0.0914814,0.579704,1.5988,6.18623,0.144063,1.23444,0.685011,0.187477,2939.384766
13,260.195,0.205211,0.905788,0.0244032,0.0930231,0.584222,1.60744,6.21724,0.144939,1.25695,0.672688,0.189991,3199.580078
14,271.465,0.206421,0.904494,0.0231647,0.0945897,0.58289,1.60514,6.23153,0.145386,1.27045,0.66865,0.190115,3471.044922
15,276.162,0.204813,0.904944,0.0237872,0.0959475,0.583691,1.60837,6.23701,0.145995,1.27967,0.663067,0.190733,3747.207031
16,280.215,0.203501,0.905554,0.0244316,0.0975592,0.586,1.61354,6.24805,0.146673,1.28924,0.663943,0.191802,4027.421875
17,295.889,0.205096,0.906162,0.0247008,0.099521,0.589634,1.62002,6.25027,0.14742,1.29678,0.667751,0.193002,4323.310547
18,320.605,0.20665,0.907113,0.0254313,0.101453,0.600231,1.63423,6.26403,0.148606,1.3107,0.65755,0.194342,4643.916016
19,336.787,0.207809,0.907565,0.0260869,0.103457,0.600313,1.63742,6.26477,0.149155,1.31592,0.668204,0.194952,4980.703125
0,198.604,0.213949,0.906615,0.0254124,0.0579194,0.891493,1.88144,9.22838,0.0932259,2.27001,0.76233,0.313686,198.603516
1,202.871,0.219817,0.909602,0.0293267,0.0699172,0.726835,1.73568,7.57936,0.114742,1.45441,0.855135,0.236674,401.474609
2,209.268,0.218496,0.905978,0.0258014,0.073653,0.658878,1.66431,6.96442,0.125627,1.15379,0.906236,0.204719,610.742188
3,213.711,0.218176,0.905956,0.0269264,0.0754694,0.622288,1.63064,6.6055,0.129648,1.03244,0.927589,0.190944,824.453125
4,217.588,0.216207,0.903357,0.0250903,0.0774307,0.604391,1.61027,6.45408,0.131843,1.09108,0.842429,0.188555,1042.041016
5,223.115,0.210588,0.901849,0.0239954,0.0791396,0.600012,1.605,6.37965,0.133636,1.13226,0.793596,0.187609,1265.156250
6,225.645,0.213613,0.906558,0.0272962,0.0817225,0.597699,1.61328,6.33754,0.136518,1.15149,0.784494,0.187975,1490.800781
7,229.014,0.210084,0.90564,0.026402,0.0832625,0.593879,1.60918,6.3182,0.138311,1.18019,0.758884,0.188581,1719.814453
8,235.049,0.212315,0.906625,0.0258494,0.0852172,0.595162,1.61285,6.32936,0.141155,1.21032,0.742333,0.19027,1954.863281
9,238.721,0.213641,0.907797,0.0266966,0.0870188,0.590855,1.61237,6.2756,0.142464,1.21074,0.731899,0.189413,2193.583984
10,242.617,0.214805,0.908643,0.0275576,0.0888449,0.593927,1.61897,6.23685,0.143207,1.21784,0.728884,0.189221,2436.201172
11,250.742,0.215427,0.909203,0.0285456,0.0905267,0.592257,1.62053,6.21366,0.143893,1.23069,0.706751,0.189918,2686.943359
12,252.441,0.216591,0.910087,0.0284491,0.0923816,0.589472,1.62039,6.1948,0.144212,1.23704,0.696266,0.189878,2939.384766
13,260.195,0.216096,0.909804,0.0285808,0.0940248,0.5927,1.62511,6.22384,0.145311,1.25838,0.684953,0.191609,3199.580078
14,271.465,0.216873,0.91041,0.0293028,0.0956698,0.595235,1.63062,6.23875,0.145918,1.27378,0.682376,0.19292,3471.044922
15,276.162,0.215031,0.910566,0.0290499,0.0974512,0.595502,1.63257,6.24358,0.146896,1.28333,0.676073,0.193473,3747.207031
16,280.215,0.212828,0.909462,0.0282706,0.0989904,0.594811,1.63153,6.25328,0.147249,1.29183,0.674083,0.193513,4027.421875
17,295.889,0.210983,0.909726,0.0286245,0.101077,0.598493,1.63792,6.25458,0.148071,1.29947,0.676245,0.194572,4323.310547
18,320.605,0.209211,0.909609,0.028734,0.102734,0.607531,1.64861,6.26755,0.149047,1.31186,0.667345,0.195424,4643.916016
19,336.787,0.207691,0.909953,0.0290724,0.104504,0.606322,1.64985,6.26835,0.14929,1.31681,0.676118,0.195794,4980.703125
0,198.604,0.19119,0.910726,0.0272973,0.0565347,0.895317,1.88987,9.21381,0.0932008,2.26975,0.752172,0.314244,198.603516
1,202.871,0.20073,0.894712,0.0134779,0.0685921,0.690553,1.66733,7.55521,0.114316,1.44388,0.824045,0.22473,401.474609
2,209.268,0.196206,0.901329,0.0188702,0.0723955,0.645963,1.63856,6.95185,0.125518,1.15072,0.894977,0.201112,610.742188
3,213.711,0.192703,0.900468,0.0187284,0.074943,0.60836,1.6025,6.59424,0.129549,1.03633,0.912022,0.187187,824.453125
4,217.588,0.199207,0.901368,0.0204144,0.0773281,0.59707,1.59618,6.44685,0.131721,1.09185,0.835229,0.186776,1042.041016
5,223.115,0.202451,0.902947,0.022939,0.0793112,0.598836,1.60403,6.37644,0.13317,1.13582,0.791496,0.188317,1265.156250
6,225.645,0.200196,0.904266,0.0244364,0.081589,0.595558,1.60585,6.32588,0.135452,1.15116,0.782016,0.188418,1490.800781
7,229.014,0.198302,0.904542,0.0243969,0.0828956,0.592578,1.60441,6.30774,0.137337,1.18067,0.758124,0.189097,1719.814453
8,235.049,0.201826,0.905462,0.0252699,0.0849988,0.59515,1.61088,6.32012,0.140118,1.2101,0.741734,0.191242,1954.863281
9,238.721,0.203763,0.905537,0.0249711,0.0870753,0.589561,1.60714,6.26637,0.141683,1.21031,0.730005,0.189739,2193.583984
10,242.617,0.205809,0.906509,0.0260184,0.0887952,0.593128,1.61445,6.22959,0.142478,1.21757,0.728835,0.189775,2436.201172
11,250.742,0.203995,0.9054,0.0252031,0.0904779,0.587398,1.60848,6.20601,0.143101,1.23071,0.702857,0.189215,2686.943359
12,252.441,0.202557,0.906705,0.0264325,0.091959,0.586216,1.61131,6.18829,0.143166,1.23722,0.693019,0.189631,2939.384766
13,260.195,0.201214,0.906694,0.0261489,0.0938433,0.587913,1.6146,6.21815,0.144291,1.25877,0.679059,0.190999,3199.580078
14,271.465,0.199984,0.907104,0.0262746,0.0954122,0.589468,1.61826,6.2334,0.144802,1.27307,0.676252,0.192021,3471.044922
15,276.162,0.200485,0.907781,0.0270214,0.0971321,0.591228,1.62316,6.23851,0.145797,1.28294,0.671526,0.192963,3747.207031
16,280.215,0.199468,0.906608,0.025893,0.0987244,0.590212,1.62144,6.24847,0.146317,1.29134,0.670426,0.193001,4027.421875
17,295.889,0.198735,0.907219,0.0262516,0.100774,0.593926,1.62817,6.2509,0.147237,1.29937,0.67318,0.194198,4323.310547
18,320.605,0.197803,0.907953,0.026948,0.102445,0.603963,1.64131,6.26468,0.148214,1.31243,0.665227,0.195368,4643.916016
19,336.787,0.196971,0.908583,0.0273378,0.104328,0.602616,1.64286,6.26569,0.148651,1.31718,0.674209,0.195585,4980.703125


