Backup ID, Logical chunk num, Unique chunk num, Base chunk num, Delta chunk num, Logical chunk size, Unique chunk size, Base chunk size, Delta chunk size, LZ4_save size, Delta_save size, 
0,349658,181563,74207,107356,2869463040,1586581660,326093601,91067500,304047501,865373058
1,700527,225166,91318,133848,5748879360,2005085802,411564067,117048293,372146962,1104326480
2,1048641,266111,105002,161109,8606402560,2401076896,480836209,141756045,427644166,1350840476
3,1400928,309641,120075,189566,11506227200,2823542516,554240501,178415416,483010316,1607876283
4,1749773,350273,134450,215823,14379182080,3221877633,628307836,203696306,540885138,1848988353
5,2102412,391624,149378,242246,17284945920,3626123370,706016632,223858774,601834499,2094413465
6,2454706,434179,163723,270456,20191088640,4041790630,779582397,251803172,661627486,2348777575
7,2812109,475940,179592,296348,23129180160,4435403046,855832308,281497727,723549348,2574523663
8,3167314,516183,194546,321637,26049710080,4815972298,933632375,302664735,785036373,2794638815
9,3522400,556670,207238,349432,28969748480,5198324110,998345209,337695581,837017208,3025266112
10,3874982,595347,221010,374337,31867842560,5565605388,1075307014,358780778,896067747,3235449849
11,4227381,634533,237228,397305,34764001280,5937267741,1159273516,375237216,962634500,3440122509
12,4585507,676861,252621,424240,37705349120,6332317969,1239832895,400491372,1026076594,3665917108
13,4940662,717180,269002,448178,40626268160,6713959396,1328333412,412717515,1096451577,3876456892
14,5298219,756126,281493,474633,43568435200,7082753289,1396760563,440228347,1150767744,4094996635
15,5655036,794396,297998,496398,46505267200,7445443641,1483654626,450283928,1218802776,4292702311
16,6017260,834554,313252,521302,49483950080,7823476615,1558267832,480381630,1279496172,4505330981
17,6381829,874758,330086,544672,52483553280,8201432140,1649289103,490483128,1351614341,4710045568
18,6746630,914145,344777,569368,55485675520,8572341154,1724349583,517799069,1410968160,4919224342
19,7108426,954067,360391,593676,58467983360,8948973987,1809195765,535347938,1478333237,5126097047
20,7464498,993174,377158,616016,61400565760,9319044274,1895852503,551249313,1546883189,5325059269
21,7815621,1032218,393538,638680,64291246080,9690481972,1979401545,570038692,1613470976,5527570759
22,8163270,1070694,408664,662030,67153766400,10057353438,2063634023,586336698,1679718385,5727664332
23,8509462,1109121,424112,685009,70005688320,10423757412,2148777251,597569947,1746712379,5930697835
24,8857126,1147034,436523,710511,72872611840,10785938053,2217473287,624249863,1800799289,6143415614
25,9205823,1184724,453710,731014,75747768320,11145427019,2315390488,622847999,1875059312,6332129220
26,9553238,1223126,466861,756265,78613667840,11511966758,2382727047,655357489,1928950705,6544931517
27,9900471,1260887,481753,779134,81478348800,11872768927,2466460777,667982924,1994265074,6744060152
28,10248239,1299161,497311,801850,84350238720,12237946237,2548698427,684742103,2059430699,6945075008
29,10596588,1337206,511667,825539,87226378240,12600596594,2629169459,701726482,2122721487,7146979166
30,10946481,1375853,526299,849554,90117150720,12968055455,2710028921,720154996,2186461476,7351410062
31,11291923,1413211,541336,871875,92970352640,13325556050,2790536043,736664515,2249584752,7548770740
32,11633491,1450134,555824,894310,95788369920,13679895037,2868689581,755430258,2310424945,7745350253
33,11980449,1491772,571581,920191,98655385600,14076093037,2955363285,778427876,2377401835,7964900041
34,12328874,1532659,587221,945438,101536942080,14465034928,3041333180,799584128,2444449058,8179668562
35,12678852,1573224,603882,969342,104431165440,14850849290,3126711483,822923914,2512556277,8388657616
36,13027926,1613137,622062,991075,107317770240,15231135114,3221753852,834115099,2586927030,8588339133
37,13379379,1652971,638819,1014152,110227466240,15609136396,3308673087,853096408,2654972226,8792394675
38,13728163,1691563,651947,1039616,113113917440,15977195134,3380520374,879359189,2710798868,9006516703
39,14076885,1730035,668350,1061685,116000757760,16345283035,3466362722,894508511,2778000206,9206411596
40,14428208,1769259,682756,1086503,118909593600,16718145370,3545446392,917382813,2840415126,9414901039
41,14776888,1807925,696513,1111412,121795717120,17086806716,3620918836,941988283,2899625811,9624273786
42,15125521,1846954,711336,1135618,124680949760,17458129194,3702111326,962073315,2963494668,9830449885
43,15474430,1885464,726204,1159260,127569377280,17824633621,3777870925,987732042,3023281392,10035749262
44,15821608,1923538,742783,1180755,130441646080,18187892099,3865729826,1000761745,3091535341,10229865187
45,16170670,1961503,757191,1204312,133332664320,18550291606,3946145071,1018680898,3154471750,10430993887
46,16521828,1999608,775679,1223929,136244039680,18912830265,4051000546,1011888947,3234959620,10614981152
47,16873063,2038050,785285,1252765,139155404800,19278065298,4101590000,1059728849,3276130407,10840616042
48,17225102,2076957,800063,1276894,142071173120,19646653058,4176789976,1086060498,3335413312,11048389272
49,17574419,2115318,816353,1298965,144962355200,20012221789,4267291998,1095391403,3404975900,11244562488
50,17926301,2154337,829224,1325113,147876433920,20382505558,4336961872,1126441551,3460231750,11458870385
51,18271894,2192243,843903,1348340,150738626560,20744929295,4418724168,1141790297,3524669358,11659745472
52,18617702,2229865,858908,1370957,153603604480,21104158522,4497950253,1160852629,3586799150,11858556490
53,18965640,2267172,876936,1390236,156488765440,21459879139,4601243651,1152016132,3664766733,12041852623
54,19314713,2305354,886682,1418672,159383644160,21823151729,4653651271,1197175136,3706389781,12265935541
55,19663418,2344057,905007,1439050,162274867200,22191381180,4756844407,1193298244,3785943676,12455294853
56,20013675,2383448,917321,1466127,165181665280,22565614286,4818938392,1233722701,3836210442,12676742751
57,20362245,2421236,931637,1489599,168073625600,22926259665,4900055261,1250179149,3899921822,12876103433
58,20711122,2460140,946708,1513432,170970521600,23297321455,4983811277,1266568663,3965889072,13081052443
59,21060301,2497568,965883,1531685,173870110720,23653978445,5093831349,1252070094,4050212733,13257864269
60,21409582,2535174,974626,1560548,176770754560,24012391341,5142054710,1301541275,4088642174,13480153182
61,21758839,2573456,989025,1584431,179671726080,24376710915,5222505625,1318923681,4152571368,13682710241
62,22110179,2612534,1004876,1607658,182588170240,24746247844,5309790848,1331582397,4221058984,13883815615
63,22458283,2651107,1018882,1632225,185476454400,25113522953,5387904381,1352197469,4283052731,14090368372
64,22807536,2689545,1033363,1656182,188373995520,25479224907,5468447836,1370152303,4345908553,14294716215
65,23153242,2727239,1054359,1672880,191239946240,25840016130,5585715367,1350629213,4435633011,14468038539
66,23501375,2764639,1062679,1701960,194128947200,26197711913,5631831020,1399450656,4472031525,14694398712
67,23849800,2802055,1077188,1724867,197020743680,26555483219,5710356099,1417707358,4533884390,14893535372
68,24197521,2840113,1090967,1749146,199907051520,26919495546,5787602214,1439324055,4594431812,15098137465
69,24546857,2878491,1109281,1769210,202809763840,27285992635,5887300315,1439909490,4672620280,15286162550
70,24897909,2916854,1121781,1795073,205728215040,27651087447,5957177479,1467427790,4727489461,15498992717
71,25251386,2955664,1135147,1820517,208668569600,28019890005,6031912753,1491145714,4786334393,15710497145
72,25602695,2993999,1155045,1838954,211589539840,28385267946,6141321167,1480246082,4870057568,15893643129
73,25952879,3031642,1164286,1867356,214500464640,28744357655,6191990825,1525584920,4910239621,16116542289
74,26306780,3069665,1190847,1878818,217447301120,29106010902,6336347163,1478893498,5021116410,16269653831
75,26661969,3108343,1194439,1913904,220407265280,29473586437,6351818212,1564795883,5034985895,16521986447
76,27016854,3147052,1212385,1934667,223364904960,29841213287,6447942967,1570298702,5110643318,16712328300
77,27372834,3185939,1234237,1951702,226333276160,30210618529,6573022836,1543283569,5206208280,16888103844
78,27727488,3224888,1241067,1983821,229288622080,30580456393,6608814859,1605981690,5235275170,17130384674
79,28083712,3263563,1260866,2002697,232259921920,30947402258,6721654024,1589573497,5321787995,17314386742
80,28435875,3301590,1269969,2031621,235194050560,31309801095,6771053987,1638550460,5361741400,17538455248
81,28788926,3339470,1285529,2053941,238136698880,31670932755,6860138674,1646311253,5431143541,17733339287
82,29143842,3378802,1300070,2078732,241094256640,32043527381,6939456095,1670221476,5493280489,17940569321
83,29499437,3417432,1316646,2100786,244057620480,32411265351,7028068334,1683826071,5562421438,18136949508
84,29855034,3456001,1331294,2124707,247020236800,32778427332,7109918016,1701214584,5627034974,18340259758
