Backup ID, FPindex, SFindex, Deltaindex
0,14525040,13223936,3737728
1,18013280,14700928,4705312
2,21288880,15479744,5685568
3,24771280,17285376,6637728
4,28021840,18028736,7583552
5,31329920,18739648,8493600
6,34734320,19466560,9443712
7,38075200,20859200,10321248
8,41294640,21567488,11206208
9,44533600,22222336,12159904
10,47627760,22712576,13018688
11,50762640,23232896,13789184
12,54148880,23985344,14690592
13,57374400,24553728,15483808
14,60490080,24984768,16373536
15,63551680,25358400,17099808
16,66764320,25822016,17943520
17,69980640,26368640,18725728
18,73131600,26892160,19557728
19,76325360,27334208,20368288
20,79453920,27835584,21112032
21,82577440,28210112,21871872
22,85655520,28731200,22644928
23,88729680,29140864,23408192
24,91762720,29470464,24256416
25,94777920,29756928,24932672
26,97850080,30114112,25773344
27,100870960,30488256,26527072
28,103932880,30829952,27279648
29,106976480,31148032,28060064
30,110068240,31506112,28853760
31,113056880,31811200,29594304
32,116010720,32064768,30333696
33,119341760,32491712,31189664
34,122612720,32915328,32023008
35,125857920,33265472,32827616
36,129050960,33706880,33552512
37,132237680,34283008,34330560
38,135325040,34674240,35177536
39,138402800,35060096,35911552
40,141540720,35466304,36736960
41,144634000,35854400,37566272
42,147756320,36250880,38369152
43,150837120,36626880,39160032
44,153883040,37008832,39875456
45,156920240,37317824,40658176
46,159968640,37635264,41306720
47,163044000,38032128,42276192
48,166156560,38418368,43076192
49,169225440,38759872,43805824
50,172346960,39146432,44679648
51,175379440,39469888,45449152
52,178389200,39781696,46197312
53,181373760,40087488,46838624
54,184428320,40418496,47789216
55,187524560,40802048,48457856
56,190675840,41199424,49359968
57,193698880,41473408,50134944
58,196811200,41852928,50919360
59,199805440,42120128,51521216
60,202813920,42412480,52483648
61,205876480,42711168,53269920
62,209002720,43149440,54041888
63,212088560,43488192,54852000
64,215163600,43848128,55640384
65,218179120,44115712,56188992
66,221171120,44352512,57157312
67,224164400,44596672,57910080
68,227209040,44879616,58707072
69,230279280,45209280,59364192
70,233348320,45513088,60215008
71,236453120,45861376,61055424
72,239519920,46147392,61663296
73,242531360,46430336,62606976
74,245573200,46736384,62427392
75,248667440,47035392,63640928
76,251764160,47430656,64328800
77,254875120,47748736,64886144
78,257991040,48092608,65966464
79,261085040,48427200,66587072
80,264127200,48672064,67547232
81,267157600,48957440,68278432
82,270304160,49246464,69095296
83,273394560,49670336,69824064
84,276480080,49970560,70612672
