Backup ID, Online Delta_save, Offline Delta_save, Offline delta time, Offline dedelta time, Offline delete time, Offline Delta chunk num
0,8209543,857163515,107307,1008,213,106299
1,35496595,1068829885,176889,46943,432,129946
2,107399856,1243440620,259148,109564,680,149584
3,144393726,1463482557,366014,191565,976,174449
4,196991637,1651996716,487550,292170,1252,195380
5,260935260,1833478205,626756,411295,1569,215461
6,321841072,2026936503,776287,538721,1914,237566
7,345148215,2229375448,935561,674987,2335,260574
8,382269668,2412369147,1106711,825980,2742,280731
9,418242684,2607023428,1305182,1001467,3194,303715
10,446604389,2788845460,1511087,1186679,3662,324408
11,469387068,2970735441,1730701,1385957,4168,344744
12,497573559,3168343549,1965970,1598419,4728,367551
13,529229243,3347227649,2212912,1825763,5294,387149
14,566072558,3528924077,2464755,2056265,5914,408490
15,592606042,3700096269,2721957,2294804,6534,427153
16,604907057,3900423924,2992510,2541981,7271,450529
17,631352072,4078693496,3274860,2804979,7963,469881
18,645407173,4273817169,3584974,3092182,8722,492792
19,665407150,4460689897,3896453,3382581,9466,513872
20,677831059,4647228210,4218036,3683310,10302,534726
21,692447851,4835122908,4530249,3974580,11141,555669
22,710126932,5017537400,4888673,4312540,11991,576133
23,742485718,5188212117,5245849,4651184,12814,594665
24,775388915,5368026699,5624067,5008374,13645,615693
25,800921295,5531207925,6021545,5389110,14448,632435
26,820221647,5724709870,6432392,5776892,15339,655500
27,847615931,5896444221,6836315,6161865,16206,674450
28,869187466,6075887542,7259104,6564425,17176,694679
29,894154499,6252824667,7708863,6994122,18128,714741
30,917073395,6434336667,8159052,7423814,19126,735238
31,938382560,6610388180,8584182,7829084,20039,755098
32,957530784,6787819469,9050368,8275107,20945,775261
33,974655207,6990244834,9532061,8733629,22178,798432
34,993033124,7186635438,9995887,9175077,23363,820810
35,1000749007,7387908609,10440083,9596261,24671,843822
36,1012376133,7575963000,10896146,10031929,25776,864217
37,1021775633,7770619042,11394481,10508288,27016,886193
38,1051546452,7954970251,11893018,10985495,28126,907523
39,1069355100,8137056496,12396162,11468561,29263,927601
40,1088659596,8326241443,12916623,11967236,30467,949387
41,1110970334,8513303452,13432450,12461431,31624,971019
42,1131051877,8699398008,13960705,12968494,32844,992211
43,1145642622,8890106640,14450307,13436123,34014,1014184
44,1158384531,9071480656,14971789,13937557,35266,1034232
45,1180435755,9250558132,15501946,14447512,36437,1054434
46,1203706435,9411274717,16036219,14965667,37657,1070552
47,1228264619,9612351423,16566412,15470595,38911,1095817
48,1243760221,9804629051,17131346,16013163,40182,1118183
49,1263304020,9981258468,17715506,16578284,41424,1137222
50,1284468918,10174401467,18269108,17108947,42689,1160161
51,1310668661,10349076811,18815752,17636107,43806,1179645
52,1329029947,10529526543,19389551,18189391,44953,1200160
53,1358880243,10682972380,19958116,18742889,46047,1215227
54,1384339461,10881596080,20547468,19307487,47213,1239981
55,1408012466,11047282387,21142154,19885405,48396,1256749
56,1424693414,11252049337,21764143,20482233,49591,1281910
57,1447304362,11428799071,22396590,21094713,50736,1301877
58,1470144701,11610907742,23045548,21723241,52003,1322307
59,1496677682,11761186587,23671150,22334467,53208,1336683
60,1516316808,11963836374,24335860,22973394,54406,1362466
61,1540804441,12141905800,24980809,23597996,55548,1382813
62,1563154351,12320661264,25651117,24248388,56799,1402729
63,1588017068,12502351304,26335890,24912265,57962,1423625
64,1612126587,12682589628,27032120,25588089,59220,1444031
65,1633975366,12834063173,27732576,26274369,60388,1458207
66,1663559350,13030839362,28451883,26968785,61578,1483098
67,1686008078,13207527294,29166125,27662741,62745,1503384
68,1706948232,13391189233,29912107,28387578,63960,1524529
69,1724217049,13561945501,30671276,29128685,65193,1542591
70,1751899602,13747093115,31429349,29864832,66511,1564517
71,1778889243,13931607902,32207196,30621052,67840,1586144
72,1801946135,14091696994,32966689,31364825,69083,1601864
73,1829080793,14287461496,33759665,32133371,70348,1626294
74,1851774447,14417879384,34535523,32900390,71186,1635133
75,1866657546,14655328901,35319339,33651656,72730,1667683
76,1879950580,14832377720,36142200,34455290,74032,1686910
77,1908766895,14979336949,36949284,35249432,75277,1699852
78,1936019302,15194365372,37783796,36055817,76626,1727979
79,1968577312,15345809430,38610125,36867755,77833,1742370
80,1989687677,15548767571,39461784,37693674,79119,1768110
81,2015136181,15718203106,40328910,38542227,80402,1786683
82,2028786556,15911782765,41151862,39342767,81926,1809095
83,2040082934,16096866574,42057515,40227637,83282,1829878
84,2062683416,16277576342,42958897,41108525,84641,1850372
