BackupID, OnlineSpeed(MB/s), Encalve ProcessTime(s), BackupSize, OnlineSize, OfflineSize, OfflineTime(s)
0, 154.719, 17.6871, 2869463040, 834323475, 417161101, 201.387
1, 310.433, 8.84578, 2879416320, 640067271, 528612360, 79.1656
2, 308.148, 8.84364, 2857523200, 716572333, 622592254, 84.7636
3, 307.485, 8.9939, 2899824640, 842721325, 732655917, 104.754
4, 317.361, 8.63327, 2872954880, 931352522, 832004142, 109.87
5, 312.066, 8.88001, 2905763840, 1027751595, 929875406, 121.073
6, 310.398, 8.92892, 2906142720, 1132901412, 1031385569, 132.266
7, 312.016, 8.98024, 2938091520, 1243289657, 1137330035, 140.005
8, 316.925, 8.78831, 2920529920, 1335274758, 1236297110, 144.975
9, 315.754, 8.81942, 2920038400, 1435786463, 1336040790, 163.372
10, 318.002, 8.69125, 2898094080, 1532143423, 1434087792, 170.863
11, 317.902, 8.6882, 2896158720, 1634939670, 1534510732, 180.671
12, 311.737, 8.99825, 2941347840, 1746141470, 1640324267, 188.437
13, 309.452, 9.00173, 2920919040, 1841783041, 1741050927, 198.581
14, 316.519, 8.86478, 2942167040, 1932930261, 1836988910, 201.868
15, 316.083, 8.86092, 2936832000, 2030899612, 1933938554, 203.756
16, 317.832, 8.93772, 2978682880, 2143360445, 2038649462, 213.847
17, 311.727, 9.17675, 2999603200, 2240903156, 2139772231, 222.893
18, 322.554, 8.87617, 3002122240, 2344530745, 2242148652, 235.839
19, 321.03, 8.85944, 2982307840, 2446941491, 2344543703, 240.151
20, 317.652, 8.80438, 2932582400, 2549663059, 2447101816, 244.468
21, 316.32, 8.71513, 2890680320, 2651779514, 2549440237, 236.669
22, 318.94, 8.55932, 2862520320, 2750501329, 2649970721, 266.392
23, 307.601, 8.84199, 2851921920, 2842727833, 2746347198, 271.822
24, 314.203, 8.70173, 2866923520, 2937103814, 2841723150, 281.011
25, 323.023, 8.48845, 2875156480, 3034760530, 2938238487, 291.002
26, 315.462, 8.66391, 2865899520, 3137943596, 3038084536, 305.537
27, 320.04, 8.53635, 2864680960, 3230811131, 3134443701, 299.974
28, 315.742, 8.67431, 2871889920, 3332440115, 3233440530, 309.925
29, 312.287, 8.78327, 2876139520, 3428356999, 3330895941, 332.574
30, 318.553, 8.65431, 2890772480, 3529478359, 3430183917, 334.776
31, 317.491, 8.57041, 2853201920, 3624220979, 3527200558, 315.552
32, 308.81, 8.70268, 2818017280, 3721039707, 3624119839, 337.177
33, 309.028, 8.84774, 2867015680, 3843469524, 3733791161, 359.721
34, 311.306, 8.82755, 2881556480, 3948043772, 3840917308, 341.203
35, 313.101, 8.81552, 2894223360, 4058363178, 3949635397, 328.735
36, 315.912, 8.71407, 2886604800, 4162112757, 4055868951, 332.089
37, 316.629, 8.76388, 2909696000, 4267672296, 4161769495, 359.195
38, 316.631, 8.69383, 2886451200, 4357990452, 4259879563, 360.036
39, 309.655, 8.89089, 2886840320, 4461871628, 4360871233, 368.644
40, 316.952, 8.75237, 2908835840, 4564788571, 4462829205, 375.39
41, 318.178, 8.65058, 2886123520, 4662986593, 4562907119, 372.913
42, 312.684, 8.79984, 2885232640, 4765466021, 4664184641, 376.421
43, 319.91, 8.6106, 2888427520, 4867023231, 4765602967, 355.581
44, 320.417, 8.54888, 2872268800, 4967389180, 4866491571, 369.377
45, 319.182, 8.63797, 2891018240, 5063164391, 4964825969, 378.612
46, 312.713, 8.87875, 2911375360, 5160957326, 5062889493, 378.223
47, 321.802, 8.62795, 2911365120, 5259751696, 5161318849, 387.25
48, 320.659, 8.67181, 2915768320, 5364383135, 5262850474, 404.276
49, 318.027, 8.66986, 2891182080, 5462519974, 5362683401, 413.446
50, 320.946, 8.65903, 2914078720, 5564128443, 5463403423, 398.113
51, 317.993, 8.58384, 2862192640, 5657627828, 5560514465, 392.09
52, 319.555, 8.55019, 2864977920, 5757095426, 5658802882, 407.948
53, 319.11, 8.62242, 2885160960, 5847717853, 5753259783, 399.83
54, 322.759, 8.55367, 2894878720, 5948398141, 5850826407, 420.464
55, 322.799, 8.54181, 2891223040, 6049473143, 5950142651, 421.904
56, 315.398, 8.78934, 2906798080, 6155187154, 6052661093, 446.378
57, 322.357, 8.55569, 2891960320, 6247816114, 6150234410, 456.474
58, 317.526, 8.7007, 2896896000, 6350533738, 6250379940, 456.952
59, 318.298, 8.68765, 2899589120, 6441425141, 6345901443, 440.769
60, 321.459, 8.60535, 2900643840, 6541302083, 6443595985, 476.584
61, 316.61, 8.73814, 2900971520, 6639269549, 6541429306, 465.213
62, 318.607, 8.72967, 2916444160, 6741318189, 6641373245, 476.289
63, 318.242, 8.65532, 2888284160, 6838837118, 6740101850, 485.748
64, 319.463, 8.64985, 2897541120, 6937103690, 6838600139, 491.14
65, 316.187, 8.64421, 2865950720, 7034089322, 6936344580, 496.643
66, 320.43, 8.59835, 2889000960, 7126221765, 7031281676, 505.771
67, 318.607, 8.6559, 2891796480, 7224848376, 7128063457, 509.977
68, 321.783, 8.5542, 2886307840, 7325797373, 7226926269, 521.824
69, 318.556, 8.68997, 2902712320, 7427499311, 7327209805, 535.111
70, 321.737, 8.6507, 2918451200, 7522004339, 7424605269, 542.773
71, 307.873, 9.10812, 2940354560, 7621516297, 7523058467, 541.456
72, 318.69, 8.74096, 2920970240, 7720076148, 7621567249, 526.603
73, 323.329, 8.58592, 2910924800, 7813586165, 7717575745, 551.283
74, 322.047, 8.72644, 2946836480, 7912905912, 7815240661, 526.689
75, 322.087, 8.76422, 2959964160, 8017990261, 7916614095, 567.33
76, 325.637, 8.66186, 2957639680, 8119876582, 8018241669, 572.752
77, 323.027, 8.76353, 2968371200, 8214374051, 8116306405, 557.396
78, 322.819, 8.7307, 2955345920, 8313290189, 8214796549, 595.379
79, 320.291, 8.84712, 2971299840, 8407669865, 8311227521, 572.148
80, 321.107, 8.71423, 2934128640, 8507985848, 8409604447, 599.884
81, 322.975, 8.689, 2942648320, 8603307624, 8506449927, 598.694
82, 319.648, 8.8239, 2957557760, 8712914064, 8609677571, 577.679
83, 321.172, 8.79929, 2963363840, 8814118252, 8711894405, 619.104
84, 319.868, 8.83293, 2962616320, 8910384814, 8811132600, 634.812
