Backup ID, Ecall, Inline_Ocall, Offline_Ocall, _Inline_FPOcall, _Inline_SFOcall, _Inline_LocalOcall, _Inline_LoadOcall, _Inline_DeltaOcall, _Inline_RecipeOcall, _Inline_Write_ContainerOcall, _inline_have_similar_chunk_num, _inline_need_load_container_num
0,2734,9964,634149,2732,2732,2641,1427,91,341,213,109954,37110,
1,5478,18908,1111983,5474,5474,5141,1803,333,683,270,145470,56385,
2,8200,27703,1655097,8194,8194,7206,2099,988,1022,319,181982,70494,
3,10955,36600,2316291,10947,10947,9608,2393,1339,1366,375,215628,87048,
4,13683,45359,3019844,13673,13673,11968,2634,1705,1706,427,251992,102764,
5,16440,54185,3805769,16428,16428,14286,2851,2142,2050,478,289262,117810,
6,19195,62983,4640233,19181,19181,16629,3046,2552,2394,530,327652,133211,
7,21990,72980,5563787,21974,21974,19109,4315,2865,2743,584,361812,150044,
8,24768,81902,6524584,24750,24750,21502,4563,3248,3089,635,397859,165750,
9,27545,90813,7611917,27525,27525,23924,4803,3601,3435,687,434322,181798,
10,30302,99702,8714093,30280,30280,26368,5083,3912,3779,737,469993,197928,
11,33058,108553,9907970,33034,33034,28828,5328,4206,4123,789,505848,214709,
12,35858,117526,11180353,35832,35832,31324,5558,4508,4472,843,543754,231809,
13,38635,126455,12504027,38607,38607,33804,5816,4803,4818,894,580626,248579,
14,41431,135455,13875796,41401,41401,36211,6085,5190,5167,943,616866,264483,
15,44221,144451,15260583,44189,44189,38664,6369,5525,5515,993,652744,280716,
16,47053,153626,16759341,47019,47019,41285,6701,5734,5868,1047,689337,299843,
17,49904,162905,18307453,49868,49868,43820,7077,6048,6224,1099,726251,317575,
18,52757,172039,19954223,52718,52718,46463,7304,6256,6580,1152,762779,336657,
19,55586,181104,21629271,55545,55545,49070,7535,6476,6933,1205,799663,355064,
20,58370,190014,23366901,58327,58327,51669,7752,6659,7280,1258,835872,374077,
21,61116,198868,25089791,61071,61071,54202,8032,6870,7622,1311,871912,392837,
22,63835,207526,26984635,63787,63787,56749,8202,7040,7961,1363,907698,411440,
23,66542,216236,28865972,66492,66492,59159,8459,7335,8299,1412,943619,427497,
24,69261,224979,30834227,69209,69209,61567,8712,7644,8638,1461,979407,443389,
25,71988,233716,32838431,71934,71934,64041,8934,7895,8978,1510,1015187,460037,
26,74705,242429,34979977,74649,74649,66524,9163,8127,9317,1561,1051242,476771,
27,77420,251156,37050211,77362,77362,68968,9412,8396,9656,1610,1086730,493058,
28,80139,259876,39274068,80079,80079,71423,9642,8658,9995,1661,1122757,509477,
29,82863,268636,41585327,82801,82801,73908,9896,8895,10335,1711,1158736,526323,
30,85599,277406,43935136,85535,85535,76406,10123,9131,10676,1762,1194981,543741,
31,88300,286098,46153181,88234,88234,78849,10381,9387,11013,1812,1230428,560136,
32,90971,294678,48478815,90903,90903,81277,10621,9628,11346,1862,1265627,576445,
33,93684,303289,51065838,93614,93614,83845,10761,9771,11684,1918,1304536,595431,
34,96409,311952,53577373,96337,96337,86419,10915,9920,12024,1973,1342683,613799,
35,99146,320621,56099594,99072,99072,89043,11038,10031,12365,2029,1380069,634510,
36,101876,329310,58584043,101800,101800,91613,11203,10189,12705,2084,1417101,653628,
37,104624,338069,61257353,104546,104546,94222,11381,10326,13048,2139,1453777,673203,
38,107351,346821,63882849,107271,107271,96672,11618,10601,13388,2189,1489986,690446,
39,110078,355520,66545713,109996,109996,99179,11802,10819,13728,2241,1526053,707789,
40,112825,364295,69305549,112741,112741,101744,11999,10999,14071,2293,1562713,725704,
41,115552,373033,72032106,115466,115466,104259,12222,11209,14411,2344,1598903,743563,
42,118278,381734,74832484,118190,118190,106799,12411,11393,14751,2396,1635413,761554,
43,121006,390419,77470171,120916,120916,109336,12578,11582,15091,2448,1671312,779844,
44,123721,399075,80266908,123629,123629,111888,12756,11743,15430,2500,1707039,798015,
45,126451,407831,83048265,126357,126357,114406,12988,11953,15770,2550,1742909,815430,
46,129197,416614,85861015,129101,129101,116937,13197,12166,16112,2600,1778930,832554,
47,131944,425400,88700761,131846,131846,119451,13405,12397,16455,2650,1814803,849780,
48,134697,434227,91671465,134597,134597,122010,13636,12589,16798,2702,1851258,867301,
49,137429,442976,94693229,137327,137327,124548,13854,12781,17139,2753,1887375,885463,
50,140181,451771,97667698,140077,140077,127097,14056,12982,17482,2805,1923913,902825,
51,142883,460440,100525487,142777,142777,129541,14288,13238,17819,2855,1959596,919393,
52,145587,469080,103478766,145479,145479,132017,14485,13464,18156,2906,1995206,936167,
53,148308,477839,106382679,148198,148198,134438,14748,13762,18495,2954,2030422,952064,
54,151038,486576,109391741,150926,150926,136928,14961,14000,18835,3004,2066411,968934,
55,153765,495306,112446174,153651,153651,139414,15176,14239,19175,3055,2102624,985845,
56,156504,504094,115586484,156388,156388,141939,15411,14451,19517,3108,2139533,1003087,
57,159230,512839,118719718,159112,159112,144431,15644,14683,19857,3158,2175385,1020035,
58,161958,521571,122010679,161838,161838,146942,15858,14898,20197,3209,2211936,1037320,
59,164688,530367,125194035,164566,164566,149399,16130,15169,20537,3258,2247255,1053919,
60,167419,539094,128484212,167295,167295,151943,16329,15354,20878,3308,2283036,1071324,
61,170150,547845,131686037,170024,170024,154450,16552,15576,21219,3358,2319124,1088363,
62,172897,556645,135033059,172769,172769,156972,16774,15799,21562,3409,2355487,1105965,
63,175619,565376,138414145,175489,175489,159450,17006,16041,21901,3460,2391828,1122665,
64,178350,574113,141869264,178218,178218,161945,17215,16275,22242,3511,2428050,1139640,
65,181053,582786,145287909,180919,180919,164381,17448,16540,22579,3561,2463998,1155914,
66,183775,591551,148792485,183639,183639,166810,17714,16831,22918,3610,2499783,1172091,
67,186500,600313,152274463,186362,186362,169255,17967,17109,23258,3660,2535579,1188330,
68,189219,608991,155891037,189079,189079,171785,18155,17296,23597,3711,2571619,1205107,
69,191951,617760,159551891,191809,191809,174301,18393,17510,23938,3763,2607937,1222312,
70,194696,626549,163277876,194552,194552,176792,18611,17762,24280,3813,2644306,1239347,
71,197460,635412,167084346,197314,197314,179303,18843,18013,24625,3863,2680892,1256506,
72,200207,644220,170793919,200059,200059,181773,19073,18288,24968,3914,2717289,1273013,
73,202945,653032,174633680,202795,202795,184239,19336,18558,25309,3963,2753070,1289592,
74,205712,661904,178155518,205560,205560,186720,19568,18842,25654,4013,2789029,1306031,
75,208489,670747,182112059,208335,208335,189343,19740,18994,26000,4065,2825175,1324456,
76,211264,679589,186074223,211108,211108,191938,19917,19172,26346,4117,2861667,1342709,
77,214048,688518,189969575,213890,213890,194441,20153,19451,26693,4167,2898536,1359430,
78,216821,697414,194038388,216661,216661,196955,20390,19708,27039,4217,2935325,1375927,
79,219606,706354,198022404,219444,219444,199417,20634,20029,27386,4266,2971851,1392406,
80,222360,715161,202105865,222196,222196,201973,20842,20225,27729,4316,3007972,1409650,
81,225121,724011,206239577,224955,224955,204482,21071,20475,28073,4366,3044114,1426486,
82,227896,732865,210387634,227728,227728,207120,21260,20610,28419,4419,3080731,1445701,
83,230677,741721,214696392,230507,230507,209741,21432,20768,28766,4472,3117171,1464895,
84,233458,750637,219020421,233286,233286,212294,21664,20994,29113,4523,3153732,1482338,
