Backup ID, Logical chunk num, Unique chunk num, Base chunk num, Delta chunk num, Logical chunk size, Unique chunk size, Base chunk size, Delta chunk size, LZ4_save size, Delta_save size, 
0,24641,24495,24461,34,208250880,207122891,100522795,132661,106250527,216908
1,49838,39626,31436,8190,420976640,343883169,130445276,1751231,137248341,74438321
2,75769,54678,37459,17219,640409600,480951594,155755379,3858107,164226953,157111155
3,102154,69374,43225,26149,864501760,615776387,180428681,6251655,189836328,239259723
4,128934,85204,49893,35311,1092659200,760639837,208914257,8959157,219641169,323125254
5,156457,101934,57217,44717,1326612480,913110906,240177572,12085245,252096181,408751908
6,184290,118788,64086,54702,1563217920,1067086366,269551303,15504355,282376642,499654066
7,212510,136407,71609,64798,1803356160,1227283855,301721464,19181095,315673785,590707511
8,241451,155151,79421,75730,2049822720,1397466120,335113031,23197928,349911899,689243262
9,270745,172102,85269,86833,2300139520,1554665685,360189530,27142020,376357677,790976458
10,300593,189672,91569,98103,2554542080,1715971804,386794131,31074859,404559046,893543768
11,331389,208165,98819,109346,2817464320,1885698253,417349349,35019293,436840115,996489496
12,362473,226816,106310,120506,3082168320,2056620195,449371656,38886146,470107011,1098255382
13,394467,248136,115982,132154,3355002880,2249505687,490840359,43088368,512878076,1202698884
14,427730,269719,126405,143314,3639654400,2446105951,535595642,47073553,559566128,1303870628
15,461573,291289,135784,155505,3929231360,2642868685,575601137,51758623,601375291,1414133634
16,495907,313484,147351,166133,4223057920,2845343213,625226332,56131868,653806568,1510178445
17,533891,338250,162002,176248,4533319680,3055374134,682042757,60100742,714733567,1598497068
18,573226,363914,174974,188940,4869498880,3288730076,737056552,65368364,774250917,1712054243
19,614460,390057,187080,202977,5222645760,3527677934,788381885,70485881,829188594,1839621574
20,657190,416136,198210,217926,5588357120,3767058441,835048398,75915718,879555814,1976538511
21,701984,444128,210559,233569,5970749440,4022803683,886473377,81558752,935954514,2118817040
22,748244,472329,222141,250188,6365849600,4281805935,935115185,87166627,988752901,2270771222
23,795533,500237,232363,267874,6770524160,4539452538,977953036,93267748,1035114198,2433117556
24,843831,528928,243014,285914,7183421440,4803542209,1022138265,99231156,1083386998,2598785790
25,892453,557325,253308,304017,7597076480,5064122709,1064488008,105001966,1129531543,2765101192
26,943081,588339,265984,322355,8028426240,5347599334,1116763639,111166426,1187478197,2932191072
27,994732,617593,276121,341472,8468920320,5618093235,1158880491,116939642,1233339966,3108933136
28,1047519,648825,286938,361887,8918517760,5905656166,1204033303,123783104,1282854451,3294985308
29,1100481,678191,296400,381791,9369497600,6177498332,1243574144,133071355,1324939604,3475913229
30,1161683,730293,336635,393658,9891061760,6631310292,1407248129,144391155,1507988556,3571682452
31,1224165,764459,348770,415689,10425190400,6949135668,1457996333,150292836,1564642208,3776204291
32,1287906,799067,360439,438628,10969159680,7270247371,1506244281,156911574,1617817386,3989274130
33,1352398,833924,371025,462899,11518976000,7592912324,1549735088,164101066,1665984903,4213091267
34,1418053,869731,382247,487484,12079032320,7925229976,1595603871,172008745,1717390572,4440226788
35,1485051,906885,394439,512446,12650547200,8269312100,1645376582,179985035,1773850984,4670099499
36,1552883,943650,405848,537802,13229209600,8610980264,1691909158,188430988,1826445154,4904194964
37,1620506,980487,417198,563289,13805813760,8953041890,1738206092,195979740,1878832396,5140023662
38,1688546,1017268,427153,590115,14386237440,9294603528,1779265243,203962232,1924077790,5387298263
39,1757006,1054333,438179,616154,14970695680,9640069539,1824877161,212313421,1975137730,5627741227
40,1810412,1083547,446527,637020,15425167360,9911406345,1859856644,223286878,2013516169,5814746654
41,1864540,1113534,455229,658305,15886080000,10189212551,1896284176,232019640,2053438481,6007470254
42,1919273,1143338,463274,680064,16352163840,10465661096,1929922654,239904471,2090881519,6204952452
43,1974837,1173737,471502,702235,16824729600,10747386683,1964366203,249092286,2128641144,6405287050
44,2031182,1204027,479564,724463,17304453120,11028976023,1997930505,257314823,2165849521,6607881174
45,2088613,1233728,486320,747408,17793658880,11306693526,2025935533,265036890,2197061288,6818659815
46,2147190,1264387,493502,770885,18292684800,11593204633,2055768136,274112769,2230697541,7032626187
47,2206496,1294554,499405,795149,18798346240,11876362472,2080418734,282327840,2258269852,7255346046
48,2266715,1323504,503745,819759,19312179200,12150398334,2098288683,290451289,2278425419,7483232943
49,2335940,1359838,513845,845993,19902177280,12489094108,2139847567,307291953,2325456371,7716498217
50,2419066,1426420,560898,865522,20615280640,13077690238,2326581856,325175736,2548691011,7877241635
51,2503193,1471068,575263,895805,21337559040,13492750308,2385723711,333141768,2615369867,8158514962
52,2593570,1520912,594241,926671,22117294080,13956496725,2454003620,342458331,2716252872,8443781902
53,2687808,1568890,609271,959619,22935326720,14407514754,2511147938,352775552,2794487288,8749103976
54,2782874,1615142,623571,991571,23760384000,14838437071,2568511188,365014375,2860644055,9044267453
55,2878878,1662942,637416,1025526,24594739200,15284296250,2625030091,377456183,2925391517,9356418459
56,2975128,1710128,650975,1059153,25430681600,15725714597,2679606774,389551622,2989529190,9667027011
57,3070965,1757037,665305,1091732,26264494080,16164609531,2737524744,400293057,3057666050,9969125680
58,3166442,1803100,678077,1125023,27094425600,16595252208,2789584502,410409447,3117698653,10277559606
59,3262959,1849992,691622,1158370,27933890560,17033027647,2844800982,421381684,3180770575,10586074406
60,3332759,1886832,700433,1186399,28529817600,17377600787,2881378805,435484044,3221752323,10838985615
61,3430872,1934164,714128,1220036,29384591360,17821510252,2936769057,447029819,3287476985,11150234391
62,3504712,1972423,723829,1248594,30015549440,18178220181,2976851281,457268460,3332029057,11412071383
63,3579605,2009807,732224,1277583,30656389120,18529206646,3011601048,467422350,3371246199,11678937049
64,3655420,2047926,740502,1307424,31304744960,18886528805,3045486173,478452874,3409844028,11952745730
65,3732183,2085663,747748,1337915,31962798080,19242462056,3075706902,489073456,3443707154,12233974544
66,3809922,2124329,755731,1368598,32629002240,19606090117,3109016912,499596914,3481082092,12516394199
67,3888789,2162403,762268,1400135,33305978880,19966345083,3136252788,509710572,3511404712,12808977011
68,3968924,2200450,768770,1431680,33992949760,20325995601,3163139263,520039314,3541389114,13101427910
69,4050053,2237353,773701,1463652,34688532480,20677381896,3183475053,529971480,3564453825,13399481538
70,4149217,2284535,787824,1496711,35551836160,21119663880,3240293372,555413162,3632142682,13691814664
71,4265450,2371143,850415,1520728,36571084800,21893659608,3477584859,599149358,3945613834,13871311557
72,4386386,2425654,867975,1557679,37635307520,22408755401,3543573305,609141625,4036345070,14219695401
73,4508081,2477154,881650,1595504,38705633280,22895215145,3598524081,620213508,4101263967,14575213589
74,4632072,2531806,897245,1634561,39797422080,23410168790,3659414412,632001877,4177845275,14940907226
75,4732223,2578458,908096,1670362,40669081600,23848856535,3703923303,645926131,4228778467,15270228634
76,4832181,2625447,921848,1703599,41540311040,24291221580,3759810697,665876151,4294052284,15571482448
77,4936619,2671964,932694,1739270,42453647360,24729783746,3803857952,680881001,4344847018,15900197775
78,5043629,2718584,942607,1775977,43391784960,25170334985,3843824212,695333896,4391629943,16239546934
79,5152164,2765822,952626,1813196,44339476480,25614745161,3883424341,709081241,4438686444,16583553135
80,5261707,2811976,960870,1851106,45297090560,26053001409,3916689837,721175784,4477640277,16937495511
81,5372102,2858319,968937,1889382,46262865920,26494109032,3949471228,733724906,4515777667,17295135231
82,5484739,2905801,977056,1928745,47246745600,26944336428,3981784343,746451838,4553789375,17662310872
83,5615274,2974727,1035866,1938861,48257761280,27443678836,4170490598,755838757,4771857321,17745492160
84,5746948,3029093,1053332,1975761,49277388800,27828197717,4221905902,765477603,4833410181,18007404031
85,5878524,3079049,1060109,2018940,50296289280,28176859675,4239475164,775016480,4856199439,18306168592
86,6010103,3128955,1065642,2063313,51315240960,28525163481,4253619342,784604205,4875050250,18611889684
87,6141701,3178812,1070205,2108607,52334305280,28872958077,4265280832,794103079,4890580737,18922993429
88,6273302,3228688,1074285,2154403,53353441280,29220978790,4276095419,802689050,4904892959,19237301362
89,6404919,3278502,1079144,2199358,54372648960,29568467799,4288919957,811191143,4922057840,19546298859
90,6536540,3328324,1082667,2245657,55391866880,29916062621,4298012887,818915374,4934244494,19864889866
91,6668160,3378140,1085635,2292505,56411105280,30263561394,4305621371,829619980,4944575263,20183744780
92,6804565,3431960,1095814,2336146,57475010560,30644138614,4336784898,835907734,4981489491,20489956491
93,6940979,3482283,1099445,2382838,58538915840,30995265413,4346037384,842266347,4993745787,20813215895
94,7077386,3532627,1102717,2429910,59602872320,31346808615,4354530453,847639310,5005116846,21139522006
95,7213812,3582970,1105986,2476984,60666920960,31698289312,4362879453,852355502,5016379147,21466675210
96,7350241,3633269,1109772,2523497,61731000320,32049460760,4372658590,856074989,5029753672,21790973509
97,7486674,3683528,1112434,2571094,62795130880,32400320490,4379417328,859375397,5039014601,22122513164
98,7623116,3733785,1114909,2618876,63859322880,32751090403,4385698421,863071489,5047629779,22454690714
99,7759591,3784184,1118040,2666144,64923535360,33102591715,4393614782,878945085,5058359538,22771672310
100,7896734,3837918,1127276,2710642,65993605120,33482551991,4421644827,897198926,5091889756,23071818482
101,8033918,3888530,1131278,2757252,67063715840,33836062449,4432097362,901988800,5106059503,23395916784
102,8171098,3939120,1134351,2804769,68133888000,34189542680,4440167226,905726174,5116711537,23726937743
103,8308293,3989691,1137130,2852561,69204070400,34542631238,4447382729,908889417,5126347759,24060011333
104,8445492,4040213,1139993,2900220,70274324480,34895496730,4454487654,912460160,5136194070,24392354846
105,8582680,4090615,1142144,2948471,71344588800,35247383444,4459834945,916320298,5143651632,24727576569
106,8719869,4141100,1145094,2996006,72414894080,35599950429,4466957463,920476495,5153656406,25058860065
107,8857075,4191540,1147074,3044466,73485209600,35952016244,4471819272,924699008,5160518837,25394979127
108,8994276,4241970,1149147,3092823,74555525120,36304049595,4476853356,946456131,5167628986,25713111122
109,9133868,4296766,1158409,3138357,75646996480,36692624072,4505870800,951813152,5201876160,26033063960
110,9273476,4347897,1161574,3186323,76738498560,37049737902,4513976857,955798893,5212515766,26367446386
111,9413087,4398892,1164115,3234777,77830031360,37405820556,4520372026,959341806,5221332369,26704774355
112,9552710,4449914,1166306,3283608,78921687040,37762308541,4526087971,963638492,5229040046,27043542032
113,9692345,4500877,1168593,3332284,80013373440,38118104505,4531860176,968192159,5236940090,27381112080
114,9831983,4551835,1171013,3380822,81105090560,38473884103,4537955501,972500692,5245265132,27718162778
115,9971637,4602922,1175929,3426993,82196858880,38830540205,4552420158,975103977,5263300861,28039715209
116,10111284,4653852,1178156,3475696,83288637440,39186071420,4557965449,996223507,5271019376,28360863088
117,10254480,4719071,1193431,3525640,84415191040,39665633935,4606404265,1007412755,5337789513,28714027402
118,10397681,4770973,1196896,3574077,85541744640,40028724542,4615425341,1011536166,5349543178,29052219857
119,10540871,4822680,1199518,3623162,86668339200,40390617824,4622232652,1015567571,5358688970,29394128631
120,10684073,4874361,1201879,3672482,87794995200,40752012280,4628374649,1020407691,5366769278,29736460662
121,10827281,4926037,1204458,3721579,88921692160,41113288654,4634913920,1024808929,5375764335,30077801470
122,10970483,4977636,1206649,3770987,90048409600,41473895648,4640476841,1029434796,5383409559,30420574452
123,11113686,5029199,1208770,3820429,91175137280,41834152531,4645783004,1033921062,5390660723,30763787742
124,11256922,5081046,1211176,3869870,92301875200,42196440001,4651923900,1064008772,5399056861,31081450468
125,11401515,5143663,1223567,3920096,93438638080,42646913920,4692900628,1070935502,5445940260,31437137530
126,11546098,5195868,1226802,3969066,94575441920,43011697796,4701261884,1075060438,5456979779,31778395695
127,11690685,5248179,1229096,4019083,95712296960,43377614779,4707174648,1078781018,5464754483,32126904630
128,11835284,5300501,1231684,4068817,96849203200,43743443888,4714204436,1083340347,5473710292,32472188813
129,11979903,5352677,1234180,4118497,97986140160,44107982046,4720431634,1086870663,5482433243,32818246506
130,12124509,5404840,1236258,4168582,99123118080,44472661525,4725611244,1091156499,5489578115,33166315667
131,12269135,5456984,1238066,4218918,100260126720,44837198007,4730197689,1096368292,5495881706,33514750320
132,12413757,5509206,1240360,4268846,101397145600,45202159037,4735853034,1129983600,5503865504,33832456899
133,12560306,5573743,1253421,4320322,102548971520,45669972107,4778620703,1136976092,5555318742,34199056570
134,12706853,5626534,1256400,4370134,103700848640,46039405097,4786565992,1141105748,5565614158,34546119199
135,12853388,5679316,1258996,4420320,104852684800,46408795222,4793278027,1144922493,5574526710,34896067992
136,12999928,5732016,1261254,4470762,106004572160,46777402158,4799184952,1148300867,5582382444,35247533895
137,13146491,5784871,1263389,4521482,107156520960,47147233419,4804571546,1153043956,5589689312,35599928605
138,13293046,5837477,1265303,4572174,108308500480,47515049838,4809350247,1157200853,5596293918,35952204820
139,13439601,5890056,1267465,4622591,109460500480,47882533659,4814571400,1161992195,5603729076,36302240988
140,13586157,5942529,1269286,4673243,110612520960,48249044660,4819073495,1166561969,5609927188,36653482008
141,13732717,5995056,1271284,4723772,111764551680,48616124200,4823986228,1201525879,5616861082,36973751011
142,13880344,6058499,1283358,4775141,112924149760,49073860100,4863797606,1210263212,5663032378,37336766904
143,14027988,6111925,1286669,4825256,114083829760,49447891995,4872314017,1212935300,5674392048,37688250630
144,14175645,6165186,1289244,4875942,115243581440,49820445302,4878912892,1217318171,5683252324,38040961915
145,14323303,6218305,1291413,4926892,116403353600,50191733991,4884303228,1222376245,5690646824,38394407694
146,14470960,6271425,1293572,4977853,117563146240,50563113252,4889841711,1227317069,5698130455,38747824017
147,14618628,6324581,1295782,5028799,118722969600,50934898919,4895383111,1232089672,5705900413,39101525723
148,14766300,6377676,1297955,5079721,119882823680,51306102127,4900879346,1236720654,5713362594,39455139533
149,14913989,6430735,1300195,5130540,121042739200,51676783287,4906411343,1241872446,5721036513,39807462985
150,15061697,6483725,1303380,5180345,122202654720,52046653921,4914635112,1284748106,5732198433,40115072270
151,15215081,6551594,1318943,5232651,123417743360,52542126172,4962763934,1294028143,5800277130,40485056965
152,15368526,6606120,1322951,5283169,124632862720,52923284157,4973346263,1299344973,5813852754,40836740167
153,15521904,6659947,1326065,5333882,125848002560,53299309398,4981780219,1303190687,5825080952,41189257540
154,15675282,6713636,1328142,5385494,127063162880,53674073370,4986990149,1307672984,5832386104,41547024133
155,15828675,6767498,1330596,5436902,128278353920,54050239508,4993261200,1312254256,5840978380,41903745672
156,15982054,6821147,1332549,5488598,129493575680,54424765409,4998109187,1316846132,5847727189,42262082901
157,16135440,6874760,1334622,5540138,130708828160,54798978754,5003213001,1321471271,5854915230,42619379252
158,16288844,6928446,1336978,5591468,131924111360,55173626794,5008928371,1361903364,5863175945,42939619114
159,16447881,6997829,1353577,5644252,133193082880,55683897240,5059051431,1375925428,5938341151,43310579230
160,16606926,7052409,1356655,5695754,134462105600,56065143765,5066903773,1378006822,5949027852,43671205318
161,16765974,7106802,1359100,5747702,135731159040,56444802879,5073008821,1382166890,5957411859,44032215309
162,16925032,7161385,1361905,5799480,137000273920,56826044878,5080433280,1386619722,5967323493,44391668383
163,17084103,7215812,1364345,5851467,138269419520,57205869603,5086576471,1391314359,5975706807,44752271966
164,17243196,7270287,1366313,5903974,139538606080,57586041595,5091525563,1396494013,5982607193,45115414826
165,17402274,7324836,1368095,5956741,140807864320,57967173406,5096059906,1400234612,5988798780,45482080108
166,17561357,7379256,1370112,6009144,142077163520,58347083586,5101102470,1405658656,5995832210,45844490250
167,17720447,7433609,1372367,6061242,143346462720,58726475359,5106424649,1443747361,6003522316,46172781033
168,17886817,7504752,1389837,6114915,144686612480,59254482293,5157755209,1542210051,6088750230,46465766803
169,18053209,7560224,1393453,6166771,146026874880,59642371034,5166970400,1568738942,6101216664,46805445028
170,18219602,7615541,1396103,6219438,147367178240,60028979932,5173700667,1587258951,6110424597,47157595717
171,18386010,7670761,1398450,6272311,148707522560,60414563771,5179568679,1605072696,6118622257,47511300139
172,18552417,7725971,1400563,6325408,150047897600,60800172108,5184867399,1618010143,6126164882,47871129684
173,18718807,7781013,1402479,6378534,151388272640,61184458625,5189602462,1629698777,6132989107,48232168279
174,18885225,7836302,1404736,6431566,152728668160,61570577496,5195016537,1641049517,6140769934,48593741508
175,19051640,7891501,1407325,6484176,154069084160,61956043340,5201480941,1663897280,6149861465,48940803654
176,19220179,7958927,1420259,6538668,155427061760,62443904441,5242751978,1692956154,6201489115,49306707194
177,19388737,8014877,1423266,6591611,156785070080,62834909536,5250604975,1700922200,6211942650,49671439711
178,19557303,8070715,1426171,6644544,158143150080,63225012328,5257791521,1711512918,6221869169,50033838720
179,19725862,8126473,1428538,6697935,159501301760,63614575920,5263823021,1718922752,6230121340,50401708807
180,19894446,8182287,1430981,6751306,160859504640,64004795765,5269805045,1727618974,6238657542,50768714204
181,20063015,8238008,1433169,6804839,162217748480,64394128344,5275349852,1734762900,6246447149,51137568443
182,20231579,8293687,1435031,6858656,163576023040,64783161592,5279982613,1741927909,6252858967,51508392103
183,20400159,8349256,1436775,6912481,164934318080,65171073852,5284205407,1748393293,6258921116,51879554036
184,20568769,8405097,1439624,6965473,166292643840,65560730580,5291475492,1779038311,6268901934,52221314843
185,20738884,8474319,1455309,7019010,167663482880,66060826530,5339314600,1802147417,6332114745,52587249768
186,20909007,8530654,1458631,7072023,169034342400,66453771629,5347212734,1809604974,6343730907,52953223014
187,21079149,8586848,1460931,7125917,170405335040,66846099255,5352915851,1815491882,6351679714,53326011808
188,21249296,8643194,1463472,7179722,171776348160,67239456128,5359301000,1822950437,6360555133,53696649558
189,21419516,8699712,1466717,7232995,173147402240,67633595012,5367538680,1832682765,6371709911,54061663656
190,21589668,8755882,1468841,7287041,174518487040,68025605366,5372827851,1838479122,6379149858,54435148535
191,21759830,8812170,1470717,7341453,175889612800,68418780233,5377483057,1844581659,6385672795,54811042722
192,21930000,8868495,1472908,7395587,177260769280,68811767293,5382985289,1850657957,6393361328,55184762719
193,22100177,8924695,1475207,7449488,178631946240,69203938386,5388506397,1883884793,6401379632,55530167564
194,22271074,8992244,1489051,7503193,180008775680,69690705773,5433177899,1900197495,6454752805,55902577574
195,22441790,9048642,1492164,7556478,181384151040,70084352759,5441073674,1906848284,6465424710,56271006091
196,22612511,9105227,1494927,7610300,182759546880,70479646678,5448168120,1914522823,6475002630,56641953105
197,22783370,9163082,1499744,7663338,184135034880,70884113696,5461160902,1926292556,6492276735,57004383503
198,22954098,9219404,1501645,7717759,185510543360,71277231023,5465811812,1930882964,6498925449,57381610798
199,23124824,9275749,1503616,7772133,186886082560,71670617640,5470857914,1936413387,6505866847,57757479492
200,23295551,9332065,1505633,7826432,188261662720,72063721272,5475913352,1942214638,6512920144,58132673138
201,23466280,9388353,1507970,7880383,189637253120,72456450053,5481679044,1977582174,6521095925,58476092910
202,23639562,9457474,1521663,7935811,191035084800,72958078126,5524759378,1994139582,6578057578,58861121588
203,23812842,9514409,1525253,7989156,192432936960,73355640238,5533462205,1998762558,6590333832,59233081643
204,23986132,9571470,1528010,8043460,193830850560,73754512241,5540279793,2004861244,6599935806,59609435398
205,24159416,9628351,1530483,8097868,195228815360,74151741452,5546513370,2011027734,6608564901,59985635447
206,24332721,9685313,1532584,8152729,196626831360,74549606383,5551792787,2016771976,6615854282,60365187338
207,24506020,9742188,1534404,8207784,198024888320,74946933668,5556303947,2021887582,6622321007,60746421132
208,24679332,9799081,1537036,8262045,199422986240,75344383951,5563027462,2027582960,6631660537,61122112992
209,24852683,9856049,1539261,8316788,200821135360,75742099691,5568431019,2067452567,6639404216,61466811889
