Backup ID, FPindex, SFindex, Deltaindex
0,1959600,4687040,1728
1,3170080,6024896,522144
2,4374240,7180544,938848
3,5549920,8287104,1320704
4,6816320,9564800,1710848
5,8154720,10969664,2117216
6,9503040,12288128,2551392
7,10912560,13732096,2983296
8,12412080,15230784,3462848
9,13768160,16351552,3939040
10,15173760,17556352,4403392
11,16653200,18939008,4864480
12,18145280,20369280,5333760
13,19850880,22219264,5828640
14,21577520,24208768,6306592
15,23303120,26001344,6842656
16,25078720,28213568,7301472
17,27060000,31013696,7752608
18,29113120,33484736,8310752
19,31204560,35797632,8936352
20,33290880,37928640,9577728
21,35530240,40286592,10234560
22,37786320,42494912,10936864
23,40018960,44444608,11677792
24,42314240,46482880,12425312
25,44586000,48449344,13164000
26,47067120,50870208,13910528
27,49407440,52808192,14698976
28,51906000,54871232,15524704
29,54255280,56679936,16326112
30,58423440,64392192,16812480
31,61156720,66721152,18015200
32,63925360,68957248,18968256
33,66713920,70987008,19940224
34,69578480,73137344,20914304
35,72550800,75472256,21904992
36,75492000,77652416,22909920
37,78438960,79819136,23912704
38,81381440,81718592,24973632
39,84346640,83820480,25979168
40,86683760,85389120,26780192
41,89082720,87033408,27596512
42,91467040,88556352,28437824
43,93898960,90108480,29284064
44,96322160,91627008,30129856
45,98698240,92902400,31000928
46,101150960,94252992,31872928
47,103564320,95368128,32774304
48,105880320,96177472,33662592
49,108787040,98080512,34673152
50,114113600,107068416,35446336
51,117685440,109823040,37001760
52,121672960,113436160,38261472
53,125511200,116312576,39582592
54,129211360,119049152,40828320
55,133035360,121689024,42173088
56,136810240,124273728,43485056
57,140562960,126981312,44755232
58,144248000,129411904,46065792
59,147999360,131993664,47356448
60,150946560,133635520,48402240
61,154733120,136239808,49701792
62,157793840,138067840,50772448
63,160784560,139650240,51856544
64,163834080,141208896,52962624
65,166853040,142566464,54081760
66,169946320,144060160,55197088
67,172992240,145282368,56338752
68,176036000,146497152,57464832
69,178988240,147415872,58593760
70,182762800,150082880,59869120
71,189691440,162018496,60860064
72,194052320,165384640,62830560
73,198172320,168008384,64353888
74,202544480,170978240,65871072
75,206276640,173009152,67219488
76,210035760,175613248,68465952
77,213757120,177669120,69860448
78,217486720,179545600,71222240
79,221265760,181439040,72593856
80,224958080,182995968,73976320
81,228665520,184500032,75353184
82,232464080,186029248,76767488
83,237978160,197302144,77226368
84,242327440,200654848,79443104
85,246323920,201955200,81218464
86,250316400,203016640,82798976
87,254304960,203890048,84366912
88,258295040,204665664,85942112
89,262280160,205504064,87467712
90,266265920,206169728,89035584
91,270251200,206721792,90606720
92,274556800,208644160,92113664
93,278582640,209322816,93813120
94,282610160,209926336,95403968
95,286637600,210522816,96980544
96,290661520,211215040,98540032
97,294682240,211680896,100122912
98,298702800,212111232,101707040
99,302734720,212670720,103275616
100,307033440,214393856,104783808
101,311082400,215123200,106454240
102,315129600,215667008,108052896
103,319175280,216152128,109647296
104,323217040,216655552,111231360
105,327249200,217027008,112828512
106,331288000,217564416,114396704
107,335323200,217910208,115992800
108,339357600,218254848,117584544
109,343741280,219968768,119120576
110,347831760,220538432,120839360
111,351911360,220984128,122457056
112,355993120,221369152,124076672
113,360070160,221764672,125682944
114,364146800,222188736,127285184
115,368233760,223061696,128845280
116,372308160,223462400,130450112
117,377525680,226281536,132183520
118,381677840,226920448,133929216
119,385814400,227388160,135574880
120,389948880,227808576,137208032
121,394082960,228274240,138834240
122,398210880,228660416,140464704
123,402335920,229030976,142092480
124,406483680,229451968,143723744
125,411493040,231738368,145441120
126,415669440,232334656,147171616
127,419854320,232741888,148836448
128,424040080,233198464,150485504
129,428214160,233634304,152128096
130,432387200,233995456,153777632
131,436558720,234302912,155431552
132,440736480,234709888,157071488
133,445899440,237099904,158834752
134,450122720,237632384,160603712
135,454345280,238087808,162276896
136,458561280,238469952,163947200
137,462789680,238842048,165619008
138,466998160,239171712,167285024
139,471204480,239543296,168936416
140,475402320,239848896,170597568
141,479604480,240196800,172248640
142,484679920,242430144,173998624
143,488954000,243025920,175772768
144,493214880,243482816,177458048
145,497464400,243851648,179144512
146,501714000,244225856,180818976
147,505966480,244610176,182492128
148,510214080,244969664,184163744
149,514458800,245352192,185831680
150,518698000,245925504,187471296
151,524127520,248812480,189271904
152,528489600,249541312,191088768
153,532795760,250088576,192786272
154,537090880,250454528,194498368
155,541399840,250881344,196197440
156,545691760,251212800,197897216
157,549980800,251569472,199590848
158,554275680,251984896,201277792
159,559826320,255066304,203096064
160,564192720,255616896,204936608
161,568544160,256049536,206663712
162,572910800,256540864,208378112
163,577264960,256969792,210090016
164,581622960,257312640,211814016
165,585986880,257624256,213543872
166,590340480,257973760,215260768
167,594688720,258369920,216968608
168,600380160,261562240,218815456
169,604817920,262210240,220671424
170,609243280,262682752,222429408
171,613660880,263094400,224175744
172,618077680,263452928,225927712
173,622481040,263779328,227672832
174,626904160,264172480,229409888
175,631320080,264625728,231134848
176,636714160,266995264,232996544
177,641190160,267540544,234862400
178,645657200,268056448,236619904
179,650117840,268469632,238384128
180,654582960,268891648,240143840
181,659040640,269274944,241901856
182,663494960,269601920,243663520
183,667940480,269900928,245424288
184,672407760,270394368,247164416
185,677945520,273298112,248998592
186,682452320,273896512,250880768
187,686947840,274300992,252675296
188,691455520,274737152,254454176
189,695976960,275317504,256216640
190,700470560,275680832,257990464
191,704973600,276005824,259774176
192,709479600,276382016,261551680
193,713975600,276774592,263322880
194,719379520,279307264,265158784
195,723891360,279872832,267044480
196,728418160,280361728,268838656
197,733046560,281241728,270607904
198,737552320,281564608,272400352
199,742059920,281909760,274181888
200,746565200,282258880,275961344
201,751068240,282666112,277728704
202,756597920,285194432,279620256
203,761152720,285848960,281504512
204,765717600,286337536,283310624
205,770268080,286773888,285104192
206,774825040,287129792,286910688
207,779375040,287440704,288719776
208,783926480,287904128,290501600
209,788483920,288286080,292297024
