Backup ID, Online Delta_save, Offline Delta_save, Offline delta time, Offline dedelta time, Offline delete time, Offline Delta chunk num
0,216908,0,0,0,0,0
1,74438321,0,0,0,0,0
2,157111155,0,0,0,0,0
3,239259723,0,0,0,0,0
4,323013599,111655,38,25,6,13
5,408640253,111655,38,25,6,13
6,499542411,111655,38,25,6,13
7,590418025,289486,71,38,13,33
8,688309718,933544,353,248,39,105
9,785296918,5679540,2306,1675,100,631
10,879407969,14135799,6107,4560,187,1547
11,957371588,39117908,18119,13837,317,4282
12,1038869589,59385793,27469,20937,459,6532
13,1125526985,77171899,35906,27343,611,8563
14,1205379711,98490917,46006,35100,779,10906
15,1299759055,114374579,53331,40591,965,12740
16,1383058631,127119814,59734,45527,1154,14207
17,1458677439,139819629,65665,50026,1346,15639
18,1550832989,161221254,75549,57495,1577,18054
19,1664504991,175116583,83582,63926,1785,19656
20,1785679500,190859011,92307,70896,2012,21411
21,1906871888,211945152,102877,79088,2268,23789
22,2031996816,238774406,116901,90136,2553,26765
23,2163703946,269413610,133439,103333,2852,30106
24,2307140021,291645769,144781,112181,3144,32600
25,2447300156,317801036,162003,126503,3470,35500
26,2579577602,352613470,181985,142545,3827,39440
27,2732830301,376102835,195936,153939,4152,41997
28,2870184037,424801271,228416,180957,4554,47459
29,3025896004,450017225,247325,196868,4917,50457
30,3084053512,487628940,277139,221751,5392,55388
31,3286043252,490161039,278565,222884,5478,55681
32,3493302046,495972084,281894,225524,5662,56370
33,3709095024,503996243,287009,229742,5867,57267
34,3923943726,516283062,295750,237089,6143,58661
35,4135288492,534811007,306966,246263,6466,60703
36,4338249169,565945795,327834,263688,6895,64146
37,4541884869,598138793,348209,280550,7320,67659
38,4755446725,631851538,373430,302007,7744,71423
39,4953503057,674238170,401945,325770,8225,76175
40,5056945590,757801064,470244,384531,8867,85713
41,5179491389,827978865,528335,434550,9514,93785
42,5326450696,878501756,569951,470335,10128,99616
43,5454567152,950719898,637644,529793,10801,107851
44,5594824274,1013056900,693182,578283,11445,114899
45,5755094437,1063565378,740865,620297,12053,120568
46,5898140833,1134485354,810660,681952,12744,128708
47,6068042048,1187303998,863427,728795,13351,134632
48,6242726496,1240506447,917188,776632,13965,140556
49,6368615293,1347882924,1023170,870059,14736,153111
50,6446005467,1431236168,1113395,949609,15671,163786
51,6718298354,1440216608,1122351,957577,15989,164774
52,6992598443,1451183459,1132272,966266,16374,166006
53,7275550683,1473553293,1155123,986549,16899,168574
54,7543769080,1500498373,1183750,1012057,17526,171693
55,7808528102,1547890357,1222421,1045424,18278,176997
56,8075130389,1591896622,1259941,1077916,18941,182025
57,8328041941,1641083739,1298576,1111043,19636,187533
58,8574518525,1703041081,1351788,1157389,20388,194399
59,8828053545,1758020861,1393357,1192795,21127,200562
60,8946741739,1892243876,1536754,1320910,22166,215844
61,9184414679,1965819712,1600211,1376162,22995,224049
62,9354505619,2057565764,1699405,1465173,24013,234232
63,9538924974,2140012075,1788047,1544613,24971,243434
64,9735393265,2217352465,1872513,1620244,25962,252269
65,9928611658,2305362886,1969459,1707375,26905,262084
66,10119600402,2396793797,2071984,1799706,27889,272278
67,10326097940,2482879071,2176338,1894456,28801,281882
68,10531765911,2569661999,2279367,1987900,29741,291467
69,10754866204,2644615334,2368177,2068390,30601,299787
70,10919282463,2772532201,2502566,2187319,31721,315247
71,10996633927,2874677630,2617406,2287037,33231,330369
72,11339740181,2879955220,2623160,2292217,33475,330943
73,11686954535,2888259054,2632160,2300230,33868,331930
74,12039381665,2901525561,2643920,2310443,34342,333477
75,12249599245,3020629389,2755401,2408706,35508,346695
76,12470399436,3101083012,2829100,2472784,36652,356316
77,12733439471,3166758304,2884579,2520724,37656,363855
78,13012853717,3226693217,2936250,2565453,38603,370797
79,13287708272,3295844863,2997956,2619396,39531,378560
80,13581356207,3356139304,3043463,2658128,40339,385335
81,13873142808,3421992423,3101209,2708613,41197,392596
82,14174989474,3487321398,3158277,2758435,42062,399842
83,14243565697,3501926463,3167850,2765808,43214,402042
84,14505051640,3502352391,3167967,2765859,43231,402108
85,14803325247,3502843345,3168136,2765951,43254,402185
86,15105579474,3506310210,3169946,2767267,43440,402679
87,15411603801,3511389628,3172993,2769576,43642,403417
88,15712156365,3525144997,3182400,2777029,44059,405371
89,16012509858,3533789001,3188877,2782311,44359,406566
90,16313576677,3551313189,3203325,2794353,44793,408972
91,16610615120,3573129660,3224494,2812200,45233,412294
92,16870558258,3619398233,3268804,2850122,45929,418682
93,17164978960,3648236935,3298085,2875231,46372,422854
94,17459163773,3680358233,3332375,2904956,46843,427419
95,17741565000,3725110210,3385026,2951086,47300,433940
96,18010475930,3780497579,3456753,3014854,47781,441899
97,18282911507,3839601657,3539024,3088576,48267,450448
98,18557413649,3897277065,3624446,3165524,48838,458922
99,18823410545,3948261765,3719846,3252125,49436,467721
100,19053729636,4018088846,3850274,3370801,50131,479473
101,19317820440,4078096344,3949177,3461036,50640,488141
102,19576547021,4150390722,4072535,3573724,51173,498811
103,19836738823,4223272510,4204843,3695445,51728,509398
104,20099989607,4292365239,4335174,3815668,52263,519506
105,20368989183,4358587386,4465090,3935649,52818,529441
106,20648847435,4410012630,4571096,4033916,53355,537180
107,20937488485,4457490642,4675812,4131513,53878,544299
108,21199250055,4513861067,4838350,4283376,54430,554974
109,21409212456,4623851504,5087748,4516615,55343,571133
110,21671394607,4696051779,5254654,4672733,56037,581921
111,21935959057,4768815298,5426692,4833954,56731,592738
112,22216882475,4826659557,5568315,4966955,57416,601360
113,22484010304,4897101776,5750775,5138667,58127,612108
114,22754807815,4963354963,5925379,5303435,58836,621944
115,22950443235,5089271974,6239967,5599620,59716,640347
116,23234879837,5125983251,6379646,5731693,60403,647953
117,23358127631,5355899771,6955733,6274683,62080,681050
118,23645545606,5406674251,7098962,6410180,62878,688782
119,23921959511,5472169120,7282112,6583275,63731,698837
120,24204033103,5532427559,7458522,6750418,64558,708104
121,24489147535,5588653935,7627407,6910632,65409,716775
122,24768250848,5652323604,7816093,7089563,66285,726530
123,25043134097,5720653645,8031910,7294700,67154,737210
124,25307604383,5773846085,8274744,7526003,68125,748741
125,25475478197,5961659333,8821979,8046170,69821,775809
126,25765221068,6013174627,8992213,8208573,70733,783640
127,26050781476,6076123154,9198943,8405657,71722,793286
128,26327744097,6144444716,9435602,8631973,72774,803629
129,26592361221,6225885285,9713235,8897292,73896,815943
130,26867923833,6298391834,9973361,9146336,74980,827025
131,27152925401,6361824919,10200246,9363352,75996,836894
132,27417757448,6414699451,10484768,9635842,77081,848926
133,27585665923,6613390647,11142182,10264786,79067,877396
134,27860502340,6685616859,11406931,10518517,80267,888414
135,28130399472,6765668520,11707327,10806638,81439,900689
136,28411147986,6836385909,11969404,11058126,82690,911278
137,28696904084,6903024521,12235428,11314034,83915,921394
138,28984928914,6967275906,12500561,11569285,85077,931276
139,29255375914,7046865074,12819513,11875950,86323,943563
140,29535036973,7118445035,13114889,12160279,87601,954610
141,29810085642,7163665369,13412933,12447166,88802,965767
142,29987085825,7349681079,14122689,13129872,90947,992817
143,30253289932,7434960698,14468295,13462705,92327,1005590
144,30534849402,7506112513,14769988,13753474,93639,1016514
145,30799353034,7595054660,15151140,14120844,94957,1030296
146,31077269039,7670554978,15482435,14440479,96363,1041956
147,31359299621,7742226102,15807409,14754580,97779,1052829
148,31629001964,7826137569,16174403,15108633,99207,1065770
149,31882452199,7925010786,16627132,15546148,100717,1080984
150,32136979037,7978093233,17029050,15934606,102163,1094444
151,32312955590,8172101375,17834819,16712283,104654,1122536
152,32572060576,8264679591,18246362,17109658,106301,1136704
153,32825700980,8363556560,18690049,17538512,107944,1151537
154,33116829403,8430194730,18998697,17836968,109396,1161729
155,33386368759,8517376913,19400202,18225242,111039,1174960
156,33649465406,8612617495,19859387,18669992,112727,1189395
157,33918241309,8701137943,20277873,19074853,114216,1203020
158,34192345499,8747273615,20657683,19442692,115762,1214991
159,34348026542,8962552688,21635102,20388321,118522,1246781
160,34620691265,9050514053,22042380,20782548,120176,1259832
161,34909788841,9122426468,22392617,21121805,121770,1270812
162,35170690009,9220978374,22872896,21587144,123536,1285752
163,35442259754,9310012212,23326305,22026814,125205,1299491
164,35734084293,9381330533,23684978,22374362,126728,1310616
165,36042850548,9439229560,23972193,22652701,128195,1319492
166,36331551377,9512938873,24348911,23017916,129738,1330995
167,36620338644,9552442389,24694907,23353438,131323,1341469
168,36781532951,9684233852,25725366,24352340,134193,1373026
169,37052661477,9752783551,26189167,24802550,136023,1386617
170,37348106330,9809489387,26537724,25140564,137718,1397160
171,37625502441,9885797698,26986319,25575668,139504,1410651
172,37919182519,9951947165,27364188,25942424,141230,1421764
173,38225369597,10006798682,27685455,26254454,142900,1431001
174,38507960739,10085780769,28139448,26695405,144740,1444043
175,38789567676,10151235978,28550529,27094307,146538,1456222
176,38975127394,10331579800,29533751,28048683,149564,1485068
177,39278078354,10393361357,29878712,28383710,151280,1495002
178,39548996198,10484842522,30408002,28898154,153201,1509848
179,39843633821,10558074986,30832532,29311247,155028,1521285
180,40114602055,10654112149,31373548,29837112,156941,1536436
181,40410949998,10726618445,31778085,30230196,158818,1547889
182,40721989909,10786402194,32124440,30567086,160531,1557354
183,41028581870,10850972166,32497575,30930129,162260,1567446
184,41284537308,10936777535,33114973,31531102,164569,1583871
185,41447600392,11139649376,34260458,32645365,167814,1615093
186,41729296571,11223926443,34759749,33131338,169780,1628411
187,42027735833,11298275975,35190031,33550247,171809,1639784
188,42299483785,11397165773,35783228,34127916,173922,1655312
189,42572303229,11489360427,36349674,34679749,176199,1669925
190,42855816346,11579332189,36872927,35189039,178171,1683888
191,43158809127,11652233595,37304500,35609312,180085,1695188
192,43447861789,11736900930,37823165,36114820,182144,1708345
193,43713914899,11816252665,38466538,36742321,184365,1724217
194,43847724578,12054852996,39811112,38051435,187951,1759677
195,44142212358,12128793733,40273461,38502194,190006,1771267
196,44422010521,12219942584,40837990,39052459,192242,1785531
197,44687505021,12316878482,41413914,39612897,194704,1801017
198,44980024089,12401586709,41934359,40120572,196782,1813787
199,45282465077,12475014415,42383253,40558206,198703,1825047
200,45577289789,12555383349,42893311,41055780,200664,1837531
201,45850832845,12625260065,43495164,41642758,202744,1852406
202,46030674275,12830447313,44700633,42817565,206351,1883068
203,46325439135,12907642508,45183276,43288633,208505,1894643
204,46615675675,12993759723,45739963,43831978,210705,1907985
205,46908808539,13076826908,46264816,44343820,212774,1920996
206,47192174606,13173012732,46881736,44945788,214971,1935948
207,47502316107,13244105025,47340055,45393276,217025,1946779
208,47804600719,13317512273,47791139,45832910,219055,1958229
209,48082771353,13384040536,48417598,46444595,221388,1973003
