BackupID, OnlineSpeed(MB/s), Encalve ProcessTime(s), BackupSize, OnlineSize, OfflineSize, OfflineTime(s)
0, 96.0932, 2.06678, 208250880, 100655456, 100655456, 0.000338
1, 138.993, 1.45958, 212725760, 132196507, 132196507, 0.000325
2, 136.028, 1.53841, 219432960, 159613486, 159613486, 0.000329
3, 140.584, 1.52016, 224092160, 186680336, 186680336, 0.000379
4, 131.176, 1.65875, 228157440, 217923487, 217873414, 0.141781
5, 128.644, 1.73436, 233953280, 252262817, 252262817, 0.000506
6, 123.456, 1.82773, 236605440, 285055658, 285055658, 0.000821
7, 119.074, 1.92329, 240138240, 320981120, 320902559, 0.142605
8, 114.503, 2.05278, 246466560, 358593291, 358310959, 0.943279
9, 122.415, 1.9501, 250316800, 389379692, 387331550, 3.28525
10, 112.799, 2.15087, 254402560, 421589506, 417868990, 5.11122
11, 106.512, 2.35413, 262922240, 464156180, 452368642, 13.9066
12, 108.681, 2.32278, 264704000, 497582118, 488257802, 11.4801
13, 100.083, 2.59979, 272834560, 542343862, 533928727, 10.3426
14, 100.506, 2.70099, 284651520, 592665449, 582669195, 11.9127
15, 100.3, 2.75336, 289576960, 634359461, 627359760, 9.34342
16, 97.4554, 2.87531, 293826560, 687049615, 681358200, 8.6966
17, 94.8674, 3.11897, 310261760, 747697875, 742143499, 8.16422
18, 98.3608, 3.25948, 336179200, 811924751, 802424916, 12.8624
19, 103.549, 3.25244, 353146880, 865199335, 858867766, 9.84763
20, 103.949, 3.3552, 365711360, 918508464, 910964116, 10.7634
21, 105.736, 3.44896, 382392320, 977800134, 968032129, 13.4269
22, 104.179, 3.61682, 395100160, 1034486629, 1022281812, 17.479
23, 107.264, 3.59793, 404674560, 1085175495, 1071220784, 19.8467
24, 104.729, 3.75987, 412897280, 1131639014, 1121369421, 14.8373
25, 106.199, 3.71467, 413655040, 1181527119, 1169489974, 20.0254
26, 104.143, 3.95004, 431349760, 1243920123, 1227930065, 23.7042
27, 105.363, 3.98704, 440494080, 1286523430, 1275820133, 16.612
28, 102.59, 4.17946, 449597440, 1350589563, 1327816407, 34.6691
29, 106.713, 4.03033, 450979840, 1386563335, 1376645499, 20.7371
30, 80.4216, 6.18494, 521564160, 1566256282, 1551639284, 33.5117
31, 112.872, 4.51294, 534128640, 1609298429, 1608289169, 2.89518
32, 111.488, 4.65316, 543969280, 1665666769, 1663155855, 6.14222
33, 113.562, 4.61725, 549816320, 1717436995, 1713836154, 7.7834
34, 111.463, 4.79184, 560056320, 1773061400, 1767612616, 11.441
35, 110.45, 4.93471, 571514880, 1833602655, 1825361617, 15.0786
36, 110.498, 4.99425, 578662400, 1894234024, 1880340146, 24.6395
37, 112.781, 4.87578, 576604160, 1948823881, 1934185832, 24.8807
38, 109.266, 5.06596, 580423680, 1998603669, 1983227475, 27.7467
39, 109.342, 5.0976, 584458240, 2056453204, 2037190582, 32.4066
40, 101.271, 4.27978, 454471680, 2119507943, 2083143522, 65.6468
41, 100.265, 4.38401, 460912640, 2159583386, 2128303816, 55.6009
42, 98.8913, 4.49475, 466083840, 2192131107, 2169827125, 41.3451
43, 100.116, 4.5015, 472565760, 2245342675, 2213458489, 62.4782
44, 102.035, 4.48375, 479723520, 2282725983, 2255245328, 53.9496
45, 101.246, 4.608, 489205760, 2313487163, 2290972423, 45.6886
46, 103.146, 4.61394, 499025920, 2361053753, 2329880905, 64.449
47, 104.557, 4.61218, 505661440, 2385894745, 2362746574, 47.8285
48, 104.099, 4.70732, 513832960, 2411981443, 2388739972, 49.3326
49, 105.094, 5.35395, 589998080, 2491767714, 2447139520, 92.0857
50, 85.8645, 7.92025, 713103360, 2685209919, 2651757592, 80.0309
51, 105.283, 6.54257, 722278400, 2722470999, 2718865479, 11.6195
52, 113.953, 6.52562, 779735040, 2800874814, 2796461951, 13.4458
53, 120.21, 6.48978, 818032640, 2873208713, 2863923490, 25.0725
54, 118.914, 6.61684, 825057280, 2944321801, 2933525563, 31.389
55, 120.766, 6.58882, 834355200, 3023068140, 3002486274, 43.3585
56, 121.829, 6.54376, 835942400, 3087360786, 3069158396, 40.7063
57, 121.988, 6.51858, 833812480, 3159473408, 3137817801, 41.3205
58, 122.591, 6.45628, 829931520, 3228044733, 3199993949, 53.0534
59, 118.496, 6.75617, 839464960, 3289960013, 3266182666, 44.4801
60, 102.632, 5.53748, 595927040, 3374280218, 3316862849, 116.03
61, 114.362, 7.12801, 854773760, 3415921489, 3383798876, 60.1978
62, 96.7422, 6.21992, 630958080, 3474574734, 3434119741, 84.8141
63, 105.779, 5.77764, 640839680, 3515023338, 3479023398, 76.7067
64, 104.649, 5.9085, 648355840, 3557435530, 3523939047, 76.9
65, 107.872, 5.8177, 658053120, 3603060536, 3564780358, 85.96
66, 105.912, 5.99875, 666204160, 3648688518, 3608613826, 89.187
67, 109.892, 5.87498, 676976640, 3683562531, 3645963360, 85.5653
68, 107.286, 6.10653, 686970880, 3720761948, 3683178577, 87.2475
69, 109.239, 6.07253, 695582720, 3745391625, 3713446533, 77.1406
70, 117.807, 6.98863, 863303680, 3845487728, 3795706534, 115.824
71, 96.9685, 10.0242, 1019248640, 4105232354, 4076734217, 107.143
72, 132.279, 7.6726, 1064222720, 4154989504, 4152714930, 8.37583
73, 136.696, 7.46726, 1070325760, 4221706119, 4218737589, 13.3788
74, 131.366, 7.92603, 1091788800, 4297014512, 4291416289, 16.679
75, 116.31, 7.1471, 871659520, 4402083755, 4349849434, 98.7098
76, 112.761, 7.36841, 871229440, 4456229358, 4425686848, 73.0785
77, 120.736, 7.21431, 913336320, 4511358671, 4484738953, 59.0152
78, 124.309, 7.19718, 938137600, 4563634933, 4539158108, 54.902
79, 121.863, 7.41643, 947691520, 4620645344, 4592505582, 62.5669
80, 126.055, 7.24488, 957614080, 4663520252, 4637865621, 48.3344
81, 124.219, 7.41462, 965775360, 4710973252, 4683196134, 58.6717
82, 123.005, 7.62815, 983879680, 4755753633, 4728236181, 57.8423
83, 89.9466, 10.7195, 1011015680, 4930285866, 4926329355, 23.9852
84, 125.168, 7.76872, 1019627520, 4987581653, 4987383505, 0.409808
85, 140.265, 6.92759, 1018900480, 5014704865, 5014491644, 0.607292
86, 139.382, 6.97184, 1018951680, 5039777392, 5038223547, 5.10011
87, 138.265, 7.02892, 1019064320, 5061738197, 5059383911, 6.82929
88, 140.69, 6.90825, 1019136000, 5085234523, 5078784469, 16.3624
89, 138.142, 7.03617, 1019207680, 5104238260, 5100111100, 11.7715
90, 137.515, 7.06831, 1019217920, 5125436606, 5116928261, 20.8424
91, 135.995, 7.14748, 1019238400, 5144576757, 5135241351, 28.0547
92, 127.236, 7.97431, 1063905280, 5194903924, 5172692632, 50.6764
93, 140.67, 7.21277, 1063905280, 5202093113, 5188303731, 34.0851
94, 139.049, 7.2972, 1063956480, 5217405791, 5202169763, 36.7759
95, 135.794, 7.47276, 1064048640, 5236179514, 5215234955, 51.4707
96, 133.092, 7.62469, 1064079360, 5254936794, 5228733579, 66.2297
97, 136.513, 7.43399, 1064130560, 5266740667, 5238792725, 72.5162
98, 134.453, 7.54831, 1064192000, 5275578563, 5248769910, 77.848
99, 134.306, 7.55673, 1064212480, 5291442245, 5272559867, 80.7093
100, 124.148, 8.22, 1070069760, 5345592781, 5318843753, 111.708
101, 133.478, 7.64574, 1070110720, 5362013509, 5334086162, 80.3644
102, 135.494, 7.53242, 1070172160, 5379753946, 5345893400, 103.039
103, 132.061, 7.72827, 1070182400, 5390361268, 5356272146, 105.344
104, 130.469, 7.82313, 1070254080, 5399193617, 5366947814, 101.673
105, 128.728, 7.92901, 1070264320, 5406553360, 5376155243, 105.24
106, 126.255, 8.0846, 1070305280, 5410900885, 5387433958, 87.0477
107, 125.274, 8.14797, 1070315520, 5418090706, 5396518280, 84.9921
108, 123.785, 8.24599, 1070315520, 5440787500, 5423309487, 126.671
109, 122.072, 8.52701, 1091471360, 5508069778, 5457683952, 192.397
110, 130.709, 7.96379, 1091502080, 5502445161, 5469775750, 128.803
111, 126.955, 8.19952, 1091532800, 5513088678, 5479713832, 128.92
112, 125.976, 8.26415, 1091655680, 5516095295, 5489726463, 106.017
113, 125.325, 8.3073, 1091686400, 5531540716, 5500052335, 135.325
114, 124.584, 8.35698, 1091717120, 5540362329, 5510456193, 131.714
115, 128.163, 8.12394, 1091768320, 5585570473, 5527524135, 226.968
116, 119.544, 8.70979, 1091778560, 5563697217, 5554188956, 102.042
117, 128.57, 8.3563, 1126553600, 5716700454, 5613817020, 411.537
118, 125.962, 8.52927, 1126553600, 5649322665, 5626961507, 111.321
119, 129.032, 8.32668, 1126594560, 5666508014, 5637800223, 141.585
120, 128.456, 8.36443, 1126656000, 5675469636, 5648782340, 135.332
121, 128.963, 8.33188, 1126696960, 5684245693, 5659722849, 123.542
122, 125.865, 8.53707, 1126717440, 5697729266, 5669911637, 141.625
123, 124.736, 8.61445, 1126727680, 5709874993, 5679704066, 155.24
124, 123.683, 8.68786, 1126737920, 5727473086, 5715932672, 180.941
125, 124.018, 8.74149, 1136762880, 5849254411, 5763836130, 375.501
126, 128.939, 8.40816, 1136803840, 5799206342, 5776322322, 127.395
127, 127.861, 8.47942, 1136855040, 5814186874, 5785955666, 150.355
128, 128.659, 8.42719, 1136906240, 5828266399, 5797544783, 172.64
129, 127.438, 8.50822, 1136936960, 5843491239, 5807302297, 200.706
130, 125.86, 8.61521, 1136977920, 5848823083, 5816767743, 180.443
131, 123.214, 8.80041, 1137008640, 5854488296, 5826565981, 166.209
132, 123.148, 8.80519, 1137018880, 5875110594, 5865836634, 198.445
133, 121.05, 9.07451, 1151825920, 6005622972, 5915596795, 444.059
134, 131.438, 8.35767, 1151877120, 5960247530, 5927671740, 193.35
135, 127.561, 8.61135, 1151836160, 5973540345, 5938200520, 212.285
136, 127.65, 8.60579, 1151887360, 5979874724, 5947485819, 188.55
137, 123.137, 8.92167, 1151948800, 5987223388, 5957615502, 183.841
138, 124.955, 8.79204, 1151979520, 5994895232, 5966551100, 193.371
139, 123.846, 8.87096, 1152000000, 6012075837, 5976563595, 233.405
140, 123.752, 8.87785, 1152020480, 6017421859, 5985635464, 202.664
141, 111.791, 9.82784, 1152030720, 6030619382, 6025512107, 215.258
142, 121.902, 9.07187, 1159598080, 6157718444, 6074060818, 481.488
143, 127.8, 8.6538, 1159680000, 6123827513, 6085249317, 244.931
144, 124.039, 8.91675, 1159751680, 6127998003, 6096231063, 221.002
145, 123.694, 8.94177, 1159772160, 6145854760, 6106679473, 269.962
146, 123.999, 8.91998, 1159792640, 6150519704, 6117158780, 235.404
147, 119.467, 9.25855, 1159823360, 6159370466, 6127472783, 217.812
148, 120.637, 9.16903, 1159854080, 6174743889, 6137600000, 257.386
149, 124.198, 8.90658, 1159915520, 6191486477, 6148283789, 309.708
150, 121.619, 9.09544, 1159915520, 6203697560, 6199383218, 279.357
151, 123.495, 9.38336, 1215088640, 6343880700, 6256792077, 537.323
152, 128.662, 9.00674, 1215119360, 6313591622, 6272691236, 280.644
153, 129.342, 8.95953, 1215139840, 6329292556, 6284970906, 296.836
154, 125.717, 9.21809, 1215160320, 6324228691, 6294663133, 209.935
155, 127.976, 9.0556, 1215191040, 6344342511, 6305515456, 282.187
156, 125.878, 9.20673, 1215221760, 6357318759, 6314955319, 306.77
157, 125.194, 9.25725, 1215252480, 6363978917, 6324684272, 280.891
158, 126.408, 9.16863, 1215283200, 6373581530, 6370831735, 253.031
159, 126.838, 9.54121, 1268971520, 6529179126, 6434976859, 638.156
160, 134.582, 8.99253, 1269022720, 6485643550, 6444910595, 283.609
161, 130.441, 9.27827, 1269053440, 6487175046, 6455175711, 256.91
162, 132.902, 9.10689, 1269114880, 6511356417, 6467053002, 331.703
163, 129.46, 9.34925, 1269145600, 6517301045, 6477890830, 302.244
164, 131.708, 9.18994, 1269186560, 6518987325, 6488019576, 257.9
165, 127.983, 9.45797, 1269258240, 6522489367, 6496294518, 199.374
166, 127.281, 9.51044, 1269299200, 6538640767, 6506761126, 254.229
167, 122.816, 9.85616, 1269299200, 6551299078, 6550172010, 235.806
168, 129.081, 9.90131, 1340149760, 6710602110, 6699965260, 665.395
169, 133.797, 9.5531, 1340262400, 6755146478, 6735709342, 319.378
170, 133.754, 9.55645, 1340303360, 6779590778, 6760959618, 252.951
171, 133.077, 9.60538, 1340344320, 6812057438, 6784641375, 308.106
172, 132.453, 9.65081, 1340375040, 6828727400, 6802877542, 261.638
173, 130.762, 9.77563, 1340375040, 6840387361, 6819301239, 217.698
174, 131.456, 9.72414, 1340395520, 6867710723, 6836066054, 319.223
175, 129.17, 9.8964, 1340416000, 6887147123, 6865378221, 276.475
176, 128.481, 10.0799, 1357977600, 7006825311, 6935708132, 642.137
177, 134.586, 9.6228, 1358008320, 6977580734, 6951527175, 236.018
178, 132.913, 9.74449, 1358080000, 7007256605, 6969304439, 370.816
179, 129.26, 10.0204, 1358151680, 7013780254, 6982745773, 299.749
180, 132.538, 9.77288, 1358202880, 7037843531, 6997424019, 372.471
181, 128.384, 10.0894, 1358243840, 7040536554, 7010112752, 271.291
182, 128.365, 10.0911, 1358274560, 7046952241, 7021910522, 246.204
183, 126.793, 10.2165, 1358295040, 7060103097, 7032598700, 262.834
184, 130.301, 9.94157, 1358325760, 7096283951, 7070513803, 414.884
185, 129.142, 10.1232, 1370839040, 7224799180, 7141462017, 728.441
186, 134.131, 9.74682, 1370859520, 7193348879, 7156817708, 353.697
187, 132.933, 9.83562, 1370992640, 7200656865, 7168407733, 291.527
188, 132.864, 9.84092, 1371013120, 7224774171, 7182251437, 408.485
189, 131.606, 9.93525, 1371054080, 7238804909, 7200221445, 389.597
190, 132.8, 9.84613, 1371084800, 7250554056, 7211306973, 350.822
191, 129.445, 10.1016, 1371125760, 7253817051, 7222064716, 291.244
192, 126.899, 10.3045, 1371156480, 7270360906, 7233643246, 353.31
193, 132.161, 9.89445, 1371176960, 7294196087, 7272391190, 435.657
194, 137.803, 9.5284, 1376829440, 7436272616, 7333375394, 861.094
195, 134.533, 9.74976, 1375375360, 7379295623, 7347921958, 329.228
196, 132.915, 9.86857, 1375395840, 7401618482, 7362690943, 383.984
197, 134.266, 9.76992, 1375488000, 7426404541, 7387453458, 387.63
198, 133.155, 9.8516, 1375508480, 7434169962, 7396694776, 345.513
199, 132.146, 9.92699, 1375539200, 7439653132, 7407271301, 315.978
200, 130.635, 10.0422, 1375580160, 7453045842, 7418127990, 351.051
201, 131.233, 9.99649, 1375590400, 7475057304, 7459261218, 411.742
202, 129.645, 10.2825, 1397831680, 7607302334, 7518898960, 762.793
203, 134.996, 9.87505, 1397852160, 7567419841, 7532224763, 334.449
204, 131.084, 10.1702, 1397913600, 7582154218, 7545141037, 381.651
205, 132.563, 10.0572, 1397964800, 7593689954, 7557541104, 360.576
206, 132.258, 10.0807, 1398016000, 7610713907, 7568564763, 423.476
207, 129.882, 10.2654, 1398056960, 7609569923, 7578191529, 304.928
208, 127.953, 10.4205, 1398097920, 7621955357, 7590610422, 313.14
209, 128.482, 10.3779, 1398149120, 7647762217, 7635883586, 423.244
