Backup ID, Ecall, Inline_Ocall, Offline_Ocall, _Inline_FPOcall, _Inline_SFOcall, _Inline_LocalOcall, _Inline_LoadOcall, _Inline_DeltaOcall, _Inline_RecipeOcall, _Inline_Write_ContainerOcall, _inline_have_similar_chunk_num, _inline_need_load_container_num
0,195,637,5,193,193,0,34,193,24,27,64,33,
1,394,1283,10,390,390,0,65,390,48,36,8227,276,
2,599,1957,15,593,593,0,105,593,73,45,17259,727,
3,808,2649,20,800,800,0,151,800,98,54,26191,1378,
4,1020,3368,12075,1010,1010,1,214,1009,124,64,35360,2240,
5,1238,4115,12080,1226,1226,1,287,1225,150,74,44773,3288,
6,1458,4872,12085,1444,1444,1,363,1443,177,84,54758,4548,
7,1681,5662,21223,1665,1665,2,463,1663,204,95,64857,6001,
8,1910,6488,99702,1892,1892,4,580,1888,232,106,75795,7642,
9,2141,7354,230010,2121,2121,12,731,2109,260,115,86901,9424,
10,2377,8322,393889,2355,2355,27,968,2328,289,125,98174,11400,
11,2620,9420,630628,2596,2596,78,1313,2518,319,138,109428,13510,
12,2865,10577,874857,2839,2839,121,1711,2718,349,151,120590,15557,
13,3117,11875,1132101,3089,3089,162,2228,2927,380,166,132252,17670,
14,3379,13184,1414578,3349,3349,206,2725,3143,412,183,143441,19725,
15,3646,14585,1713164,3614,3614,240,3298,3374,445,198,155635,21801,
16,3917,16038,2016864,3883,3883,271,3911,3612,478,215,166284,23832,
17,4216,17640,2326793,4180,4180,300,4585,3880,515,234,176426,26001,
18,4526,19263,2689333,4488,4488,349,5246,4139,553,253,189197,28350,
19,4851,20944,3039150,4811,4811,378,5918,4433,593,270,203249,30717,
20,5187,22663,3417750,5145,5145,412,6594,4733,634,287,218203,33199,
21,5539,24458,3839691,5495,5495,454,7296,5041,677,305,233859,35844,
22,5903,26340,4308522,5857,5857,507,8047,5350,722,323,250498,38648,
23,6275,28238,4807784,6227,6227,567,8789,5660,768,341,268195,41599,
24,6655,30186,5300377,6605,6605,610,9556,5995,815,359,286238,44519,
25,7037,32124,5848038,6985,6985,662,10307,6323,862,377,304347,47542,
26,7435,34176,6441551,7381,7381,735,11122,6646,911,398,322687,50775,
27,7841,36341,7003667,7785,7785,781,12025,7004,961,415,341804,53895,
28,8256,38505,7694796,8198,8198,881,12899,7317,1012,436,362221,57483,
29,8672,40718,8328545,8612,8612,932,13819,7680,1063,453,382125,60738,
30,9153,43412,9088605,9091,9091,1060,15017,8031,1122,503,394002,64693,
31,9644,45831,9334267,9580,9580,1064,15908,8516,1183,520,416033,66983,
32,10144,48269,9766293,10078,10078,1075,16790,9003,1245,537,439000,69626,
33,10650,50855,10199065,10582,10582,1089,17802,9493,1307,554,463271,72750,
34,11165,53467,10775771,11095,11095,1112,18811,9983,1371,572,487858,76236,
35,11691,56155,11428856,11619,11619,1147,19862,10472,1436,592,512821,80061,
36,12223,58809,12226576,12149,12149,1206,20860,10943,1502,612,538179,84177,
37,12754,61489,13034590,12678,12678,1267,21887,11411,1568,632,563669,88431,
38,13288,64194,13857833,13210,13210,1333,22930,11877,1634,651,590495,92753,
39,13825,66969,14780322,13745,13745,1420,24034,12325,1700,672,616535,97244,
40,14245,69327,15974910,14163,14163,1583,25086,12580,1752,694,637401,101357,
41,14670,71759,17140126,14586,14586,1726,26197,12860,1804,715,658688,105310,
42,15100,74354,18224257,15014,15014,1828,27455,13186,1857,734,680447,109073,
43,15537,76880,19447017,15449,15449,1968,28622,13481,1911,755,702619,113089,
44,15980,79460,20602345,15890,15890,2087,29824,13803,1966,775,724889,117007,
45,16431,82200,21725058,16339,16339,2179,31161,14160,2022,792,747834,120883,
46,16891,84847,23012162,16797,16797,2313,32377,14484,2079,812,771312,125012,
47,17357,87669,24146476,17261,17261,2407,33750,14854,2136,828,795576,128962,
48,17830,90511,25322362,17732,17732,2499,35121,15233,2194,843,820187,132877,
49,18373,93475,26810868,18273,18273,2724,36395,15549,2261,871,846423,138237,
50,19025,97187,28383989,18923,18923,2977,38076,15946,2342,933,866118,144209,
51,19685,100828,29112821,19581,19581,2993,39661,16588,2424,954,896406,147728,
52,20394,104742,29932521,20288,20288,3017,41366,17271,2512,978,927506,151687,
53,21133,108591,30969035,21025,21025,3057,42912,17968,2604,1001,960469,156197,
54,21878,112449,32148835,21768,21768,3111,44449,18657,2696,1025,992422,161129,
55,22631,116260,33515360,22518,22518,3205,45916,19314,2789,1051,1026380,166526,
56,23385,120013,34779552,23259,23259,3287,47342,19984,2882,1076,1060012,171973,
57,24136,123698,36062688,23981,23981,3388,48741,20632,2975,1101,1092769,177524,
58,24884,127395,37488864,24697,24697,3507,50167,21259,3068,1127,1126080,183192,
59,25641,131250,38893561,25423,25423,3614,51721,21907,3162,1153,1159434,188932,
60,26189,134304,40898195,25969,25969,3874,53069,22193,3230,1182,1187463,194613,
61,26958,138387,42481020,26706,26706,4017,54816,22817,3325,1210,1221103,200717,
62,27537,141940,44339276,27282,27282,4195,56568,23216,3397,1235,1249665,205961,
63,28125,145409,46103973,27867,27867,4353,58208,23644,3470,1258,1278656,210982,
64,28720,148944,47906185,28459,28459,4495,59892,24095,3544,1280,1308498,216048,
65,29322,152456,49666220,29058,29058,4655,61532,24535,3618,1302,1338989,221221,
66,29932,156050,51511866,29665,29665,4822,63229,24976,3693,1326,1369688,226515,
67,30551,159752,53280585,30281,30281,4969,65005,25446,3770,1347,1401227,231780,
68,31180,163523,55095845,30907,30907,5118,66819,25924,3848,1368,1432772,237095,
69,31816,167381,56793506,31540,31540,5242,68698,26434,3927,1386,1464747,242194,
70,32593,171453,58939619,32281,32281,5521,70417,26930,4023,1421,1497813,249132,
71,33504,176287,61398644,33160,33160,5916,72471,27444,4136,1502,1522161,257473,
72,34451,180949,62038120,34073,34073,5925,74244,28380,4254,1525,1559140,261467,
73,35404,185582,62982281,34991,34991,5942,75972,29314,4372,1546,1596965,265968,
74,36375,190391,64023134,35925,35925,5968,77823,30257,4493,1570,1636179,271186,
75,37160,194688,66241839,36671,36671,6195,79748,30813,4590,1601,1671980,277733,
76,37943,199152,68326402,37416,37416,6369,81844,31420,4687,1631,1705220,283946,
77,38761,203635,70174871,38194,38194,6498,83854,32107,4788,1655,1740891,289818,
78,39600,208123,71908893,38994,38994,6617,85801,32825,4892,1678,1777598,295759,
79,40450,212674,73688360,39802,39802,6743,87783,33547,4997,1702,1814821,301904,
80,41308,217192,75216890,40608,40608,6854,89727,34292,5103,1723,1852733,307977,
81,42173,221810,76917825,41412,41412,6968,91767,35041,5210,1745,1891132,314054,
82,43055,226570,78603319,42235,42235,7083,93892,35806,5319,1767,1930495,320231,
83,44077,233480,80455063,43195,43195,7214,97735,36695,5446,1821,1940659,326881,
84,45108,239036,80489549,44161,44161,7215,100202,37723,5574,1840,1977561,331137,
85,46138,244184,80548884,45122,45122,7216,102272,38750,5702,1851,2020747,335566,
86,47168,249387,81016185,46083,46083,7225,104397,39769,5830,1862,2065122,340693,
87,48199,254616,81574908,47046,47046,7236,106543,40787,5958,1872,2110416,346278,
88,49230,259805,82599454,48006,48006,7268,108655,41784,6086,1883,2156214,352372,
89,50261,265131,83445524,48964,48964,7289,110908,42792,6214,1894,2201934,358510,
90,51292,270372,84544411,49922,49922,7331,113076,43779,6342,1904,2248234,364978,
91,52323,275694,85747508,50878,50878,7381,115329,44758,6470,1915,2295083,371608,
92,53391,281513,87384868,51875,51875,7493,117955,45712,6603,1934,2338726,378870,
93,54459,286888,88609281,52871,52871,7553,120139,46718,6736,1945,2385419,385521,
94,55527,292344,89910462,53869,53869,7622,122400,47715,6869,1956,2432492,392500,
95,56595,297981,91306012,54862,54862,7711,124852,48692,7002,1969,2479566,399619,
96,57663,303799,92811317,55853,55853,7826,127489,49643,7135,1983,2526079,407071,
97,58731,309438,94379062,56839,56839,7946,129957,50589,7268,1996,2573678,414351,
98,59799,315210,96183714,57826,57826,8069,132556,51532,7401,2009,2621460,421709,
99,60868,320986,98032175,58809,58809,8201,135166,52467,7534,2024,2668729,429192,
100,61942,327106,100059973,59794,59794,8390,138111,53350,7667,2046,2713246,437046,
101,63016,332973,101751433,60775,60775,8518,140811,54294,7800,2061,2759872,444510,
102,64090,338788,103587021,61756,61756,8667,143459,55217,7933,2076,2807389,451988,
103,65164,344743,105470162,62736,62736,8818,146249,56138,8066,2091,2855190,459557,
104,66238,350862,107325804,63716,63716,8962,149203,57066,8199,2105,2902850,467152,
105,67312,357030,109243059,64696,64696,9098,152206,58002,8332,2119,2951105,474677,
106,68386,363351,111051689,65676,65676,9204,155362,58968,8465,2131,2998644,482021,
107,69460,369741,112809460,66656,66656,9302,158587,59942,8598,2142,3047108,489240,
108,70534,376024,114834779,67636,67636,9451,161705,60865,8731,2157,3095529,496703,
109,71627,382324,117711701,68637,68637,9713,164776,61694,8867,2182,3141076,505106,
110,72720,388509,119991292,69638,69638,9862,167732,62636,9003,2197,3189050,512619,
111,73813,394875,122318893,70638,70638,10010,170871,63579,9139,2212,3237505,520232,
112,74906,401313,124513057,71637,71637,10141,174084,64539,9275,2225,3286336,527747,
113,75999,407745,126911443,72636,72636,10290,177291,65481,9411,2239,3335012,535366,
114,77092,414201,129280608,73635,73635,10433,180522,66429,9547,2253,3383551,542896,
115,78186,420342,132413405,74636,74636,10746,183433,67208,9683,2275,3429735,551615,
116,79279,426995,134583332,75635,75635,10845,186861,68200,9819,2288,3478439,558874,
117,80400,432439,139616041,76661,76661,11408,188995,68756,9958,2332,3528467,569687,
118,81521,438869,142071099,77687,77687,11509,192115,69774,10097,2345,3576905,576703,
119,82642,445237,144726525,78714,78714,11641,195171,70761,10236,2359,3625990,584015,
120,83763,451620,147299657,79740,79740,11765,198244,71756,10375,2372,3675311,591287,
121,84884,457966,149912698,80760,80760,11882,201292,72758,10514,2385,3724410,598408,
122,86005,464384,152653549,81782,81782,12020,204408,73739,10653,2399,3773818,605712,
123,87126,471019,155457210,82804,82804,12157,207741,74721,10792,2413,3823261,613171,
124,88248,477622,158577994,83826,83826,12314,211041,75684,10931,2429,3872702,620793,
125,89380,483653,163602593,84860,84860,12753,213733,76375,11072,2466,3922994,630595,
126,90512,490092,166376649,85892,85892,12856,216837,77402,11213,2479,3971966,637681,
127,91644,496556,169424739,86924,86924,12982,219966,78406,11354,2492,4021996,645014,
128,92776,503029,172604513,87953,87953,13126,223110,79392,11495,2507,4071738,652493,
129,93908,509587,176054245,88981,88981,13293,226341,80355,11636,2523,4121418,660290,
130,95040,516211,179430350,90007,90007,13440,229642,81338,11777,2537,4171504,667921,
131,96172,522964,182570437,91028,91028,13572,233082,82336,11918,2550,4221850,675479,
132,97304,529715,186001569,92049,92049,13730,236520,83308,12059,2566,4271782,683273,
133,98451,535717,191794710,93087,93087,14190,239158,83993,12202,2605,4323373,693346,
134,99598,542155,195323784,94125,94125,14339,242232,84989,12345,2620,4373224,700906,
135,100745,548715,198910249,95161,95161,14496,245432,85977,12488,2636,4423423,708711,
136,101892,555317,202565264,96197,96197,14642,248674,86976,12631,2650,4473991,716410,
137,103040,562079,206148432,97236,97236,14780,252069,87984,12774,2664,4524725,724156,
138,104187,568729,209671012,98272,98272,14910,255359,88999,12917,2677,4575443,731658,
139,105334,575581,213488150,99309,99309,15073,258849,89981,13060,2693,4625860,739526,
140,106481,582422,217332842,100345,100345,15222,262330,90977,13203,2707,4676512,747282,
141,107628,589356,221029944,101382,101382,15369,265902,91975,13346,2722,4727047,755036,
142,108784,595505,227235736,102429,102429,15804,268659,92694,13490,2759,4778425,764975,
143,109940,602158,231344670,103477,103477,15975,271918,93677,13634,2776,4828541,772746,
144,111096,609023,235254450,104523,104523,16116,275393,94690,13778,2791,4879235,780527,
145,112252,615835,239413177,105569,105569,16296,278815,95664,13922,2808,4930185,788680,
146,113408,622687,243605798,106615,106615,16451,282277,96663,14066,2823,4981185,796607,
147,114564,629739,247742812,107660,107660,16603,285941,97665,14210,2838,5032140,804546,
148,115720,636681,252045153,108704,108704,16780,289497,98642,14354,2854,5083134,812616,
149,116876,643433,256694273,109750,109750,16993,292859,99583,14498,2872,5133953,820878,
150,118032,650335,261124296,110792,110792,17182,296379,100548,14642,2890,5183762,829107,
151,119233,656808,268126859,111883,111883,17637,299322,101292,14791,2930,5236218,839483,
152,120434,663592,272946578,112973,112973,17835,302578,102293,14940,2948,5286736,847637,
153,121635,670439,277750252,114063,114063,18048,305897,103279,15089,2966,5337450,855992,
154,122836,677562,281926711,115153,115153,18186,309492,104340,15238,2980,5389088,863945,
155,124037,684559,286626891,116243,116243,18371,312961,105354,15387,2997,5440496,872249,
156,125238,691644,291564585,117330,117330,18570,316524,106354,15536,3014,5492200,880649,
157,126439,698723,296198881,118416,118416,18754,320083,107369,15685,3030,5543742,888804,
158,127640,705867,300822867,119504,119504,18918,323703,108404,15834,3046,5595074,896910,
159,128885,712241,308707660,120636,120636,19438,326415,109127,15989,3090,5647982,907858,
160,130130,719194,313502503,121763,121763,19609,329716,110199,16144,3107,5699484,915933,
161,131375,726305,318034291,122894,122894,19756,333167,111295,16299,3122,5751432,923980,
162,132620,733244,323278026,124025,124025,19972,336446,112322,16454,3140,5803223,932404,
163,133865,740341,328318934,125153,125153,20156,339889,113381,16609,3157,5855211,940647,
164,135110,747384,332938247,126283,126283,20302,343274,114478,16764,3171,5907725,948538,
165,136355,754599,337245830,127409,127409,20420,346839,115603,16919,3184,5960503,956275,
166,137600,761898,341975207,128535,128535,20574,350488,116692,17074,3199,6012906,964398,
167,138845,769422,346623060,129657,129657,20717,354370,117792,17229,3214,6065028,972566,
168,140147,776160,354918346,130838,130838,21226,357284,118583,17391,3258,6119373,983627,
169,141449,783432,360188996,132011,132011,21412,360748,119697,17553,3275,6171297,991881,
170,142751,790860,364988011,133179,133179,21556,364378,120853,17715,3290,6223969,1000078,
171,144054,798304,370149365,134347,134347,21739,368023,121971,17877,3307,6276845,1008549,
172,145357,805815,375113389,135515,135515,21899,371735,123112,18039,3323,6329985,1016868,
173,146659,813457,379778512,136681,136681,22026,375583,124285,18201,3337,6383160,1025021,
174,147962,820986,385099653,137847,137847,22201,379317,125411,18363,3353,6436196,1033453,
175,149265,828600,390317809,139013,139013,22364,383136,126549,18525,3370,6488849,1041783,
176,150584,835488,398710704,140193,140193,22835,386183,127395,18689,3409,6543530,1052564,
177,151903,842903,403652875,141373,141373,22967,389757,128580,18853,3424,6596491,1060419,
178,153222,850289,409299261,142547,142547,23167,393314,129697,19017,3442,6649426,1068963,
179,154541,858059,414518011,143714,143714,23321,397269,130860,19181,3457,6702863,1077436,
180,155861,865516,420202525,144881,144881,23527,400910,131972,19345,3475,6756249,1086134,
181,157180,873254,425379565,146043,146043,23683,404843,133133,19509,3490,6809792,1094594,
182,158499,881124,430267210,147203,147203,23813,408912,134320,19673,3504,6863617,1102881,
183,159819,889002,435234411,148363,148363,23951,412988,135500,19837,3518,6917445,1111243,
184,161139,896679,441676853,149519,149519,24193,416871,136576,20001,3538,6970466,1120341,
185,162471,903380,450795794,150690,150690,24708,419734,137391,20167,3581,7024175,1131359,
186,163803,910854,456442792,151861,151861,24886,423370,138543,20333,3598,7077206,1139700,
187,165135,918397,461937917,153032,153032,25044,427075,139715,20499,3613,7131105,1148120,
188,166467,925804,468055599,154200,154200,25250,430650,140839,20665,3631,7184910,1156911,
189,167799,933316,474259169,155363,155363,25461,434340,141958,20831,3649,7238185,1165741,
190,169131,940829,480034596,156521,156521,25654,438041,143095,20997,3666,7292253,1174320,
191,170463,948526,485494797,157678,157678,25806,441928,144273,21163,3681,7346666,1182828,
192,171795,956147,491424442,158833,158833,25983,445743,145426,21329,3697,7400800,1191497,
193,173127,963712,497877038,159982,159982,26208,449514,146531,21495,3716,7454709,1200459,
194,174465,969987,507992126,161134,161134,26796,451983,147279,21661,3760,7508424,1211986,
195,175801,977384,513720916,162282,162282,26951,455584,148458,21827,3775,7561710,1220258,
196,177137,984784,519998043,163429,163429,27144,459190,149599,21993,3793,7615537,1228967,
197,178474,992128,526619916,164578,164578,27379,462735,150699,22159,3813,7668594,1238075,
198,179810,999560,532616781,165722,165722,27558,466379,151854,22325,3829,7723015,1246609,
199,181146,1007177,538277553,166868,166868,27710,470204,153036,22491,3844,7777391,1255054,
200,182482,1014830,544165576,168014,168014,27871,474065,154209,22657,3859,7831690,1263615,
201,183818,1022506,550426746,169159,169159,28065,477951,155349,22823,3877,7885648,1272371,
202,185174,1029459,560183245,170330,170330,28568,481039,156200,22992,3918,7941159,1283591,
203,186530,1037049,566214680,171498,171498,28732,484770,157390,23161,3934,7994509,1292013,
204,187886,1044612,572503732,172668,172668,28912,488470,158564,23330,3951,8048815,1300585,
205,189242,1052281,578559160,173836,173836,29083,492280,159747,23499,3967,8103224,1309127,
206,190598,1059952,585013922,175004,175004,29277,496092,160907,23668,3984,8158086,1317879,
207,191954,1067841,590861853,176171,176171,29427,500124,162111,23837,3999,8213158,1326432,
208,193310,1075822,596695465,177339,177339,29583,504246,163309,24006,4014,8267438,1335071,
209,194667,1083661,603392311,178509,178509,29785,508221,164462,24175,4032,8322204,1344057,
