Backup ID, Logical chunk num, Unique chunk num, Base chunk num, Delta chunk num, Logical chunk size, Unique chunk size, Base chunk size, Delta chunk size, LZ4_save size, Delta_save size, 
0,47270,45091,44906,185,374824960,355493664,226778261,120817,127105175,1489411
1,93760,63193,55049,8144,741068800,495103669,276897648,1016963,157232353,59956705
2,140254,80435,64881,15554,1108418560,629979924,325840223,2044795,187572049,114522857
3,186916,97135,73639,23496,1477611520,759367472,369711798,3096802,214608209,171950663
4,233561,111930,80948,30982,1846190080,875009206,405027785,3959937,239216326,226805158
5,271616,126584,88566,38018,2149201920,988912863,439872063,4888417,265443256,278709127
6,333509,182509,140907,41602,2647705600,1439024217,689125441,6323262,438973770,304601744
7,375631,217536,168220,49316,2997319680,1732574333,807488574,8474297,549796597,366814865
8,419564,249310,186365,62945,3364526080,1998004082,897058646,14033013,607377168,479535255
9,463497,249332,186375,62957,3731732480,1998126473,897066487,14036071,607419805,479604110
10,511234,257100,191819,65281,4109803520,2059446492,924111258,14305460,625449584,495580190
11,550375,262844,195315,67529,4422103040,2104629607,939839606,14517856,639461595,510810550
12,589502,277512,203014,74498,4734248960,2218783128,976989220,15477385,664742874,561573649
13,652520,280730,203504,77226,5241784320,2241418287,978952204,15833898,666260061,580372124
14,717905,300858,212883,87975,5764464640,2400783295,1021105739,17179819,697368556,665129181
15,783325,316129,218951,97178,6287237120,2525462985,1050450944,18158975,718412383,738440683
16,829595,341773,229461,112312,6673735680,2745488039,1096883622,30259414,761657534,856687469
17,875466,350721,230928,119793,7057971200,2823472834,1102472440,37960579,767665486,915374329
18,923854,357394,235082,122312,7442227200,2876277470,1120879361,37394986,784586515,933416608
19,971484,363629,238489,125140,7817871360,2924628193,1135087417,37665203,798852412,953023161
20,1019179,369592,241610,127982,8194682880,2971142827,1147721652,37976206,812685384,972759585
21,1067026,375496,244618,130878,8573368320,3017413239,1159674397,38221842,826564031,992952969
22,1112897,375519,244630,130889,8957603840,3017536324,1159687336,38225265,826610107,993013616
23,1158768,375540,244635,130905,9341839360,3017643824,1159692880,39198443,826615482,992137019
24,1207545,391103,253281,137822,9731287040,3147129212,1205905639,39183117,852725666,1049314790
25,1256392,394790,254097,140693,10121338880,3173146392,1210111623,39419523,854299185,1069316061
26,1305302,398504,254628,143876,10512404480,3198894091,1211964077,39763435,855962505,1091204074
27,1354172,412295,260407,151888,10903429120,3314601417,1240974378,40737922,876088681,1156800436
28,1402940,415863,261067,154796,11293941760,3340115247,1244918850,41066571,877180228,1176949598
29,1443085,436186,269912,166274,11619184640,3504542465,1288411395,43349833,905827334,1266953903
30,1483217,452933,276293,176640,11944468480,3640857118,1318659351,44632803,928243188,1349321776
31,1523363,455386,276692,178694,12269639680,3659050396,1320829011,44811421,929111244,1364298720
32,1563546,457878,277201,180677,12595281920,3677505788,1323714578,45016384,930144040,1378630786
33,1603775,460343,277676,182667,12921047040,3695746745,1326563955,45226692,931060240,1392895858
34,1648884,470364,281665,188699,13298063360,3789919389,1338459933,57826786,957503340,1436129330
35,1694029,478149,282655,195494,13675489280,3861312313,1342463286,65585139,961870184,1491393704
36,1741440,485699,283232,202467,14072944640,3929958353,1345090524,73372730,964071224,1547423875
37,1788524,505702,288338,217364,14468106240,4101652910,1370743772,84298872,980207635,1666402631
38,1835523,513397,289399,223998,14863370240,4171832822,1374851667,95277960,986609237,1715093958
39,1876216,530689,298130,232559,15191316480,4311487807,1418127928,95949557,1013018642,1784391680
40,1913449,545953,303065,242888,15492782080,4436563133,1442356572,97984362,1029064200,1867157999
41,1950738,563025,309112,253913,15794718720,4575785202,1472139494,100258624,1048057085,1955329999
42,1988065,578196,315125,263071,16096768000,4699732147,1503366294,101719385,1065390132,2029256336
43,2025433,582690,316395,266295,16399237120,4732139714,1509080083,102338392,1069180945,2051540294
44,2074134,597635,323935,273700,16789903360,4856818378,1548602790,105411091,1093395390,2109409107
45,2122847,600194,324523,275671,17180590080,4875734367,1552284070,105339612,1094387544,2123723141
46,2171519,603472,324970,278502,17570560000,4899115325,1554507555,105766989,1095613481,2143227300
47,2220326,618425,330403,288022,17961431040,5021636387,1579024094,106393195,1116134519,2220084579
48,2257694,618450,330411,288039,18263900160,5021781860,1579029165,106396593,1116166321,2220189781
49,2307202,622086,332278,289808,18659973120,5049354401,1592368742,106585571,1117804378,2232595710
50,2356622,624875,332976,291899,19055656960,5069977693,1596946694,106706445,1118755268,2247569286
51,2405612,636347,337112,299235,19468840960,5177786411,1612928074,125246703,1141792392,2297819242
52,2447006,637794,337567,300227,19802460160,5189341117,1615974176,125080999,1142511806,2305774136
53,2484962,639336,338227,301109,20109813760,5201673249,1620686231,125439671,1143206942,2312340405
54,2522969,640807,338735,302072,20417689600,5213578195,1624182301,125565577,1143870754,2319959563
55,2561009,642051,339020,303031,20725667840,5223559501,1625998598,125628721,1144422672,2327509510
56,2599098,643311,339280,304031,21034076160,5233628060,1627508675,125734292,1144973908,2335411185
57,2639876,645916,339866,306050,21364449280,5252952705,1631061131,125963261,1145949570,2349978743
58,2680677,648640,340544,308096,21695129600,5273120641,1635248054,126275217,1147006638,2364590732
59,2721490,651174,340952,310222,22025707520,5292001087,1637586921,126633327,1147813182,2379967657
60,2762338,653720,341368,312352,22356746240,5310963607,1640103364,126817855,1148601551,2395440837
61,2803249,656273,341747,314526,22687907840,5329807731,1642235083,127044513,1149340100,2411188035
62,2850269,667060,343622,323438,23082076160,5426033199,1648638990,136148479,1159940410,2481305320
63,2897423,675589,344291,331298,23477360640,5503728992,1651448892,145209283,1162581588,2544489229
64,2946849,684080,344930,339150,23892674560,5580869610,1654046786,152883131,1165403615,2608536078
65,2995937,692541,345488,347053,24305715200,5657844301,1656222580,162184915,1167780281,2671656525
66,3034026,692567,345500,347067,24614123520,5657992401,1656235756,162190334,1167826718,2671739593
67,3083892,695994,347068,348926,25014067200,5683878422,1664758930,161959318,1171716205,2685443969
68,3133068,710148,353356,356792,25406832640,5802337491,1697876919,162707247,1191900887,2749852438
69,3182530,712856,354100,358756,25803069440,5822555219,1703104303,162753845,1192862906,2763834165
70,3220619,712881,354104,358777,26111477760,5822699186,1703106193,162760481,1192879448,2763953064
71,3263035,735096,374827,360269,26455859200,6005656824,1819967041,163773997,1247223868,2774691918
72,3307336,746419,383758,362661,26815508480,6098796294,1868358970,164328950,1272917890,2793190484
73,3350218,752391,388207,364184,27163023360,6147772247,1893335422,164270464,1284515087,2805651274
74,3393144,753605,388535,365070,27510743040,6157487549,1895556408,164371997,1284992672,2812566472
75,3436144,759571,392097,367474,27858503680,6204746036,1913196790,164918768,1295983111,2830647367
76,3479144,762358,392751,369607,28206233600,6225611499,1916695222,164990313,1297588470,2846337494
77,3523445,770570,398086,372484,28565800960,6291053095,1942307660,165651731,1315521083,2867572621
78,3567732,772866,398555,374311,28925265920,6310049010,1944863932,165708143,1316901889,2882575046
79,3612081,781297,403474,377823,29285120000,6376027080,1967835658,167173052,1334025055,2906993315
80,3656412,784282,404004,380278,29644994560,6399193338,1970177301,166664413,1335888325,2926463299
81,3700674,787566,404846,382720,30004213760,6425556325,1974606898,166927722,1338057833,2945963872
82,3740691,798725,414474,384251,30326528000,6515039713,2027291160,167623525,1362738062,2957386966
83,3783372,805381,418921,386460,30671964160,6567954497,2050406735,168116092,1375538456,2973893214
84,3825950,810353,422308,388045,31016939520,6607659097,2067865026,168528755,1385705874,2985559442
85,3868596,815960,424950,391010,31362539520,6650687784,2085271811,169107341,1389545026,3006763606
86,3910995,819466,425844,393622,31706787840,6677029366,2090274401,169268739,1391753746,3025732480
87,3953403,821838,426124,395714,32051159040,6694505446,2091296426,169434296,1392789339,3040985385
88,3997704,821859,426128,395731,32410808320,6694628515,2091304425,169439440,1392810695,3041073955
89,4042378,824073,428047,396026,32773447680,6712487789,2105869644,169532708,1393965144,3043120293
90,4086956,826102,429165,396937,33135206400,6728833826,2114504965,169648680,1394573651,3050106530
91,4131606,827496,429535,397961,33497640960,6740028415,2116968583,169648650,1395107500,3058303682
92,4176284,834288,433699,400589,33860229120,6794113241,2136579713,170322913,1410013492,3077197123
93,4220932,838026,434363,403663,34222755840,6822115611,2139157820,172211613,1412313681,3098432497
94,4265582,838047,434372,403675,34585190400,6822244413,2139170790,172214399,1412353967,3098505257
