Backup ID, FPindex, SFindex, Deltaindex
0,3607280,8562432,10176
1,5055440,10506112,514048
2,6434800,12391552,825888
3,7770800,14067776,1127616
4,8954400,15468288,1407008
5,10126720,16921216,1676640
6,14600720,26907712,1836768
7,17402880,31865600,2273600
8,19944800,35289088,2901664
9,19946560,35291008,2902368
10,20568000,36333568,2985824
11,21027520,37003392,3074016
12,22200960,38466432,3323520
13,22458400,38559424,3456832
14,24068640,40356352,3885792
15,25290320,41515072,4203392
16,27341840,43504256,4797952
17,28057680,43750016,5102112
18,28591520,44544960,5196736
19,29090320,45195264,5302176
20,29567360,45792640,5404640
21,30039680,46368512,5508512
22,30041520,46370816,5509056
23,30043200,46371520,5509760
24,31288240,48029184,5750080
25,31583200,48184960,5863776
26,31880320,48284672,5977472
27,32983600,49387712,6266848
28,33269040,49512000,6368512
29,34894880,51197376,6790368
30,36234640,52413824,7148416
31,36430880,52488448,7222208
32,36630240,52584448,7293440
33,36827440,52674880,7365472
34,37629120,53407552,7582624
35,38251920,53574464,7852320
36,38855920,53671744,8092192
37,40456160,54603264,8608896
38,41071760,54764480,8839680
39,42455120,56426752,9136416
40,43676240,57360384,9531936
41,45042000,58488192,9925824
42,46255680,59632064,10245184
43,46615200,59871552,10364576
44,47810800,61309440,10623872
45,48015520,61420992,10695808
46,48277760,61505536,10796928
47,49474000,62538368,11136768
48,49476000,62539840,11137696
49,49766880,62896384,11196256
50,49990000,63028992,11276288
51,50907760,63796672,11542720
52,51023520,63883712,11592032
53,51146880,64009536,11625888
54,51264560,64103104,11662560
55,51364080,64155776,11695648
56,51464880,64204544,11730304
57,51673280,64314688,11805696
58,51891200,64443584,11881664
59,52093920,64520448,11956384
60,52297600,64597760,12029408
61,52501840,64668032,12102880
62,53364800,65008896,12446016
63,54047120,65103744,12726208
64,54726400,65214848,12990016
65,55403280,65277440,13257824
66,55405360,65279744,13258464
67,55679520,65579136,13321440
68,56811840,66780032,13590304
69,57028480,66920896,13660448
70,57030480,66921664,13661408
71,58807680,70895232,13746336
72,59713520,72608192,13865792
73,60191280,73462016,13937120
74,60288400,73524864,13970176
75,60765680,74207808,14057984
76,60988640,74330560,14132416
77,61645600,75326272,14235520
78,61829280,75405568,14310048
79,62503760,76345024,14435168
80,62742560,76445376,14530816
81,63005280,76604096,14623648
82,63898000,78445184,14694944
83,64430480,79295104,14787296
84,64828240,79938816,14848512
85,65276800,80443648,14956032
86,65557280,80612288,15045024
87,65747040,80663680,15114784
88,65748720,80664384,15115552
89,65925840,81032448,15126176
90,66088160,81245888,15176832
91,66199680,81316416,15217376
92,66743040,82113280,15313504
93,67042080,82236608,15430464
94,67043760,82237952,15430976
