Backup ID, Online Delta_save, Offline Delta_save, Offline delta time, Offline dedelta time, Offline delete time, Offline Delta chunk num
0,1429684,59727,26,20,3,6
1,59869735,86970,57,48,7,9
2,114280209,242648,136,107,19,29
3,171553381,397282,216,167,28,49
4,225220939,1584219,800,573,56,227
5,266345742,12363385,6035,4417,105,1618
6,290289258,14312486,7087,5141,155,1946
7,349727133,17087732,8281,5942,214,2339
8,443197224,36338031,13610,8804,290,4806
9,443266079,36338031,13610,8804,290,4806
10,456673002,38907188,16002,10810,328,5192
11,469844884,40965666,17688,12165,372,5523
12,498931282,62642367,31880,23304,499,8576
13,513092330,67279794,35729,26514,554,9215
14,594009058,71120123,38575,28741,625,9834
15,665272757,73167926,40574,30422,692,10152
16,748770505,107916964,54131,38832,812,15299
17,768066025,147308304,66720,46464,896,20256
18,780118175,153298433,73291,52262,987,21029
19,791131947,161891214,83951,61674,1088,22277
20,804860251,167899334,91034,67860,1175,23174
21,818191612,174761357,100818,76608,1273,24210
22,818252259,174761357,100818,76608,1273,24210
23,818323773,173813246,101089,76877,1278,24212
24,870592572,178722218,105889,81107,1394,24782
25,887981599,181334462,109756,84565,1496,25191
26,904938996,186265078,116207,90172,1601,26035
27,955799365,201001071,126497,98682,1708,27815
28,970519806,206429792,134438,105813,1822,28625
29,1028249045,238704858,163700,130656,2011,33044
30,1083026173,266295603,188515,151841,2181,36674
31,1092276889,272021831,196419,158945,2278,37474
32,1102559155,276071631,201660,163621,2364,38039
33,1112121983,280773875,209197,170488,2440,38709
34,1117451109,318678221,225171,181086,2544,44085
35,1125068599,366325105,245015,195079,2628,49936
36,1135330808,412093067,267304,211631,2729,55673
37,1173545780,492856851,328899,262904,2950,65995
38,1177909357,537184601,359317,287266,3051,72051
39,1221759868,562631812,385672,310512,3274,75160
40,1272949652,594208347,421000,341833,3459,79167
41,1326082494,629247505,465397,381660,3681,83737
42,1367570470,661685866,503135,415313,3916,87822
43,1381611113,669929181,513950,424817,4058,89133
44,1395884755,713524352,582160,487425,4329,94735
45,1404993632,718729509,591921,496514,4463,95407
46,1418207018,725020282,603021,506685,4602,96336
47,1441796442,778288137,677671,574901,4874,102770
48,1441901644,778288137,677671,574901,4874,102770
49,1450072134,782523576,690757,587364,5015,103393
50,1460757207,786812079,703588,599595,5163,103993
51,1470149911,827669331,734788,624644,5320,110144
52,1476220758,829553378,737357,626999,5390,110358
53,1479854168,832486237,743147,632392,5453,110755
54,1482860230,837099333,748879,637559,5502,111320
55,1484964157,842545353,755861,643849,5569,112012
56,1489394938,846016247,761769,649330,5605,112439
57,1495509252,854469491,782393,668774,5780,113619
58,1503096231,861494501,798760,684169,5935,114591
59,1510481633,869486024,819253,703539,6071,115714
60,1519536125,875904712,834842,718252,6194,116590
61,1526726164,884461871,851704,733942,6308,117762
62,1533872649,947432671,910154,784390,6609,125764
63,1539309284,1005179945,953778,820781,6759,132997
64,1543535213,1065000865,1003880,863614,6923,140266
65,1545204410,1126452115,1063029,915078,7101,147951
66,1545287478,1126452115,1063029,915078,7101,147951
67,1551206721,1134237248,1091137,942128,7312,149009
68,1587240126,1162612312,1144124,991623,7602,152501
69,1594551238,1169282927,1165726,1012273,7777,153453
70,1594670137,1169282927,1165726,1012273,7777,153453
71,1604348315,1170343603,1167225,1013586,7903,153639
72,1621513374,1171677110,1167936,1014112,7972,153824
73,1632679607,1172971667,1168958,1015013,8018,153945
74,1638786961,1173779511,1169195,1015149,8034,154046
75,1654401914,1176245453,1171269,1016873,8099,154396
76,1663344785,1182992709,1176770,1021505,8243,155265
77,1677570071,1190002550,1182373,1026170,8342,156203
78,1688677097,1193897949,1185886,1029190,8392,156696
79,1702912470,1204080845,1195660,1037372,8525,158288
80,1716129365,1210333934,1201592,1042577,8602,159015
81,1727929978,1218033894,1209151,1049161,8660,159990
82,1736207568,1221179398,1212954,1052508,8831,160446
83,1746699385,1227193829,1218552,1057263,8924,161289
84,1752574759,1232984683,1224625,1062542,9035,162083
85,1762245690,1244517916,1237863,1074144,9206,163719
86,1770014211,1255718269,1251394,1086184,9310,165210
87,1776183883,1264801502,1262255,1095875,9403,166380
88,1776259834,1264814121,1262266,1095885,9405,166381
89,1777293558,1265826735,1263846,1097317,9466,166529
90,1783343282,1266763248,1264483,1097827,9501,166656
91,1787367145,1270936537,1267526,1100361,9582,167165
92,1800302879,1276894244,1274960,1106944,9723,168016
93,1813878862,1284553635,1285612,1116236,9845,169376
94,1813951622,1284553635,1285612,1116236,9845,169376
