BackupID, OnlineSpeed(MB/s), Encalve ProcessTime(s), BackupSize, OnlineSize, OfflineSize, OfflineTime(s)
0, 98.6414, 3.62384, 374824960, 226925095, 226899078, 0.053739
1, 190.187, 1.83649, 366243840, 277918238, 277914611, 0.091444
2, 192.805, 1.81702, 367349760, 327939619, 327885018, 0.25308
3, 191.691, 1.83676, 369192960, 372874715, 372808600, 0.276821
4, 217.379, 1.61701, 368578560, 409498356, 408987722, 0.87369
5, 180.614, 1.59995, 303011840, 454355817, 444760480, 5.15979
6, 98.8696, 4.80845, 498503680, 696305324, 695448703, 1.64365
7, 105.957, 3.14673, 349614080, 817564742, 815962871, 1.87887
8, 114.931, 3.047, 367206400, 918187981, 911091659, 6.64821
9, 628.1, 0.557547, 367206400, 911102558, 911102558, 0.001818
10, 298.355, 1.20848, 378071040, 939713560, 938416718, 2.50187
11, 296.265, 1.00529, 312299520, 955256276, 954357462, 1.80209
12, 179.277, 1.66048, 312145920, 1009361516, 992466605, 12.0541
13, 447.242, 1.08224, 507535360, 998160654, 994786102, 3.53861
14, 218.002, 2.28653, 522680320, 1040323469, 1038285558, 3.06202
15, 250.651, 1.98904, 522772480, 1069556503, 1068609919, 2.33414
16, 143.976, 2.5601, 386498560, 1133952835, 1127143036, 14.6325
17, 273.469, 1.33996, 384235520, 1148672315, 1140433019, 13.8011
18, 298.184, 1.22896, 384256000, 1162010014, 1158274347, 5.5126
19, 322.459, 1.11097, 375644160, 1178092262, 1172752620, 7.96518
20, 323.683, 1.11021, 376811520, 1189298365, 1185697858, 5.95853
21, 329.718, 1.09531, 378685440, 1201607486, 1197896239, 7.35371
22, 611.463, 0.599277, 384235520, 1197912601, 1197912601, 0.002386
23, 672.569, 0.54483, 384235520, 1197922974, 1198891323, 0.271148
24, 207.299, 1.79165, 389447680, 1248131644, 1245088756, 4.49547
25, 360.486, 1.03189, 390051840, 1250679611, 1249531146, 3.6519
26, 365.294, 1.02096, 391065600, 1253654177, 1251727512, 5.40951
27, 221.606, 1.68276, 391024640, 1290899739, 1281712300, 9.0451
28, 375.659, 0.991383, 390512640, 1289588933, 1285985421, 6.39765
29, 143.517, 2.16125, 325242880, 1351061890, 1331761228, 23.1172
30, 167.922, 1.84737, 325283840, 1378982238, 1363292154, 21.3124
31, 405.913, 0.763976, 325171200, 1369856762, 1365640432, 6.82751
32, 410.67, 0.756219, 325642240, 1371875774, 1368730962, 4.47372
33, 397.983, 0.780621, 325765120, 1375021192, 1371790647, 5.67631
34, 278.802, 1.28963, 377016320, 1400762733, 1396286719, 16.4669
35, 299.112, 1.20337, 377425920, 1421020768, 1408048425, 18.622
36, 319.977, 1.18459, 397455360, 1429436884, 1418463254, 20.0666
37, 170.26, 2.21342, 395161600, 1484650446, 1455042644, 48.519
38, 309.737, 1.21701, 395264000, 1480290510, 1470129627, 27.302
39, 162.791, 1.9212, 327946240, 1529042742, 1514077485, 20.3616
40, 160.582, 1.79036, 301465600, 1559667888, 1540340934, 27.5844
41, 152.336, 1.89023, 301936640, 1593171953, 1572398118, 31.6637
42, 167.396, 1.72081, 302049280, 1624836730, 1605085679, 29.9539
43, 316.119, 0.912496, 302469120, 1616547973, 1611418475, 9.37031
44, 204.505, 1.82181, 390666240, 1679201114, 1654013881, 47.6553
45, 405.263, 0.919373, 390686720, 1661795934, 1657623682, 8.53491
46, 359.858, 1.03347, 389969920, 1664831944, 1660274544, 9.06508
47, 195.232, 1.90934, 390871040, 1719031342, 1685417289, 52.5435
48, 619.898, 0.46533, 302469120, 1685425758, 1685425758, 0.003182
49, 370.331, 1.01996, 396072960, 1701230833, 1698954313, 10.0991
50, 401.021, 0.940983, 395683840, 1706478552, 1703653139, 9.60599
51, 255.718, 1.54093, 413184000, 1740551656, 1738174777, 28.2139
52, 488.952, 0.650706, 333619200, 1742725215, 1741055175, 2.61294
53, 483.819, 0.605837, 307353600, 1748769298, 1746125902, 4.43392
54, 452.434, 0.648964, 307875840, 1754181132, 1749747878, 4.09998
55, 479.393, 0.612672, 307978240, 1756614365, 1751627319, 4.76684
56, 510.843, 0.575756, 308408320, 1756615361, 1753242967, 3.76084
57, 389.404, 0.809105, 330373120, 1762893116, 1757024392, 13.4194
58, 378.715, 0.832714, 330680320, 1766776858, 1761523271, 11.6153
59, 388.632, 0.811214, 330577920, 1770131510, 1764220248, 14.5397
60, 396.63, 0.795963, 331038720, 1771786982, 1766921219, 10.7868
61, 402.53, 0.784588, 331161600, 1776270579, 1769279596, 11.1569
62, 252.342, 1.48968, 394168320, 1803493275, 1784787469, 43.4765
63, 295.204, 1.27699, 395284480, 1813939750, 1796658175, 37.6096
64, 304.711, 1.29984, 415313920, 1825599191, 1806929917, 41.61
65, 308.369, 1.27738, 413040640, 1836614383, 1818407495, 44.7849
66, 607.671, 0.484014, 308408320, 1818426090, 1818426090, 0.010032
67, 392.476, 0.971821, 399943680, 1831491766, 1826718248, 17.3925
68, 206.096, 1.81746, 392765440, 1877321749, 1860584166, 38.5468
69, 353.75, 1.06821, 396236800, 1870365513, 1865858148, 14.569
70, 613.679, 0.479275, 308408320, 1865866674, 1865866674, 0.003393
71, 144.959, 2.26565, 344381440, 1984116246, 1983741038, 2.39611
72, 231.133, 1.48394, 359649280, 2033581822, 2032687920, 1.26595
73, 300.155, 1.10415, 347514880, 2058728700, 2057605886, 1.01015
74, 516.368, 0.642199, 347719680, 2060707084, 2059928405, 0.339016
75, 311.347, 1.06521, 347760640, 2080029575, 2078115558, 1.89429
76, 384.562, 0.862334, 347729920, 2086716100, 2081685535, 4.75466
77, 268.635, 1.27649, 359567360, 2113586265, 2107959391, 4.66362
78, 461.378, 0.743019, 359464960, 2113734966, 2110572075, 2.64239
79, 265.219, 1.29396, 359854080, 2141282230, 2135008710, 7.5789
80, 395.077, 0.868699, 359874560, 2141894985, 2136841714, 4.35654
81, 410.402, 0.834737, 359219200, 2147896455, 2141534620, 5.34031
82, 215.463, 1.42662, 322314240, 2196654600, 2194914685, 3.98998
83, 290.029, 1.13586, 345436160, 2222647090, 2218522827, 4.55042
84, 334.908, 0.982343, 344975360, 2241198062, 2236393781, 4.89963
85, 316.871, 1.04014, 345600000, 2262193174, 2254379152, 10.1627
86, 376.16, 0.872769, 344248320, 2267979625, 2259543140, 9.37146
87, 403.066, 0.814799, 344371200, 2268519735, 2260730722, 8.16784
88, 651.188, 0.526712, 359649280, 2260744114, 2260743865, 0.028562
89, 466.181, 0.741858, 362639360, 2276112390, 2275402352, 1.62994
90, 478.459, 0.721065, 361758720, 2284972286, 2284153645, 0.705534
91, 481.67, 0.717596, 362434560, 2290368875, 2286617233, 2.45811
92, 290.627, 1.18981, 362588160, 2310264763, 2306902626, 5.45371
93, 352.292, 0.981381, 362526720, 2315567910, 2311369433, 7.89201
94, 634.781, 0.54451, 362434560, 2311385189, 2311385189, 0.004209
