Backup ID, Ecall, Inline_Ocall, Offline_Ocall, _Inline_FPOcall, _Inline_SFOcall, _Inline_LocalOcall, _Inline_LoadOcall, _Inline_DeltaOcall, _Inline_RecipeOcall, _Inline_Write_ContainerOcall, _inline_have_similar_chunk_num, _inline_need_load_container_num
0,372,1423,1932,370,370,1,267,369,46,59,515,162,
1,738,2565,11113,694,694,2,352,732,91,73,8497,541,
2,1104,3710,32529,1016,1016,4,444,1094,136,87,15921,1070,
3,1471,4853,59215,1334,1334,5,541,1458,181,100,23906,1725,
4,1838,5949,108056,1622,1622,11,651,1817,226,111,31415,2422,
5,2138,6875,189514,1861,1861,31,764,2095,263,124,38487,3073,
6,2624,8664,267609,2340,2340,42,1051,2568,323,189,42242,3580,
7,2956,10670,356023,2666,2666,53,2034,2887,364,221,52426,4252,
8,3302,12141,488287,2992,2992,92,2467,3192,406,248,66333,5162,
9,3648,12547,488305,2999,2999,92,2473,3536,448,250,66345,5170,
10,4023,13350,570407,3151,3151,100,2553,3901,494,259,68671,5509,
11,4331,14054,657784,3283,3283,106,2649,4201,532,265,70921,5832,
12,4639,15029,854842,3525,3525,154,2796,4459,570,280,77955,6606,
13,5134,15979,964841,3674,3674,165,2894,4941,631,283,80683,6949,
14,5647,17416,1096844,4017,4017,178,3071,5439,694,296,91440,7711,
15,6161,18740,1228265,4319,4319,187,3216,5942,757,305,100681,8425,
16,6525,19977,1455788,4652,4652,264,3380,6227,802,324,115830,9650,
17,6886,20848,1648701,4833,4833,329,3486,6521,846,331,123319,10442,
18,7267,21684,1828635,4987,4987,344,3588,6885,893,338,125841,10818,
19,7642,22518,2010061,5143,5143,369,3691,7233,939,344,128670,11282,
20,8017,23356,2165460,5295,5295,386,3806,7589,985,350,131512,11719,
21,8393,24185,2338611,5444,5444,406,3917,7943,1031,356,134408,12170,
22,8754,24607,2338631,5451,5451,406,3922,8302,1075,358,134419,12178,
23,9115,25024,2349685,5458,5458,407,3922,8660,1119,360,134437,12190,
24,9499,26030,2540121,5681,5681,425,4053,9024,1166,374,141359,12815,
25,9883,26994,2725054,5880,5880,437,4190,9394,1213,377,144230,13348,
26,10268,27931,2924528,6071,6071,458,4315,9756,1260,380,147415,13912,
27,10652,28945,3134757,6287,6287,484,4468,10112,1307,391,155445,14619,
28,11035,29897,3342133,6477,6477,503,4612,10474,1354,394,158356,15177,
29,11351,31032,3691186,6773,6773,571,4802,10720,1393,412,169835,16310,
30,11667,32091,4013669,7031,7031,624,4992,10981,1432,425,180204,17271,
31,11983,32761,4213162,7147,7147,640,5077,11279,1471,428,182259,17621,
32,12299,33446,4398060,7264,7264,652,5175,11581,1510,431,184247,17943,
33,12616,34122,4561307,7377,7377,667,5271,11881,1549,434,186237,18276,
34,12971,34791,4805662,7489,7489,741,5319,12160,1593,443,192269,19195,
35,13326,35471,5003593,7603,7603,811,5374,12443,1637,451,199075,19855,
36,13699,36165,5228913,7714,7714,877,5429,12748,1683,458,206061,20479,
37,14069,37361,5709431,8007,8007,1007,5626,12986,1728,476,220982,22038,
38,14439,38064,5940206,8122,8122,1082,5686,13279,1773,484,227629,22789,
39,14759,39148,6299799,8373,8373,1135,5911,13544,1812,500,236217,23686,
40,15052,40229,6660476,8624,8624,1187,6163,13783,1848,513,246582,24615,
41,15346,41429,7081795,8892,8892,1253,6499,14009,1884,528,257753,25650,
42,15640,42524,7514334,9162,9162,1313,6726,14241,1920,543,266945,26595,
43,15934,43457,7765713,9407,9407,1335,6841,14511,1956,547,270170,27057,
44,16317,44462,8318388,9624,9624,1429,6984,14798,2003,565,277575,28072,
45,16700,45423,8578022,9839,9839,1442,7087,15166,2050,568,279546,28401,
46,17083,46382,8840467,10027,10027,1464,7242,15525,2097,571,282377,28932,
47,17467,47611,9418682,10319,10319,1552,7458,15819,2144,587,291906,30112,
48,17761,48195,9418698,10443,10443,1552,7466,16111,2180,589,291924,30122,
49,18150,48998,9704453,10564,10564,1567,7592,16483,2228,594,293695,30495,
50,18539,49800,9968173,10686,10686,1582,7715,16855,2276,597,295788,30874,
51,18924,50558,10276822,10815,10815,1661,7785,17159,2323,608,303133,31839,
52,19250,51185,10394821,10921,10921,1666,7836,17478,2363,611,304125,31965,
53,19549,52038,10520043,11159,11159,1673,7879,17768,2400,614,305008,32096,
54,19848,52840,10601313,11371,11371,1680,7923,18058,2437,617,305992,32225,
55,20148,53425,10710780,11477,11477,1690,7961,18346,2474,620,306955,32365,
56,20448,53882,10764102,11517,11517,1695,8003,18639,2511,623,307959,32486,
57,20769,54915,11062271,11805,11805,1726,8102,18927,2550,627,309978,32926,
58,21090,55892,11314634,12065,12065,1745,8201,19227,2589,631,312025,33293,
59,21411,56593,11550149,12182,12182,1769,8310,19522,2628,635,314151,33682,
60,21733,57295,11764473,12297,12297,1788,8423,19823,2667,638,316282,34048,
61,22055,57974,11960393,12411,12411,1809,8515,20122,2706,642,318456,34411,
62,22425,58882,12493660,12604,12604,1925,8624,20374,2751,652,327370,35871,
63,22796,59605,12784166,12732,12732,2008,8676,20660,2797,661,335280,36680,
64,23185,60341,13105077,12859,12859,2094,8723,20961,2845,670,343137,37533,
65,23571,61426,13448597,13165,13165,2184,8765,21255,2892,679,351041,38507,
66,23871,61839,13449079,13200,13200,2184,8773,21553,2929,681,351055,38518,
67,24263,62635,13835324,13328,13328,2212,8875,21915,2977,686,352914,38964,
68,24650,63713,14342285,13548,13548,2270,9080,22242,3025,700,360781,39855,
69,25039,64705,14641828,13769,13769,2295,9195,22604,3073,704,362745,40294,
70,25339,65119,14641840,13803,13803,2295,9206,22902,3110,706,362766,40311,
71,25673,66031,14804367,14015,14015,2306,9321,23223,3151,737,364281,40561,
72,26022,66973,14905625,14240,14240,2313,9423,23563,3194,751,366681,40868,
73,26360,67825,14953121,14429,14429,2317,9520,23895,3235,759,368206,41104,
74,26698,68539,14968428,14576,14576,2319,9563,24229,3276,761,369092,41208,
75,27036,69321,15058664,14730,14730,2327,9660,24557,3317,767,371496,41532,
76,27374,70183,15242549,14922,14922,2347,9761,24873,3358,771,373629,41927,
77,27723,71105,15380095,15122,15122,2364,9893,25203,3401,780,376657,42399,
78,28071,71909,15446587,15300,15300,2372,9952,25541,3444,783,378554,42606,
79,28420,72900,15627552,15521,15521,2399,10111,25861,3487,792,382079,43147,
80,28769,73787,15721797,15724,15724,2414,10202,26193,3530,795,384536,43506,
81,29117,74609,15824308,15901,15901,2429,10281,26524,3573,799,386981,43786,
82,29432,75459,16012615,16080,16080,2447,10421,26819,3612,814,388549,44173,
83,29768,76286,16124972,16251,16251,2466,10531,27134,3653,822,390764,44551,
84,30103,77081,16237480,16420,16420,2485,10614,27448,3694,829,392380,44892,
85,30439,77954,16463239,16614,16614,2523,10724,27744,3735,837,395345,45437,
86,30773,78770,16607434,16787,16787,2550,10821,28049,3776,842,397958,45871,
87,31107,79559,16727880,16946,16946,2569,10919,28362,3817,846,400050,46246,
88,31456,80214,16729695,17073,17073,2570,10930,28708,3860,848,400067,46259,
89,31808,80979,16792443,17237,17237,2578,10974,29050,3903,853,400362,46389,
90,32159,81600,16827059,17327,17327,2581,11023,29396,3946,857,401280,46521,
91,32510,82203,16905460,17409,17409,2589,11070,29737,3989,860,402304,46668,
92,32862,83100,17063248,17585,17585,2615,11222,30061,4032,867,404932,47195,
93,33213,83959,17225967,17757,17757,2639,11345,30386,4075,871,408009,47631,
94,33564,84508,17225984,17832,17832,2639,11352,30735,4118,873,408025,47641,
