Backup ID, Logical chunk num, Unique chunk num, Base chunk num, Delta chunk num, Logical chunk size, Unique chunk size, Base chunk size, Delta chunk size, LZ4_save size, Delta_save size, 
0,24641,24495,24461,34,208250880,207122891,100522795,132661,106250527,216908
1,49838,39626,31429,8197,420976640,343883169,130413025,1804559,137195408,74470177
2,75769,54678,37443,17235,640409600,480951594,155706622,3820169,164164972,157259831
3,102154,69374,43184,26190,864501760,615776387,180366498,5991427,189717248,239701214
4,128934,85204,49767,35437,1092659200,760639837,208445226,8662802,219125449,324406360
5,156457,101934,56966,44968,1326612480,913110906,239200190,11917582,251073182,410919952
6,184290,118788,63703,55085,1563217920,1067086366,268047624,15324258,280786535,502927949
7,212510,136407,71075,65332,1803356160,1227283855,299571168,19249545,313470868,594992274
8,241451,155151,78713,76438,2049822720,1397466120,332166568,23256559,346925584,695117409
9,270745,172102,84350,87752,2300139520,1554665685,356381568,26453659,372505235,799325223
10,300593,189672,90525,99147,2554542080,1715971804,382402229,30079551,400132176,903357848
11,331389,208165,97622,110543,2817464320,1885698253,412318548,34249168,431855307,1007275230
12,362473,226816,104970,121846,3082168320,2056620195,443674097,38456658,464419303,1110070137
13,394467,248136,114483,133653,3355002880,2249505687,484427599,44052182,506517964,1214507942
14,427730,269719,124719,145000,3639654400,2446105951,528383589,48800725,552386056,1316535581
15,461573,291289,133940,157349,3929231360,2642868685,567768117,54261873,593629156,1427209539
16,495907,313484,145291,168193,4223057920,2845343213,616459820,59340773,645029246,1524513374
17,533891,338250,159833,178417,4533319680,3055374134,672782708,64379273,705438182,1612773971
18,573226,363914,172597,191317,4869498880,3288730076,726937049,69666720,764009999,1728116308
19,614460,390057,184552,205505,5222645760,3527677934,777577204,75073127,818253364,1856774239
20,657190,416136,195512,220624,5588357120,3767058441,823554515,80072252,867944318,1995487356
21,701984,444128,207662,236466,5970749440,4022803683,874168608,85524045,923465476,2139645554
22,748244,472329,219058,253271,6365849600,4281805935,922041895,91498322,975433106,2292832612
23,795533,500237,229107,271130,6770524160,4539452538,964167688,98031023,1021005750,2456248077
24,843831,528928,239506,289422,7183421440,4803542209,1007289670,103761548,1068197363,2624293628
25,892453,557325,249598,307727,7597076480,5064122709,1048792827,109843509,1113420929,2792065444
26,943081,588339,262102,326237,8028426240,5347599334,1100339872,116925950,1170572287,2959761225
27,994732,617593,272077,345516,8468920320,5618093235,1141898966,122822489,1215851317,3137520463
28,1047519,648825,282762,366063,8918517760,5905656166,1186457741,129679905,1264769121,3324749399
29,1100481,678191,292088,386103,9369497600,6177498332,1225433742,145714976,1306466060,3499883554
30,1161683,730293,332126,398167,9891061760,6631310292,1388382181,160420778,1488714547,3593792786
31,1224165,764459,344188,420271,10425190400,6949135668,1438813898,166184377,1544979894,3799157499
32,1287906,799067,355709,443358,10969159680,7270247371,1486446710,171628500,1597562188,4014609973
33,1352398,833924,366146,467778,11518976000,7592912324,1529363120,178074416,1645148928,4240325860
34,1418053,869731,377178,492553,12079032320,7925229976,1574414089,185332199,1695771974,4469711714
35,1485051,906885,389063,517822,12650547200,8269312100,1622898875,192614214,1750763652,4703035359
36,1552883,943650,400139,543511,13229209600,8610980264,1667948990,200675313,1801792498,4940563463
37,1620506,980487,411232,569255,13805813760,8953041890,1713088205,208533157,1852974498,5178446030
38,1688546,1017268,420972,596296,14386237440,9294603528,1753206618,216426344,1897191112,5427779454
39,1757006,1054333,431743,622590,14970695680,9640069539,1797721190,225328977,1947092288,5669927084
40,1810412,1083547,440279,643268,15425167360,9911406345,1833530051,234150529,1986405642,5857320123
41,1864540,1113534,448988,664546,15886080000,10189212551,1869965744,242309325,2026302261,6050635221
42,1919273,1143338,457039,686299,16352163840,10465661096,1903647764,250704346,2063716533,6247592453
43,1974837,1173737,465280,708457,16824729600,10747386683,1938102781,260430955,2101500576,6447352371
44,2031182,1204027,473247,730780,17304453120,11028976023,1971244928,269569587,2138204910,6649956598
45,2088613,1233728,479993,753735,17793658880,11306693526,1999243717,277831161,2169342473,6860276175
46,2147190,1264387,487257,777130,18292684800,11593204633,2029466904,286861865,2203482180,7073393684
47,2206496,1294554,493277,801277,18798346240,11876362472,2054617014,295956002,2231535181,7294254275
48,2266715,1323504,497771,825733,19312179200,12150398334,2073231691,303530350,2252457632,7521178661
49,2335940,1359838,507813,852025,19902177280,12489094108,2114483216,325652439,2299223068,7749735385
50,2419066,1426420,554652,871768,20615280640,13077690238,2300552834,346664695,2521521496,7908951213
51,2503193,1471068,568899,902169,21337559040,13492750308,2359278390,356252002,2587771661,8189448255
52,2593570,1520912,587776,933136,22117294080,13956496725,2426948731,366069854,2688336529,8475141611
53,2687808,1568890,602569,966321,22935326720,14407514754,2483103972,375367187,2765508166,8783535429
54,2782874,1615142,616525,998617,23760384000,14838437071,2539196280,389865559,2830009278,9079365954
55,2878878,1662942,630056,1032886,24594739200,15284296250,2594400294,401251561,2893383853,9395260542
56,2975128,1710128,643322,1066806,25430681600,15725714597,2647733787,413458844,2956188179,9708333787
57,3070965,1757037,657183,1099854,26264494080,16164609531,2703568326,423951205,3022169238,10014920762
58,3166442,1803100,669656,1133444,27094425600,16595252208,2754340975,435602683,3080776137,10324532413
59,3262959,1849992,682950,1167042,27933890560,17033027647,2808424469,447775912,3142587386,10634239880
60,3332759,1886832,692204,1194628,28529817600,17377600787,2846994684,456596375,3185824523,10888185205
61,3430872,1934164,705659,1228505,29384591360,17821510252,2901353004,471047116,3250383346,11198726786
62,3504712,1972423,715402,1257021,30015549440,18178220181,2941551167,480505257,3295178356,11460985401
63,3579605,2009807,723788,1286019,30656389120,18529206646,2976274121,490557545,3334496299,11727878681
64,3655420,2047926,732087,1315839,31304744960,18886528805,3010236022,502284580,3373081558,12000926645
65,3732183,2085663,739358,1346305,31962798080,19242462056,3040541737,512952041,3407100213,12281868065
66,3809922,2124329,747413,1376916,32629002240,19606090117,3074268086,524463332,3444845063,12562513636
67,3888789,2162403,754095,1408308,33305978880,19966345083,3102216065,534280123,3476000854,12853848041
68,3968924,2200450,760749,1439701,33992949760,20325995601,3129739764,545411594,3506764693,13144079550
69,4050053,2237353,765894,1471459,34688532480,20677381896,3151025975,555261689,3530841247,13440252985
70,4149217,2284535,779861,1504674,35551836160,21119663880,3207230791,592185632,3597853563,13722393894
71,4265450,2371143,842084,1529059,36571084800,21893659608,3443281107,643377144,3908931165,13898070192
72,4386386,2425654,859521,1566133,37635307520,22408755401,3508909814,655438690,3999131079,14245275818
73,4508081,2477154,872979,1604175,38705633280,22895215145,3562995250,667088346,4063124709,14602006840
74,4632072,2531806,888141,1643665,39797422080,23410168790,3622114087,679468484,4137803163,14970783056
75,4732223,2578458,899220,1679238,40669081600,23848856535,3667990861,675610529,4190001076,15315254069
76,4832181,2625447,913029,1712418,41540311040,24291221580,3723478891,714823530,4255607315,15597311844
77,4936619,2671964,923737,1748227,42453647360,24729783746,3766878734,729460271,4305690648,15927754093
78,5043629,2718584,933579,1785005,43391784960,25170334985,3806648566,742394573,4352197980,16269093866
79,5152164,2765822,943515,1822307,44339476480,25614745161,3845891431,755406977,4398740717,16614706036
80,5261707,2811976,951754,1860222,45297090560,26053001409,3879020807,767750522,4437593105,16968636975
81,5372102,2858319,959674,1898645,46262865920,26494109032,3911226359,780068984,4474942403,17327871286
82,5484739,2905801,967844,1937957,47246745600,26944336428,3943754594,794266113,4513149691,17693166030
83,5615274,2974727,1026673,1948054,48257761280,27443678836,4132477635,811913943,4731398446,17767888812
84,5746948,3029093,1044116,1984977,49277388800,27828197717,4183889904,821151232,4792825056,18030331525
85,5878524,3079049,1050788,2028261,50296289280,28176859675,4201158192,826967042,4815236938,18333497503
86,6010103,3128955,1056288,2072667,51315240960,28525163481,4215208119,830012149,4833795327,18646147886
87,6141701,3178812,1060952,2117860,52334305280,28872958077,4227135454,833401677,4849630866,18962790080
88,6273302,3228688,1064986,2163702,53353441280,29220978790,4237809269,836327837,4863722501,19283119183
89,6404919,3278502,1069399,2209103,54372648960,29568467799,4249363991,840466222,4879325221,19599312365
90,6536540,3328324,1073268,2255056,55391866880,29916062621,4259315694,844124762,4892664245,19919957920
91,6668160,3378140,1076549,2301591,56411105280,30263561394,4267551444,877921296,4904148607,20213940047
92,6804565,3431960,1087057,2344903,57475010560,30644138614,4299748876,870628427,4942069887,20531691424
93,6940979,3482283,1090837,2391446,58538915840,30995265413,4309362314,873519624,4954795244,20857588231
94,7077386,3532627,1094288,2438339,59602872320,31346808615,4318214033,876915665,4966661291,21185017626
95,7213812,3582970,1097721,2485249,60666920960,31698289312,4326909166,881622899,4978472087,21511285160
96,7350241,3633269,1101759,2531510,61731000320,32049460760,4337335408,885349088,4992681031,21834095233
97,7486674,3683528,1104642,2578886,62795130880,32400320490,4344647220,889005427,5002649493,22164018350
98,7623116,3733785,1107345,2626440,63859322880,32751090403,4351478851,893124775,5012063625,22494423152
99,7759591,3784184,1110669,2673515,64923535360,33102591715,4359759361,943894574,5023577968,22775359812
100,7896734,3837918,1120016,2717902,65993605120,33482551991,4388450327,965352983,5057155472,23071593209
101,8033918,3888530,1124110,2764420,67063715840,33836062449,4398900794,941231259,5071910256,23424020140
102,8171098,3939120,1127416,2811704,68133888000,34189542680,4407488103,941092675,5083334403,23757627499
103,8308293,3989691,1130334,2859357,69204070400,34542631238,4415032673,943418481,5093418324,24090761760
104,8445492,4040213,1133411,2906802,70274324480,34895496730,4422695564,947113432,5103998704,24421689030
105,8582680,4090615,1135761,2954854,71344588800,35247383444,4428478233,950313276,5112070421,24756521514
106,8719869,4141100,1139032,3002068,72414894080,35599950429,4436443490,954300355,5123087625,25086118959
107,8857075,4191540,1141208,3050332,73485209600,35952016244,4441752306,957838044,5130547170,25421878724
108,8994276,4241970,1143462,3098508,74555525120,36304049595,4447011871,1024567388,5138437649,25694032687
109,9133868,4296766,1152894,3143872,75646996480,36692624072,4476603037,1000057543,5173157948,26042805544
110,9273476,4347897,1156210,3191687,76738498560,37049737902,4485057147,1001842694,5184287567,26378550494
111,9413087,4398892,1158906,3239986,77830031360,37405820556,4491836843,1004439839,5193643098,26715900776
112,9552710,4449914,1161252,3288662,78921687040,37762308541,4497916223,1007812859,5201855308,27054724151
113,9692345,4500877,1163760,3337117,80013373440,38118104505,4504279084,1011650811,5210494211,27391680399
114,9831983,4551835,1166342,3385493,81105090560,38473884103,4510779007,1015483588,5219385378,27728236130
115,9971637,4602922,1171327,3431595,82196858880,38830540205,4525320429,1019401931,5237542695,28048275150
116,10111284,4653852,1174027,3479825,83288637440,39186071420,4531975241,1097350890,5247088935,28309656354
117,10254480,4719071,1189422,3529649,84415191040,39665633935,4580849096,1070903797,5313786201,28700094841
118,10397681,4770973,1192992,3577981,85541744640,40028724542,4590106614,1070958396,5325872546,29041786986
119,10540871,4822680,1195818,3626862,86668339200,40390617824,4597461503,1073704362,5335736257,29383715702
120,10684073,4874361,1198349,3676012,87794995200,40752012280,4604059689,1077002471,5344437374,29726512746
121,10827281,4926037,1201207,3724830,88921692160,41113288654,4611309769,1081618902,5354375372,30065984611
122,10970483,4977636,1203532,3774104,90048409600,41473895648,4617287630,1084721661,5362515362,30409370995
123,11113686,5029199,1205927,3823272,91175137280,41834152531,4623290660,1089444837,5370696845,30750720189
124,11256922,5081046,1208479,3872567,92301875200,42196440001,4629655292,1178520275,5379730825,31008533609
125,11401515,5143663,1221073,3922590,93438638080,42646913920,4671208397,1139615570,5427135624,31408954329
126,11546098,5195868,1224471,3971397,94575441920,43011697796,4679921101,1138246046,5438669381,31754861268
127,11690685,5248179,1226972,4021207,95712296960,43377614779,4686302070,1140556031,5447087493,32103669185
128,11835284,5300501,1229850,4070651,96849203200,43743443888,4694126794,1143896360,5457002709,32448418025
129,11979903,5352677,1232605,4120072,97986140160,44107982046,4701013890,1148648531,5466591037,32791728588
130,12124509,5404840,1234958,4169882,99123118080,44472661525,4706872279,1151618634,5474656019,33139514593
131,12269135,5456984,1236932,4220052,100260126720,44837198007,4711856033,1156370232,5481437057,33487534685
132,12413757,5509206,1239407,4269799,101397145600,45202159037,4717801825,1256749473,5490164284,33737443455
133,12560306,5573743,1252619,4321124,102548971520,45669972107,4760943969,1212567224,5541903193,34154557721
134,12706853,5626534,1255666,4370868,103700848640,46039405097,4769037402,1211394762,5552378782,34506594151
135,12853388,5679316,1258487,4420829,104852684800,46408795222,4776287142,1215097015,5562037283,34855373782
136,12999928,5732016,1260806,4471210,106004572160,46777402158,4782289331,1218581927,5570124723,35206406177
137,13146491,5784871,1263105,4521766,107156520960,47147233419,4788077283,1222749458,5577981124,35558425554
138,13293046,5837477,1265200,4572277,108308500480,47515049838,4793332930,1226080779,5585211362,35910424767
139,13439601,5890056,1267617,4622439,109460500480,47882533659,4799235872,1230442783,5593487783,36259367221
140,13586157,5942529,1269547,4672982,110612520960,48249044660,4803984319,1234903668,5600002960,36610153713
141,13732717,5995056,1271825,4723231,111764551680,48616124200,4809400081,1350928118,5608064058,36847731943
142,13880344,6058499,1284041,4774458,112924149760,49073860100,4849667185,1293642158,5654652872,37275897885
143,14027988,6111925,1287514,4824411,114083829760,49447891995,4858543580,1292273799,5666521236,37630553380
144,14175645,6165186,1290251,4874935,115243581440,49820445302,4865450955,1295698147,5675840693,37983455507
145,14323303,6218305,1292660,4925645,116403353600,50191733991,4871490278,1299640210,5684025059,38336578444
146,14470960,6271425,1294964,4976461,117563146240,50563113252,4877434256,1304080681,5692063127,38689535188
147,14618628,6324581,1297362,5027219,118722969600,50934898919,4883424772,1307836600,5700427854,39043209693
148,14766300,6377676,1299733,5077943,119882823680,51306102127,4889424468,1311933805,5708647456,39396096398
149,14913989,6430735,1302239,5128496,121042739200,51676783287,4895606622,1317364883,5717302146,39746509636
150,15061697,6483725,1305679,5178046,122202654720,52046653921,4904322718,1440604623,5729463860,39972262720
151,15215081,6551594,1321337,5230257,123417743360,52542126172,4952882870,1386488363,5797430485,40405324454
152,15368526,6606120,1325479,5280641,124632862720,52923284157,4963769172,1388444886,5811424528,40759645571
153,15521904,6659947,1328728,5331219,125848002560,53299309398,4972469046,1388856146,5823046871,41114937335
154,15675282,6713636,1330951,5382685,127063162880,53674073370,4978076471,1392886423,5830866771,41472243705
155,15828675,6767498,1333588,5433910,128278353920,54050239508,4984813721,1397501846,5840100991,41827822950
156,15982054,6821147,1335797,5485350,129493575680,54424765409,4990288843,1400101330,5847718423,42186656813
157,16135440,6874760,1338061,5536699,130708828160,54798978754,4995757902,1404415397,5855480833,42543324622
158,16288844,6928446,1340649,5587797,131924111360,55173626794,5001880058,1534519663,5864660823,42772566250
159,16447881,6997829,1357405,5640424,133193082880,55683897240,5052466586,1477568565,5940065313,43213796776
160,16606926,7052409,1360619,5691790,134462105600,56065143765,5060673652,1473985039,5951173135,43579311939
161,16765974,7106802,1363161,5743641,135731159040,56444802879,5067026498,1475885878,5959885091,43942005412
162,16925032,7161385,1366184,5795201,137000273920,56826044878,5074991372,1481214051,5970572534,44299266921
163,17084103,7215812,1368874,5846938,138269419520,57205869603,5081779115,1485381527,5979807205,44658901756
164,17243196,7270287,1371064,5899223,139538606080,57586041595,5087287256,1487776128,5987464104,45023514107
165,17402274,7324836,1372975,5951861,140807864320,57967173406,5092132941,1491206194,5994062577,45389771694
166,17561357,7379256,1375184,6004072,142077163520,58347083586,5097641573,1498529720,6001741734,45749170559
167,17720447,7433609,1377696,6055913,143346462720,58726475359,5103437601,1639165063,6010454056,45973418639
168,17886817,7504752,1395167,6109585,144686612480,59254482293,5154845305,1719536245,6094530586,46285570157
169,18053209,7560224,1398860,6161364,146026874880,59642371034,5164149785,1739684993,6107225202,46631311054
170,18219602,7615541,1401648,6213893,147367178240,60028979932,5171262762,1751500098,6116903926,46989313146
171,18386010,7670761,1404254,6266507,148707522560,60414563771,5177774994,1761662180,6125952875,47349173722
172,18552417,7725971,1406497,6319474,150047897600,60800172108,5183337674,1768248150,6133726175,47714860109
173,18718807,7781013,1408619,6372394,151388272640,61184458625,5188505617,1774742249,6141066750,48080144009
174,18885225,7836302,1411191,6425111,152728668160,61570577496,5194687604,1782490904,6149861750,48443537238
175,19051640,7891501,1413984,6477517,154069084160,61956043340,5201402853,1824630830,6159635406,48770374251
176,19220179,7958927,1426917,6532010,155427061760,62443904441,5242609472,1831261894,6210958168,49159074907
177,19388737,8014877,1430047,6584830,156785070080,62834909536,5250796687,1835114234,6221753374,49527245241
178,19557303,8070715,1433188,6637527,158143150080,63225012328,5258580725,1842502104,6232582108,49891347391
179,19725862,8126473,1435644,6690829,159501301760,63614575920,5264773192,1846990042,6241121580,50261691106
180,19894446,8182287,1438327,6743960,160859504640,64004795765,5271342832,1854086617,6250437964,50628928352
181,20063015,8238008,1440658,6797350,162217748480,64394128344,5277259042,1857954924,6258773733,51000140645
182,20231579,8293687,1442774,6850913,163576023040,64783161592,5282561973,1863422153,6266036292,51371141174
183,20400159,8349256,1444622,6904634,164934318080,65171073852,5287073881,1869631884,6272419079,51741949008
184,20568769,8405097,1447757,6957340,166292643840,65560730580,5294942232,1936289179,6283507795,52045991374
185,20738884,8474319,1463651,7010668,167663482880,66060826530,5343464594,1930427083,6346695430,52440239423
186,20909007,8530654,1467076,7063578,169034342400,66453771629,5351641593,1933389056,6358697306,52810043674
187,21079149,8586848,1469556,7117292,170405335040,66846099255,5357739793,1937155113,6367199398,53184004951
188,21249296,8643194,1472345,7170849,171776348160,67239456128,5364692667,1943608386,6376893853,53554261222
189,21419516,8699712,1475763,7223949,173147402240,67633595012,5373391211,1953096315,6388675110,53918432376
190,21589668,8755882,1478073,7277809,174518487040,68025605366,5379146548,1955214246,6396757977,54294486595
191,21759830,8812170,1480221,7331949,175889612800,68418780233,5384515333,1958521174,6404177409,54671566317
192,21930000,8868495,1482570,7385925,177260769280,68811767293,5390424463,1964088122,6412399259,55044855449
193,22100177,8924695,1485135,7439560,178631946240,69203938386,5396442037,2048452473,6421379985,55337663891
194,22271074,8992244,1499224,7493020,180008775680,69690705773,5441766185,2030314096,6475392412,55743233080
195,22441790,9048642,1502509,7546133,181384151040,70084352759,5450092408,2029299539,6486600800,56118360012
196,22612511,9105227,1505421,7599806,182759546880,70479646678,5457602778,2034426040,6496675873,56490941987
197,22783370,9163082,1510386,7652696,184135034880,70884113696,5470913283,2046054278,6514394280,56852751855
198,22954098,9219404,1512474,7706930,185510543360,71277231023,5476091500,2046061300,6521791543,57233286680
199,23124824,9275749,1514676,7761073,186886082560,71670617640,5481678009,2050273473,6529495251,57609170907
200,23295551,9332065,1516962,7815103,188261662720,72063721272,5487390568,2055379689,6537453012,57983498003
201,23466280,9388353,1519575,7868778,189637253120,72456450053,5493676142,2151377381,6546618466,58264778064
202,23639562,9457474,1533412,7924062,191035084800,72958078126,5537189461,2125352543,6603921361,58691614761
203,23812842,9514409,1537160,7977249,192432936960,73355640238,5546268787,2123107257,6616746558,59069517636
204,23986132,9571470,1540107,8031363,193830850560,73754512241,5553542040,2128460888,6626955479,59445553834
205,24159416,9628351,1542775,8085576,195228815360,74151741452,5560242953,2133337831,6636211466,59821949202
206,24332721,9685313,1545119,8140194,196626831360,74549606383,5566177580,2139985704,6644354824,60199088275
207,24506020,9742188,1547143,8195045,198024888320,74946933668,5571208610,2141829492,6651500075,60582395491
208,24679332,9799081,1549906,8249175,199422986240,75344383951,5578217633,2146911232,6661290080,60957965006
209,24852683,9856049,1552460,8303589,200821135360,75742099691,5584333508,2258110276,6670323406,61229332501
