Backup ID, FPindex, SFindex, Deltaindex
0,1959600,4687040,1728
1,3170080,6023936,522464
2,4374240,7176384,939424
3,5549920,8269120,1322016
4,6816320,9523136,1714432
5,8154720,10896064,2122976
6,9503040,12179328,2559040
7,10912560,13582784,2993408
8,12412080,15036160,3475456
9,13768160,16107840,3954624
10,15173760,17277184,4417760
11,16653200,18626432,4881088
12,18145280,20022656,5350976
13,19850880,21832064,5847904
14,21577520,23782976,6328960
15,23303120,25538432,6865920
16,25078720,27703424,7328352
17,27060000,30473664,7779520
18,29113120,32900224,8342912
19,31204560,35176512,8969408
20,33290880,37264448,9612640
21,35530240,39577728,10272704
22,37786320,41743552,10977024
23,40018960,43650368,11719488
24,42314240,45628736,12470784
25,44586000,47546624,13211808
26,47067120,49926592,13959040
27,49407440,51821696,14748992
28,51906000,53853440,15575136
29,54255280,55627136,16377184
30,58423440,63299328,16867072
31,61156720,65605056,18070592
32,63925360,67801664,19026720
33,66713920,69784640,19999200
34,69578480,71880192,20976352
35,72550800,74138816,21972096
36,75492000,76237568,22981120
37,78438960,78343040,23984544
38,81381440,80190016,25046816
39,84346640,82233792,26054848
40,86683760,83836992,26847136
41,89082720,85472704,27666528
42,91467040,86982208,28507392
43,93898960,88525504,29352736
44,96322160,90016640,30202432
45,98698240,91272192,31072928
46,101150960,92625984,31942496
47,103564320,93734784,32841600
48,105880320,94546048,33727648
49,108787040,96441344,34735328
50,114113600,105390144,35513728
51,117685440,108105536,37070528
52,121672960,111672896,38330400
53,125511200,114478720,39654752
54,129211360,117126272,40905760
55,133035360,119681856,42251840
56,136810240,122194624,43565728
57,140562960,124827648,44847680
58,144248000,127187328,46158656
59,147999360,129704576,47450816
60,150946560,131432704,48481568
61,154733120,133974912,49782880
62,157793840,135792576,50862240
63,160784560,137352640,51948032
64,163834080,138898816,53053504
65,166853040,140243648,54173056
66,169946320,141732032,55287808
67,172992240,142958784,56427552
68,176036000,144183744,57553056
69,178988240,145110912,58679520
70,182762800,147750848,59953440
71,189691440,159629056,60956256
72,194052320,162951744,62929280
73,198172320,165508480,64456352
74,202544480,168385152,65983104
75,206276640,170440640,67319904
76,210035760,173017920,68565120
77,213757120,175007616,69964256
78,217486720,176837184,71325152
79,221265760,178683648,72696352
80,224958080,180206208,74076256
81,228665520,181671616,75458624
82,232464080,183175424,76870496
83,237978160,194439680,77328128
84,242327440,197776896,79545728
85,246323920,199038016,81323072
86,250316400,200020480,82901184
87,254304960,200844096,84463488
88,258295040,201545408,86039328
89,262280160,202311616,87580608
90,266265920,202965760,89140384
91,270251200,203521600,90702048
92,274556800,205457152,92200896
93,278582640,206110016,93905216
94,282610160,206703424,95491392
95,286637600,207298944,97064480
96,290661520,208011136,98616992
97,294682240,208500160,100197472
98,298702800,208947648,101779424
99,302734720,209507264,103347488
100,307033440,211245632,104854208
101,311082400,211968256,106525632
102,315129600,212529984,108119776
103,319175280,213011840,109712288
104,323217040,213516672,111291552
105,327249200,213900224,112886336
106,331288000,214457088,114447328
107,335323200,214806720,116043168
108,339357600,215181696,117630304
109,343741280,216930752,119164576
110,347831760,217493952,120884096
111,351911360,217933312,122498432
112,355993120,218321152,124115264
113,360070160,218729024,125716640
114,364146800,219154304,127317280
115,368233760,220019904,128880544
116,372308160,220551872,130470656
117,377525680,223404864,132206560
118,381677840,223994304,133952448
119,385814400,224452480,135594464
120,389948880,224862848,137224992
121,394082960,225322688,138844288
122,398210880,225695808,140475456
123,402335920,226083648,142097504
124,406483680,226499776,143729568
125,411493040,228843008,145443936
126,415669440,229430848,147174176
127,419854320,229839296,148835392
128,424040080,230312448,150478624
129,428214160,230781568,152116800
130,432387200,231165056,153763232
131,436558720,231474560,155415584
132,440736480,231882304,157054848
133,445899440,234339968,158815456
134,450122720,234843008,160587904
135,454345280,235311488,162255040
136,458561280,235689216,163926368
137,462789680,236055936,165596896
138,466998160,236380608,167261344
139,471204480,236770944,168909536
140,475402320,237063488,170573440
141,479604480,237446144,172218208
142,484679920,239722816,173967232
143,488954000,240319872,175741248
144,493214880,240786176,177424800
145,497464400,241176064,179105184
146,501714000,241548288,180779008
147,505966480,241936960,182450656
148,510214080,242312000,184120416
149,514458800,242733120,185784352
150,518698000,243325376,187420736
151,524127520,246236864,189225984
152,528489600,246961088,191042496
153,532795760,247506368,192738368
154,537090880,247883264,194447712
155,541399840,248309056,196144512
156,545691760,248655744,197839392
157,549980800,249009856,199532320
158,554275680,249426496,201214944
159,559826320,252563840,203031584
160,564192720,253100352,204872736
161,568544160,253509888,206599168
162,572910800,254011712,208308736
163,577264960,254458176,210016608
164,581622960,254801088,211739104
165,585986880,255090944,213470432
166,590340480,255447360,215183360
167,594688720,255848256,216887424
168,600380160,259097984,218740928
169,604817920,259733184,220600736
170,609243280,260190528,222356320
171,613660880,260620224,224096832
172,618077680,260976832,225848160
173,622481040,261314496,227591072
174,626904160,261731648,229322112
175,631320080,262204352,231047584
176,636714160,264602304,232912224
177,641190160,265139584,234778528
178,645657200,265669184,236530976
179,650117840,266064128,238295296
180,654582960,266499648,240051008
181,659040640,266875264,241808448
182,663494960,267220160,243566112
183,667940480,267500992,245328736
184,672407760,268034752,247062752
185,677945520,271013504,248896448
186,682452320,271595200,250781120
187,686947840,271983104,252570336
188,691455520,272436032,254344768
189,695976960,273036864,256103680
190,700470560,273396288,257876352
191,704973600,273742080,259654080
192,709479600,274122112,261429696
193,713975600,274541824,263196640
194,719379520,277135936,265028384
195,723891360,277719040,266916768
196,728418160,278193280,268709408
197,733046560,279067520,270476992
198,737552320,279390208,272267520
199,742059920,279727936,274047232
200,746565200,280087936,275822048
201,751068240,280535616,277585248
202,756597920,283108160,279477216
203,761152720,283743680,281362688
204,765717600,284232064,283165152
205,770268080,284669312,284956224
206,774825040,285034496,286758112
207,779375040,285340608,288564896
208,783926480,285794240,290348704
209,788483920,286237312,292136800
