Backup ID, Online Delta_save, Offline Delta_save, Offline delta time, Offline dedelta time, Offline delete time, Offline Delta chunk num
0,216908,0,0,0,0,0
1,72080321,2389856,320,43,13,277
2,135100435,22159396,3712,1261,56,2451
3,139291204,100410010,21397,10421,114,10976
4,146877155,177529205,42108,22671,193,19437
5,150355854,260564098,67202,38578,292,28624
6,156927731,346000218,94526,56480,400,38046
7,159329224,435663050,125923,77883,523,48040
8,162668407,532449002,159986,101160,665,58826
9,170308840,629016383,195786,126443,819,69343
10,173808264,729549584,236906,156524,989,80382
11,175905626,831369604,281781,190209,1177,91572
12,179412164,930657973,326669,224163,1383,102506
13,181311112,1033196830,374226,260140,1610,114086
14,185114606,1131420975,420120,295101,1850,125019
15,190864550,1236344989,467267,330511,2106,136756
16,196045947,1328467427,509380,362338,2371,147042
17,199570721,1413203250,547427,390566,2671,156861
18,203783600,1524332708,596599,427269,2980,169330
19,211397582,1645376657,649780,467062,3300,182718
20,222075622,1773411734,707625,510931,3623,196694
21,228805383,1910840171,772115,560291,3961,211824
22,235685979,2057146633,842856,614949,4327,227907
23,243741159,2212506918,921203,676268,4712,244935
24,250128346,2374165282,1003427,740843,5095,262584
25,257852490,2534212954,1091085,810997,5515,280088
26,262295042,2697466183,1184657,886539,5957,298118
27,274089057,2863431406,1280776,964655,6394,316121
28,281031255,3043718144,1386990,1051051,6911,335939
29,291996254,3207887300,1494368,1139530,7389,354838
30,293759140,3300033646,1563685,1196984,8011,366701
31,384899874,3414257625,1614863,1235674,8454,379189
32,449811177,3564798796,1683549,1288138,8914,395411
33,467873181,3772452679,1782240,1364367,9393,417873
34,485152301,3984559413,1892452,1451583,9898,440869
35,496714988,4206320371,2014843,1549944,10427,464899
36,508239805,4432323658,2146410,1657019,10963,489391
37,517022638,4661423392,2287569,1773346,11522,514223
38,531187152,4896592302,2440604,1900824,12048,539780
39,538277470,5131649614,2604634,2039272,12644,565362
40,539159389,5318160734,2764965,2179034,13491,585931
41,542030393,5508604828,2932450,2325540,14295,606910
42,544941072,5702651381,3107409,2479061,15073,628348
43,546770888,5900581483,3290934,2640615,15895,650319
44,549200501,6100756097,3482160,2809761,16701,672399
45,555433395,6304842780,3679422,2984733,17519,694689
46,558842911,6514550773,3891246,3173529,18358,717717
47,561669104,6732585171,4116588,3375016,19186,741572
48,564846729,6956331932,4353170,3587470,19967,765700
49,566863511,7182871874,4570174,3778410,20880,791764
50,567898201,7341053012,4730902,3919508,21982,811394
51,644254981,7545193274,4872534,4038716,22836,833818
52,698857606,7776284005,5029980,4170971,23637,859009
53,718851861,8064683568,5219188,4329064,24440,890124
54,738519248,8340846706,5412987,4492580,25327,920407
55,746171993,8649088549,5629456,4675535,26248,953921
56,760034444,8948299343,5849567,4863128,27097,986439
57,773851796,9241068966,6065813,5047640,27904,1018173
58,781353621,9543178792,6294770,5243754,28785,1051016
59,792896080,9841343800,6525795,5442310,29708,1083485
60,793601566,10094583639,6814097,5703096,30985,1111001
61,798331957,10400394829,7066451,5922046,31951,1144405
62,801311753,10659673648,7364158,6191531,33237,1172627
63,808153893,10919724788,7673552,6472652,34408,1200900
64,816538578,11184388067,7986353,6756481,35600,1229872
65,823468620,11458399445,8321660,7062011,36765,1259649
66,831514449,11730999187,8665522,7376074,37964,1289448
67,840321790,12013526251,9023317,7703346,39120,1319971
68,848458181,12295621369,9401708,8051185,40368,1350523
69,854728337,12585524648,9796736,8415071,41521,1381665
70,857479950,12864913944,10096730,8682109,42824,1414621
71,859918608,13038151584,10266568,8827822,44552,1438746
72,976085408,13269190410,10399871,8936126,45588,1463745
73,1052784735,13549222105,10561608,9067754,46648,1493854
74,1072345012,13898438044,10764740,9233369,47688,1531371
75,1073509671,14241744398,11109302,9542469,49066,1566833
76,1079453803,14517858041,11386325,9786895,50446,1599430
77,1088008054,14839746039,11668539,10034168,51631,1634371
78,1096475931,15172617935,11962501,10292199,52780,1670302
79,1105038895,15509667141,12273553,10566792,53952,1706761
80,1116063134,15852573841,12599156,10855611,55104,1743545
81,1126134721,16201736565,12945669,11164711,56284,1780958
82,1138306684,16554859346,13300272,11481200,57477,1819072
83,1139379220,16628509592,13338077,11509022,59295,1829055
84,1302017780,16728313745,13360538,11517504,59944,1843034
85,1501814333,16831683170,13392459,11534728,60329,1857731
86,1548822256,17097325630,13503445,11607638,60664,1895807
87,1576129153,17386660927,13657474,11720095,60977,1937379
88,1612759197,17670359986,13839491,11861088,61316,1978403
89,1630101320,17969211045,14065561,12044019,61650,2021542
90,1647937302,18272020618,14325527,12260343,61985,2065184
91,1660977756,18552962291,14627001,12516976,62354,2110025
92,1665039754,18866651670,14934579,12781731,63160,2152848
93,1685471963,19172116268,15261450,13064749,63600,2196701
94,1703975548,19481042078,15621072,13379889,64100,2241183
95,1714871595,19796413565,16022146,13735457,64616,2286689
96,1727459467,20106635766,16446609,14115310,65173,2331299
97,1735761707,20428256643,16918522,14540905,65699,2377617
98,1744826589,20749596563,17423686,14999672,66268,2424014
99,1754751343,21020608469,17951717,15481943,66943,2469774
100,1758803401,21312789808,18473647,15959985,67972,2513662
101,1775949184,21648070956,18999334,16441420,68631,2557914
102,1783228305,21974399194,19577816,16973561,69331,2604255
103,1791567207,22299194553,20191890,17541065,70040,2650825
104,1799496159,22622192871,20831958,18134697,70774,2697261
105,1808749679,22947771835,21508830,18764711,71483,2744119
106,1816616100,23269502859,22214110,19423800,72226,2790310
107,1824420081,23597458643,22960519,20122937,72980,2837582
108,1831230140,23862802547,23744199,20859309,73752,2884890
109,1834530376,24208275168,24490831,21560961,75060,2929870
110,1845546092,24533004402,25248655,22272356,75954,2976299
111,1857275483,24858625293,26038552,23015478,76820,3023074
112,1870800218,25183923933,26855952,23785954,77644,3069998
113,1878622370,25513058029,27719067,24601589,78527,3117478
114,1895513928,25832722202,28582233,25418577,79411,3163656
115,1900093819,26148181331,29394333,26185173,80464,3209160
116,1908318461,26401337893,30337002,27080658,81400,3256344
117,1911111547,26788983294,31245078,27939245,83544,3305833
118,1922066134,27119720852,32149180,28796424,84658,3352756
119,1930015522,27453700180,33092121,29691498,85766,3400623
120,1938163009,27788349737,34074219,30625487,86863,3448732
121,1944707437,28121277174,35081760,31585051,87978,3496709
122,1955538940,28453832055,36105664,32561080,89064,3544584
123,1960973702,28789746487,37187932,33594833,90178,3593099
124,1970561340,29037972269,38280798,34639646,91341,3641152
125,1972683071,29436271258,39359991,35669059,93516,3690932
126,1982108321,29772752947,40451061,36712531,94741,3738530
127,1990241914,30113427271,41581557,37794262,95988,3787295
128,1998561844,30449856181,42710902,38875206,97223,3835696
129,2003719819,30788008769,43897223,40012753,98538,3884470
130,2009272286,31130242307,45124918,41191325,99754,3933593
131,2020694650,31466840035,46368529,42386236,100965,3982293
132,2030106899,31707336556,47626913,43596095,102295,4030818
133,2032459833,32122097888,48873743,44791868,104684,4081875
134,2040390569,32466203582,50110440,45979834,106106,4130606
135,2050160655,32805213127,51369027,47189725,107435,4179302
136,2059031450,33147374727,52671719,48443178,108764,4228541
137,2065533571,33492891983,54019226,49740923,110105,4278303
138,2075897995,33834526772,55385701,51058213,111485,4327488
139,2083904221,34175463000,56785200,52408555,112919,4376645
140,2099202899,34510950814,58181304,53756112,114257,4425192
141,2104245502,34743486441,59661671,55186840,115735,4474831
142,2107234455,35168663430,61088601,56562899,118165,4525702
143,2115259325,35515294055,62507174,57932543,119782,4574631
144,2124272187,35859183320,63961877,59337859,121362,4624018
145,2132390088,36204188356,65449086,60775380,122879,4673706
146,2140013912,36549521276,66971408,62247828,124393,4723580
147,2144968875,36898240818,68528442,63754724,125891,4773718
148,2151337260,37244759138,70098422,65274781,127476,4823641
149,2160663319,37585846317,71687331,66814315,128998,4873016
150,2165229732,37807032988,73290762,68368755,130654,4922007
151,2168536767,38236787687,74852139,69878284,133384,4973855
152,2178566277,38581079294,76384860,71361898,135208,5022962
153,2185577503,38929359832,77949713,72877073,136927,5072640
154,2200216582,39272027123,79541348,74419145,138484,5122203
155,2206441222,39621381728,81189683,76017014,140188,5172669
156,2213300917,39973355896,82882052,77658800,141853,5223252
157,2219968023,40323356599,84594338,79320567,143422,5273771
158,2226967228,40545599022,86320428,80996454,145086,5323974
159,2230397270,40983399506,87990948,82614705,147960,5376243
160,2239523659,41339788280,89660446,84233997,149755,5426449
161,2248426256,41693579156,91375052,85897874,151453,5477178
162,2255757068,42043509853,93090303,87562486,153201,5527817
163,2262202947,42396698809,94855742,89277009,154992,5578733
164,2269307044,42754207063,96670788,91040667,156726,5630121
165,2284659466,43105112228,98478708,92797948,158372,5680760
166,2290800901,43458369658,100363835,94631610,160103,5732225
167,2297464821,43675953818,102252855,96469622,161940,5783233
168,2301247503,43984322654,104069407,98232951,164948,5836456
169,2309840710,44321470344,105868406,99981279,166966,5887127
170,2321184398,44668128748,107686571,101748360,168877,5938211
171,2330260836,45018912886,109554004,103564342,170867,5989662
172,2340771624,45374088485,111437418,105396154,172741,6041264
173,2349946094,45730197915,113375191,107282171,174606,6093020
174,2358779653,46084757585,115338691,109194088,176690,6144603
175,2368433570,46401940681,117305187,111109410,178750,6195777
176,2372374583,46786700324,119248751,112998922,181905,6249829
177,2389709265,47137535976,121147963,114847585,183970,6300378
178,2398166654,47493180737,123106772,116754737,186207,6352035
179,2405990225,47855700881,125113768,118709400,188312,6404368
180,2412470308,48216458044,127156070,120699349,190550,6456721
181,2422798474,48577342171,129208071,122699259,192579,6508812
182,2429996117,48941145057,131323055,124761565,194611,6561490
183,2446497801,49295451207,133402392,126789295,196581,6613097
184,2451567549,49594423825,135529624,128864437,199041,6665187
185,2453639488,49986599935,137594702,130876419,202395,6718283
186,2465998927,50344044747,139646099,132876452,204575,6769647
187,2473893740,50710111211,141768704,134946328,206696,6822376
188,2482207972,51072053250,143890103,137015205,209061,6874898
189,2494053954,51424378422,146004114,139077642,211369,6926472
190,2502413268,51792073327,148218817,141239562,213619,6979255
191,2512657206,52158909111,150458245,143426169,215732,7032076
192,2520462569,52524392880,152721798,145636737,217932,7085061
193,2527062517,52810601374,155020926,147883068,220311,7137858
194,2530013584,53213219496,157101722,149910759,223771,7190963
195,2538198894,53580161118,159285060,152042009,226106,7243051
196,2549580342,53941361645,161479830,154184521,228519,7295309
197,2555541695,54297210160,163662547,156315111,231082,7347436
198,2565436570,54667850110,165943516,158543101,233200,7400415
199,2572257266,55036913641,168270749,160817057,235422,7453692
200,2581546633,55401951370,170587090,163080521,237634,7506569
201,2589756526,55675021538,172957417,165398236,239936,7559181
202,2593263642,56098351119,175264126,167650071,243426,7614055
203,2604495545,56465022091,177511182,169845403,245741,7665779
204,2616016241,56829537593,179824964,172106540,248054,7718424
205,2626420143,57195529059,182163405,174392086,250398,7771319
206,2636047371,57563040904,184548641,176723929,252692,7824712
207,2645399572,57936995919,186975612,179097259,254884,7878353
208,2656149859,58301815147,189379641,181448528,257120,7931113
209,2662124955,58567207546,191871674,183886920,259504,7984754
