BackupID, OnlineSpeed(MB/s), Encalve ProcessTime(s), BackupSize, OnlineSize, OfflineSize, OfflineTime(s)
0, 94.8039, 2.09489, 208250880, 100655456, 100655456, 0.000321
1, 130.803, 1.55097, 212725760, 133233941, 132217584, 0.723915
2, 137.773, 1.51893, 219432960, 168612319, 159526791, 5.10554
3, 140.285, 1.5234, 224092160, 223334675, 186357925, 22.0796
4, 133.258, 1.63283, 228157440, 253489031, 217108028, 24.2335
5, 132.743, 1.68081, 233953280, 289959135, 251117772, 26.8767
6, 132.812, 1.69898, 236605440, 323409525, 283371882, 30.1512
7, 129.383, 1.77005, 240138240, 360684870, 318820713, 33.5182
8, 127.243, 1.84725, 246466560, 400954643, 355423127, 36.6772
9, 135.535, 1.76132, 250316800, 428477316, 382835227, 36.2586
10, 131.236, 1.84871, 254402560, 459482592, 412481780, 41.9345
11, 133.701, 1.87539, 262922240, 494035029, 446567716, 43.382
12, 131.662, 1.91734, 264704000, 528389779, 482130755, 45.17
13, 126.71, 2.05347, 272834560, 575560677, 528479781, 45.5236
14, 126.226, 2.15063, 284651520, 622583084, 577184314, 46.1777
15, 126.948, 2.17539, 289576960, 670334142, 622029990, 45.9454
16, 124.251, 2.25523, 293826560, 718428602, 675800593, 41.1107
17, 126.234, 2.34398, 310261760, 775829552, 737161981, 39.7136
18, 123.144, 2.60351, 336179200, 848256884, 796603769, 49.5222
19, 124.517, 2.70475, 353146880, 908669659, 852650331, 52.7548
20, 130.842, 2.66558, 365711360, 963254615, 903626767, 56.7074
21, 126.549, 2.88171, 382392320, 1023569182, 959692653, 65.0849
22, 129.971, 2.89908, 395100160, 1080819508, 1013540217, 67.6683
23, 131.754, 2.92915, 404674560, 1133735122, 1062198711, 73.8734
24, 134.732, 2.92262, 412897280, 1185565924, 1111051218, 80.8209
25, 131.888, 2.99111, 413655040, 1232391052, 1158636336, 84.5042
26, 128.529, 3.20058, 431349760, 1291996331, 1217265822, 88.3039
27, 135.235, 3.10635, 440494080, 1340901384, 1264721455, 91.6393
28, 129.768, 3.30412, 449597440, 1399336070, 1316137646, 100.792
29, 137.206, 3.13461, 450979840, 1441414571, 1371148718, 100.282
30, 102.282, 4.86304, 521564160, 1585570172, 1548802959, 66.7198
31, 137.118, 3.71493, 534128640, 1657503152, 1604998275, 54.3424
32, 136.632, 3.79684, 543969280, 1727350917, 1658075210, 68.5698
33, 139.428, 3.76068, 549816320, 1803099265, 1707437536, 91.9966
34, 136.592, 3.91026, 560056320, 1857012592, 1759746288, 106.722
35, 135.806, 4.01336, 571514880, 1917025008, 1815513089, 112.138
36, 141.18, 3.90889, 578662400, 1971999647, 1868624303, 123.628
37, 138.756, 3.96302, 576604160, 2026475804, 1921621362, 129.638
38, 139.982, 3.95434, 580423680, 2076999427, 1969632962, 132.89
39, 140.971, 3.95389, 584458240, 2130147314, 2023050167, 140.816
40, 137.412, 3.15414, 454471680, 2152157492, 2067680580, 129.795
41, 137.506, 3.19667, 460912640, 2199148426, 2112275069, 148.421
42, 138.943, 3.19909, 466083840, 2242867847, 2154352110, 149.202
43, 137.303, 3.28232, 472565760, 2288293739, 2198533736, 159.104
44, 140.5, 3.25624, 479723520, 2331702095, 2240814515, 165.395
45, 143.011, 3.26228, 489205760, 2369994422, 2277074878, 169.759
46, 141.844, 3.35515, 499025920, 2411409736, 2316328769, 178.042
47, 144.66, 3.33359, 505661440, 2449450622, 2350573016, 180.254
48, 147.582, 3.32039, 513832960, 2478812238, 2376762041, 196.041
49, 142.138, 3.95858, 589998080, 2535947726, 2440135655, 180.223
50, 110.371, 6.16163, 713103360, 2710790720, 2647217529, 143.466
51, 135.245, 5.09313, 722278400, 2807446729, 2715530392, 126.826
52, 143.643, 5.1768, 779735040, 2896635388, 2793018585, 142.905
53, 145.847, 5.34902, 818032640, 2989019910, 2858471159, 170.457
54, 153.46, 5.12731, 825057280, 3051159967, 2929061839, 172.912
55, 151.349, 5.25739, 834355200, 3134272834, 2995651855, 186.276
56, 152.548, 5.22602, 835942400, 3194670014, 3061192631, 196.986
57, 154.419, 5.14954, 833812480, 3259019552, 3127519531, 191.651
58, 153.168, 5.16743, 829931520, 3325514178, 3189943658, 193.618
59, 153.626, 5.21121, 839464960, 3389523951, 3256200381, 199.989
60, 141.754, 4.00922, 595927040, 3418988335, 3303591059, 209.758
61, 152.435, 5.34769, 854773760, 3507318965, 3372400120, 211.856
62, 137.516, 4.3757, 630958080, 3539523470, 3422056424, 234.111
63, 140.826, 4.33975, 640839680, 3584333151, 3466831666, 256.447
64, 142.932, 4.32596, 648355840, 3631652524, 3512520602, 258.575
65, 150.085, 4.18141, 658053120, 3677030176, 3553493778, 266.797
66, 146.638, 4.33273, 666204160, 3721462581, 3598731418, 277.381
67, 147.942, 4.36397, 676976640, 3764382280, 3636496188, 289.328
68, 149.176, 4.39176, 686970880, 3801981210, 3675151358, 294.446
69, 156.113, 4.24923, 695582720, 3837088351, 3706287664, 314.726
70, 157.768, 5.2185, 863303680, 3909921234, 3799416423, 237.786
71, 119.921, 8.10561, 1019248640, 4137240467, 4086658251, 152.65
72, 158.547, 6.40138, 1064222720, 4264289622, 4164348504, 132.043
73, 171.494, 5.95205, 1070325760, 4352677732, 4230083596, 153.1
74, 166.077, 6.26945, 1091788800, 4454570897, 4301582571, 188.808
75, 156.393, 5.31533, 871659520, 4505007645, 4343601390, 255.786
76, 156.35, 5.31415, 871229440, 4545344627, 4438302421, 230.096
77, 162.56, 5.35816, 913336320, 4636853136, 4496339005, 247.351
78, 165.194, 5.41593, 938137600, 4695255235, 4549043139, 246.147
79, 163.854, 5.51583, 947691520, 4749132100, 4601298408, 266.967
80, 165.463, 5.51937, 957614080, 4797205527, 4646771329, 276.154
81, 166.842, 5.52041, 965775360, 4845168524, 4691295343, 290.85
82, 165.515, 5.66899, 983879680, 4892254628, 4738020707, 296.875
83, 145.955, 6.60599, 1011015680, 4968575172, 4944391578, 56.2813
84, 176.754, 5.50138, 1019627520, 5048981657, 5005041136, 37.3756
85, 204.305, 4.75611, 1018900480, 5074621625, 5028125234, 41.1363
86, 193.293, 5.02733, 1018951680, 5166302196, 5045220268, 115.402
87, 192.167, 5.05734, 1019064320, 5192308283, 5060537131, 156.154
88, 195.135, 4.98077, 1019136000, 5203440919, 5074137106, 169.437
89, 194.415, 4.99958, 1019207680, 5225548856, 5089830213, 204.424
90, 193.151, 5.03234, 1019217920, 5241132952, 5103440456, 231.31
91, 194.091, 5.00806, 1019238400, 5256753712, 5145472740, 260.144
92, 189.169, 5.36357, 1063905280, 5318847948, 5170377303, 275.668
93, 199.877, 5.07621, 1063905280, 5322009373, 5182881938, 283.889
94, 198.178, 5.11999, 1063956480, 5335691135, 5195129698, 305.445
95, 197.007, 5.15086, 1064048640, 5351109618, 5208532065, 333.338
96, 201.557, 5.03474, 1064079360, 5363843982, 5222684496, 348.911
97, 198.738, 5.1064, 1064130560, 5379634692, 5233652647, 381.608
98, 198.66, 5.10868, 1064192000, 5390287152, 5244603626, 390.306
99, 199.293, 5.09256, 1064212480, 5400947782, 5303653935, 422.512
100, 189.921, 5.37328, 1070069760, 5477081890, 5353803310, 419.116
101, 200.457, 5.09105, 1070110720, 5507787610, 5340132053, 426.72
102, 198.539, 5.14053, 1070172160, 5498609264, 5348580778, 456.732
103, 199.209, 5.12329, 1070182400, 5506547480, 5358451154, 486.649
104, 198.914, 5.13124, 1070254080, 5516411201, 5369808996, 485.627
105, 196.851, 5.18505, 1070264320, 5526806552, 5378791509, 518.773
106, 196.088, 5.20543, 1070305280, 5536591699, 5390743845, 535.76
107, 199.193, 5.12433, 1070315520, 5548563762, 5399590350, 577.944
108, 199.536, 5.11553, 1070315520, 5557549335, 5471579259, 601.963
109, 190.376, 5.46766, 1091471360, 5648662673, 5476660580, 578.995
110, 198.407, 5.24648, 1091502080, 5634949563, 5486899841, 591.854
111, 199.678, 5.21323, 1091532800, 5644215774, 5496276682, 608.084
112, 200.513, 5.19209, 1091655680, 5653234294, 5505729082, 626.713
113, 203.48, 5.11653, 1091686400, 5664826535, 5515929895, 644.354
114, 194.877, 5.34255, 1091717120, 5671066543, 5526262595, 629.751
115, 200.288, 5.19848, 1091768320, 5687124320, 5544722360, 616.565
116, 198.665, 5.24099, 1091778560, 5703261225, 5629326131, 682.3
117, 172.945, 6.21218, 1126553600, 5844753962, 5651752893, 699.107
118, 197.931, 5.42797, 1126553600, 5812905029, 5661065010, 694.049
119, 202.036, 5.3179, 1126594560, 5822712800, 5671165865, 714.863
120, 202.95, 5.29422, 1126656000, 5832562349, 5681062160, 711.32
121, 201.94, 5.32091, 1126696960, 5843232509, 5692928671, 758.902
122, 203.564, 5.27853, 1126717440, 5852945940, 5702009291, 758.834
123, 202.517, 5.30589, 1126727680, 5864231956, 5712735497, 768.664
124, 199.247, 5.393, 1126737920, 5873784144, 5808175567, 810.093
125, 177.612, 6.10375, 1136762880, 6015354644, 5810823967, 805.376
126, 201.636, 5.37673, 1136803840, 5973256095, 5818167147, 821.115
127, 200.85, 5.39799, 1136855040, 5981817712, 5826858101, 848.152
128, 200.239, 5.41472, 1136906240, 5990346964, 5838023154, 842.749
129, 202.048, 5.36638, 1136936960, 6002121334, 5849662421, 877.019
130, 202.713, 5.34898, 1136977920, 6013782039, 5858490913, 873.739
131, 202.155, 5.36387, 1137008640, 6019931291, 5868226265, 906.68
132, 199.749, 5.42854, 1137018880, 6030543113, 5974551298, 921.643
133, 175.983, 6.2419, 1151825920, 6188676421, 5973511193, 918.737
134, 202.506, 5.42461, 1151877120, 6138573329, 5980432164, 907.357
135, 203.764, 5.39092, 1151836160, 6144719607, 5991384157, 932.045
136, 200.838, 5.46971, 1151887360, 6155694968, 6000871258, 957.971
137, 200.919, 5.46779, 1151948800, 6166884006, 6010826741, 995.416
138, 202.136, 5.43503, 1151979520, 6174061720, 6019413709, 1004.94
139, 202.739, 5.41894, 1152000000, 6183723645, 6029678655, 1000.21
140, 203.303, 5.40402, 1152020480, 6189972290, 6038887987, 1042.82
141, 178.856, 6.14271, 1152030720, 6203986125, 6160328199, 1069.73
142, 180.171, 6.13793, 1159598080, 6370288592, 6143309343, 1047.47
143, 200.281, 5.52204, 1159680000, 6310166624, 6150817379, 1047.86
144, 202.033, 5.47447, 1159751680, 6316931471, 6161149102, 1054.21
145, 202.229, 5.46926, 1159772160, 6326926518, 6171130488, 1044.62
146, 200.848, 5.50698, 1159792640, 6337380630, 6181514937, 1116.3
147, 202.508, 5.46199, 1159823360, 6348896916, 6191261372, 1138.57
148, 202.822, 5.45367, 1159854080, 6357787290, 6201358273, 1137.01
149, 201.98, 5.4767, 1159915520, 6366358853, 6212971505, 1156.03
150, 202.593, 5.46012, 1159915520, 6379411344, 6344927341, 1159.78
151, 177.306, 6.53558, 1215088640, 6565596067, 6339371233, 1095.97
152, 205.781, 5.63137, 1215119360, 6509202481, 6352214058, 1098.58
153, 206.663, 5.60742, 1215139840, 6520623833, 6361325192, 1133.91
154, 208.77, 5.55094, 1215160320, 6525723379, 6370962894, 1124.69
155, 208.36, 5.56198, 1215191040, 6539907142, 6382315567, 1188.46
156, 206.399, 5.61497, 1215221760, 6550235411, 6390390173, 1208.57
157, 209.457, 5.53315, 1215252480, 6558205912, 6400173299, 1245.06
158, 206.652, 5.60839, 1215283200, 6567694849, 6536399721, 1193.29
159, 179.862, 6.72841, 1268971520, 6760835769, 6530035151, 1178.48
160, 212.55, 5.69387, 1269022720, 6699803557, 6534658691, 1207.78
161, 214.548, 5.641, 1269053440, 6703739979, 6542912376, 1251.36
162, 208.332, 5.80959, 1269114880, 6713364681, 6556205423, 1221.47
163, 211.186, 5.73122, 1269145600, 6726179507, 6567160642, 1262.57
164, 209.841, 5.76813, 1269186560, 6736966192, 6575063384, 1319.88
165, 212.357, 5.70012, 1269258240, 6742167890, 6583339135, 1324.76
166, 213.375, 5.6731, 1269299200, 6753808809, 6596171293, 1359.55
167, 211.684, 5.71841, 1269299200, 6765960352, 6742602664, 1358.39
168, 182.323, 7.00989, 1340149760, 6971063296, 6874381550, 1290.96
169, 174.207, 7.3371, 1340262400, 7046933140, 6903834778, 1296.79
170, 181.324, 7.04932, 1340303360, 7074613348, 6922762860, 1302.58
171, 214.521, 5.95863, 1340344320, 7093899476, 6939437174, 1358.28
172, 214.711, 5.9535, 1340375040, 7109998569, 6951585824, 1365.18
173, 217.902, 5.8663, 1340375040, 7122125836, 6963247866, 1392
174, 217.111, 5.88778, 1340395520, 7134889053, 6977178508, 1408.91
175, 217.185, 5.88585, 1340416000, 7147968063, 7026033683, 1399.45
176, 192.217, 6.73753, 1357977600, 7246808626, 7073871366, 1430.17
177, 218.128, 5.93732, 1358008320, 7244089920, 7085910921, 1383.94
178, 216.291, 5.98808, 1358080000, 7259479620, 7101082829, 1419.14
179, 218.173, 5.93673, 1358151680, 7274581295, 7111763234, 1429.49
180, 217.305, 5.96068, 1358202880, 7286171427, 7125429449, 1489.95
181, 214.961, 6.02584, 1358243840, 7297628296, 7135213966, 1507.34
182, 218.419, 5.93059, 1358274560, 7308891187, 7145984126, 1505.96
183, 215.243, 6.01817, 1358295040, 7314873721, 7156705765, 1494.33
184, 215.915, 5.9996, 1358325760, 7331252584, 7231231411, 1505.33
185, 186.448, 7.01179, 1370839040, 7456584126, 7273891677, 1485.1
186, 216.249, 6.0456, 1370859520, 7446464179, 7285030649, 1472.9
187, 215.894, 6.05611, 1370992640, 7459634076, 7294894906, 1515.57
188, 218.191, 5.99246, 1371013120, 7469940908, 7308301053, 1533.84
189, 214.3, 6.10143, 1371054080, 7482036788, 7326487526, 1489.52
190, 217.174, 6.02083, 1371084800, 7500889899, 7334360794, 1591.51
191, 214.088, 6.10781, 1371125760, 7508181247, 7343036507, 1621.25
192, 215.605, 6.06497, 1371156480, 7518010803, 7354512585, 1582.09
193, 218.257, 5.99137, 1371176960, 7529585919, 7444894510, 1662.91
194, 186.655, 7.03462, 1376829440, 7666289669, 7472080281, 1522.5
195, 217.128, 6.04096, 1375375360, 7647004696, 7479391947, 1522.71
196, 216.901, 6.04736, 1375395840, 7654137457, 7492028818, 1580.64
197, 211.08, 6.21456, 1375488000, 7672518213, 7516967561, 1543.62
198, 215.147, 6.09716, 1375508480, 7690750467, 7522152800, 1623.41
199, 215.99, 6.0735, 1375539200, 7697693867, 7531951482, 1650.58
200, 217.14, 6.04152, 1375580160, 7706219692, 7542770257, 1627.63
201, 219.184, 5.98521, 1375590400, 7717071631, 7645053523, 1655.58
202, 191.55, 6.95941, 1397831680, 7869480330, 7662542004, 1661.15
203, 214.666, 6.21008, 1397852160, 7837850585, 7669376044, 1636.52
204, 213.672, 6.23924, 1397913600, 7845061395, 7682002928, 1661.62
205, 218.268, 6.10809, 1397964800, 7857579420, 7693580784, 1690.11
206, 216.759, 6.15084, 1398016000, 7869825526, 7706163284, 1711.9
207, 218.869, 6.09173, 1398056960, 7882037812, 7713038102, 1742.03
208, 216.989, 6.14468, 1398097920, 7888350343, 7725128865, 1714.62
209, 218.95, 6.08987, 1398149120, 7902436671, 7842443784, 1762.49
