Backup ID, Ecall, Inline_Ocall, Offline_Ocall, _Inline_FPOcall, _Inline_SFOcall, _Inline_LocalOcall, _Inline_LoadOcall, _Inline_DeltaOcall, _Inline_RecipeOcall, _Inline_Write_ContainerOcall, _inline_have_similar_chunk_num, _inline_need_load_container_num
0,195,637,5,193,193,0,34,193,24,27,64,33,
1,394,1276,19698,390,390,6,58,384,48,36,8227,276,
2,599,1944,83317,593,593,48,92,545,73,46,17265,729,
3,808,2610,208309,800,800,239,112,561,98,64,26220,1371,
4,1020,3299,360516,1010,1010,418,145,592,124,83,35467,2141,
5,1238,3991,546956,1226,1226,619,163,607,150,103,44998,3041,
6,1458,4696,754912,1444,1444,817,187,627,177,123,55115,3957,
7,1681,5400,991034,1665,1665,1029,201,636,204,144,65362,4994,
8,1910,6124,1255583,1892,1892,1243,216,649,232,166,76472,6117,
9,2141,6864,1541570,2121,2121,1452,241,669,260,186,87787,7166,
10,2377,7611,1860200,2355,2355,1672,257,683,289,207,99182,8276,
11,2620,8378,2209033,2596,2596,1900,271,696,319,229,110578,9483,
12,2865,9158,2576195,2839,2839,2127,292,712,349,251,121882,10709,
13,3117,9950,2970455,3089,3089,2369,303,720,380,276,133712,12144,
14,3379,10787,3371532,3349,3349,2611,328,738,412,301,145059,13503,
15,3646,11642,3794852,3614,3614,2855,355,759,445,326,157408,14900,
16,3917,12512,4208554,3883,3883,3103,385,780,478,352,168252,16236,
17,4216,13491,4645605,4180,4180,3377,436,803,515,379,178498,17752,
18,4526,14504,5132719,4488,4488,3653,487,835,553,409,191427,19360,
19,4851,15539,5645736,4811,4811,3942,513,869,593,439,205616,20895,
20,5187,16623,6181030,5145,5145,4231,554,914,634,469,220735,22442,
21,5539,17747,6753309,5495,5495,4550,585,945,677,501,236577,24136,
22,5903,18913,7379462,5857,5857,4886,620,971,722,533,253382,25940,
23,6275,20101,8052890,6227,6227,5229,652,998,768,565,271241,27896,
24,6655,21304,8737439,6605,6605,5583,674,1022,815,598,289533,29823,
25,7037,22520,9472759,6985,6985,5937,703,1048,862,630,307838,31809,
26,7435,23777,10252359,7381,7381,6307,723,1074,911,665,326349,33987,
27,7841,25080,11043839,7785,7785,6673,764,1112,961,698,345628,35954,
28,8256,26401,11931430,8198,8198,7061,795,1137,1012,734,366175,38440,
29,8672,27740,12794082,8612,8612,7440,841,1172,1063,767,386215,40533,
30,9153,29286,13653907,9091,9091,7881,891,1210,1122,823,398280,44143,
31,9644,30958,14345932,9580,9580,8127,1035,1453,1183,853,420384,45515,
32,10144,32613,15102305,10078,10078,8456,1134,1622,1245,885,443486,47130,
33,10650,34246,15984344,10582,10582,8908,1193,1674,1307,923,467906,49128,
34,11165,35898,16919784,11095,11095,9372,1242,1723,1371,962,492681,51321,
35,11691,37581,17933767,11619,11619,9853,1288,1766,1436,1003,517950,53770,
36,12223,39282,18993939,12149,12149,10341,1333,1808,1502,1044,543639,56311,
37,12754,40973,20106127,12678,12678,10842,1371,1836,1568,1086,569383,58962,
38,13288,42686,21231474,13210,13210,11331,1422,1879,1634,1127,596424,61544,
39,13825,44385,22449946,13745,13745,11838,1450,1907,1700,1169,622718,64404,
40,14245,45700,23845772,14163,14163,12250,1459,1913,1752,1203,643396,68373,
41,14670,47038,25251627,14586,14586,12661,1476,1925,1804,1238,664674,71789,
42,15100,48397,26690858,15014,15014,13075,1498,1939,1857,1273,686427,74898,
43,15537,49771,28188682,15449,15449,13501,1513,1948,1911,1309,708585,78273,
44,15980,51167,29714401,15890,15890,13929,1531,1961,1966,1344,730908,81637,
45,16431,52597,31248248,16339,16339,14353,1558,1986,2022,1378,753863,84958,
46,16891,54049,32847467,16797,16797,14796,1579,2001,2079,1414,777258,88747,
47,17357,55519,34468274,17261,17261,15246,1600,2015,2136,1449,801405,92596,
48,17830,57010,36094311,17732,17732,15702,1620,2030,2194,1483,825861,96357,
49,18373,58715,37774719,18273,18273,16234,1635,2039,2261,1525,852153,100449,
50,19025,60894,39464200,18923,18923,16831,1783,2092,2342,1596,872017,106157,
51,19685,63088,40925692,19581,19581,17272,1921,2309,2424,1638,902422,108587,
52,20394,65691,42386489,20288,20288,17778,2315,2510,2512,1685,933693,111228,
53,21133,68066,43980499,21025,21025,18391,2387,2634,2604,1736,966899,114190,
54,21878,70450,45649897,21768,21768,19004,2450,2764,2696,1786,999195,117482,
55,22631,72830,47434313,22518,22518,19657,2486,2862,2789,1840,1033464,121153,
56,23385,75215,49172827,23259,23259,20302,2544,2969,2882,1892,1067384,124728,
57,24136,77551,50863937,23981,23981,20946,2594,3074,2975,1944,1100432,128333,
58,24884,79860,52660600,24697,24697,21597,2632,3169,3068,1996,1134022,132143,
59,25641,82217,54517865,25423,25423,22244,2688,3277,3162,2048,1167620,135990,
60,26189,83935,56786027,25969,25969,22782,2700,3285,3230,2091,1195206,142014,
61,26958,86306,58811111,26706,26706,23458,2735,3376,3325,2144,1229102,146464,
62,27537,88132,61168768,27282,27282,24010,2760,3401,3397,2188,1257618,151373,
63,28125,89998,63517622,27867,27867,24554,2797,3443,3470,2231,1286616,155580,
64,28720,91890,65905989,28459,28459,25102,2838,3488,3544,2274,1316436,159916,
65,29322,93802,68330617,29058,29058,25661,2878,3529,3618,2317,1346902,164441,
66,29932,95748,70807416,29665,29665,26223,2927,3575,3693,2361,1377514,169143,
67,30551,97716,73290409,30281,30281,26792,2969,3623,3770,2405,1408906,173763,
68,31180,99713,75908186,30907,30907,27375,3009,3667,3848,2449,1440299,178665,
69,31816,101724,78466037,31540,31540,27967,3041,3709,3927,2492,1472057,183616,
70,32593,104111,80904976,32281,32281,28661,3075,3790,4023,2545,1505272,189062,
71,33504,107084,83350324,33160,33160,29461,3268,3899,4136,2633,1529808,197398,
72,34451,110199,85133881,34073,34073,29980,3494,4325,4254,2680,1566890,200213,
73,35404,113246,86969855,34991,34991,30587,3636,4669,4372,2729,1604932,203320,
74,36375,116281,88937757,35925,35925,31342,3713,4883,4493,2788,1644422,206970,
75,37160,118681,91658291,36671,36671,32049,3741,4959,4590,2841,1679995,212963,
76,37943,121091,94201322,37416,37416,32739,3783,5050,4687,2894,1713175,218376,
77,38761,123620,96562624,38194,38194,33428,3839,5177,4788,2946,1748984,223018,
78,39600,126220,98943629,38994,38994,34126,3898,5316,4892,2998,1785762,227776,
79,40450,128847,101366228,39802,39802,34832,3956,5458,4997,3050,1823064,232654,
80,41308,131488,103779680,40608,40608,35539,4023,5607,5103,3101,1860979,237473,
81,42173,134127,106266171,41412,41412,36253,4084,5756,5210,3153,1899402,242377,
82,43055,136830,108779625,42235,42235,36980,4152,5909,5319,3206,1938714,247708,
83,44077,139986,110945366,43195,43195,37836,4241,6073,5446,3267,1948833,254427,
84,45108,143392,111903575,44161,44161,38186,4558,6752,5574,3296,1985756,256674,
85,46138,146578,112586395,45122,45122,38478,4666,7488,5702,3317,2029040,258830,
86,47168,149754,113502270,46083,46083,39184,4764,7810,5830,3354,2073446,261560,
87,48199,152926,114524329,47046,47046,39963,4853,8060,5958,3394,2118639,264760,
88,49230,156097,115674758,48006,48006,40712,4947,8340,6086,3433,2164482,268070,
89,50261,159247,116966053,48964,48964,41528,5024,8553,6214,3474,2209883,272000,
90,51292,162409,118381703,49922,49922,42340,5113,8770,6342,3515,2255836,276143,
91,52323,165556,119971125,50878,50878,43172,5191,8967,6470,3556,2302371,280282,
92,53391,168799,122109662,51875,51875,44057,5241,9148,6603,3602,2345683,285678,
93,54459,172071,123870889,52871,52871,44875,5322,9396,6736,3643,2392226,290058,
94,55527,175347,125804619,53869,53869,45693,5403,9644,6869,3684,2439119,294508,
95,56595,178605,127917430,54862,54862,46543,5476,9860,7002,3726,2486029,299090,
96,57663,181868,130132919,55853,55853,47386,5558,10083,7135,3768,2532290,303951,
97,58731,185112,132477648,56839,56839,48245,5631,10290,7268,3810,2579666,308683,
98,59799,188355,134988287,57826,57826,49101,5701,10500,7401,3852,2627220,313421,
99,60868,191599,137721004,58809,58809,49963,5779,10705,7534,3894,2674295,318619,
100,61942,194831,140829662,59794,59794,50854,5836,10886,7667,3941,2718682,325148,
101,63016,198078,143556506,60775,60775,51688,5916,11124,7800,3982,2765200,329945,
102,64090,201306,146512755,61756,61756,52563,5977,11321,7933,4025,2812484,335238,
103,65164,204537,149600595,62736,62736,53425,6043,11531,8066,4068,2860137,340434,
104,66238,207775,152795266,63716,63716,54292,6116,11736,8199,4111,2907582,345697,
105,67312,211016,156099475,64696,64696,55151,6192,11949,8332,4153,2955634,350861,
106,68386,214256,159541021,65676,65676,56021,6267,12151,8465,4196,3002848,356113,
107,69460,217492,163128584,66656,66656,56890,6338,12354,8598,4239,3051112,361239,
108,70534,220731,166867988,67636,67636,57763,6412,12553,8731,4282,3099288,366596,
109,71627,224010,171087042,68637,68637,58674,6462,12733,8867,4329,3144652,373652,
110,72720,227331,174946557,69638,69638,59543,6554,12955,9003,4372,3192467,378986,
111,73813,230644,178861359,70638,70638,60405,6640,13184,9139,4414,3240766,384378,
112,74906,233950,182859814,71637,71637,61268,6721,13412,9275,4456,3289442,389218,
113,75999,237252,187037398,72636,72636,62151,6798,13620,9411,4499,3337897,394647,
114,77092,240567,191276594,73635,73635,62986,6888,13876,9547,4541,3386273,399784,
115,78186,243861,195474329,74636,74636,63891,6952,14063,9683,4584,3432375,406735,
116,79279,247172,200022473,75635,75635,64769,7038,14276,9819,4627,3480605,412157,
117,80400,250559,205613672,76661,76661,65703,7115,14461,9958,4684,3530458,422112,
118,81521,253947,210269847,77687,77687,66581,7193,14702,10097,4727,3578790,427592,
119,82642,257342,215061465,78714,78714,67474,7276,14928,10236,4771,3627671,433076,
120,83763,260731,219950065,79740,79740,68366,7355,15155,10375,4814,3676821,438596,
121,84884,264101,224960754,80760,80760,69264,7427,15376,10514,4858,3725639,444114,
122,86005,267485,230014632,81782,81782,70148,7509,15611,10653,4901,3774913,449514,
123,87126,270859,235280661,82804,82804,71050,7581,15828,10792,4945,3824081,455481,
124,88248,274262,240661230,83826,83826,71933,7681,16065,10931,4988,3873376,461064,
125,89380,277656,246917443,84860,84860,72871,7736,16257,11072,5043,3923399,470409,
126,90512,281082,252367599,85892,85892,73765,7827,16493,11213,5087,3972206,476187,
127,91644,284509,257970949,86924,86924,74661,7919,16727,11354,5131,4022016,482012,
128,92776,287926,263588796,87953,87953,75561,8007,16957,11495,5175,4071460,487770,
129,93908,291336,269413314,88981,88981,76478,8090,17170,11636,5219,4120881,493917,
130,95040,294742,275325521,90007,90007,77391,8173,17387,11777,5263,4170691,499624,
131,96172,298148,281325262,91028,91028,78284,8266,17624,11918,5306,4220861,504963,
132,97304,301548,287467592,92049,92049,79184,8353,17854,12059,5350,4270608,510953,
133,98451,304974,294558575,93087,93087,80137,8415,18046,12202,5407,4321944,520800,
134,99598,308421,300787479,94125,94125,81053,8498,18275,12345,5451,4371688,526846,
135,100745,311865,307024817,95161,95161,81957,8582,18516,12488,5495,4421649,532785,
136,101892,315314,313437483,96197,96197,82867,8671,18751,12631,5539,4472030,538401,
137,103040,318758,319987467,97236,97236,83791,8748,18973,12774,5584,4522586,544336,
138,104187,322212,326619027,98272,98272,84693,8842,19216,12917,5628,4573097,550313,
139,105334,325655,333394363,99309,99309,85610,8923,19444,13060,5672,4623259,556372,
140,106481,329110,340095522,100345,100345,86495,9018,19704,13203,5715,4673802,561843,
141,107628,332556,347197393,101382,101382,87423,9102,19921,13346,5759,4724051,568281,
142,108784,336012,354994381,102429,102429,88377,9166,20121,13490,5815,4775278,577553,
143,109940,339505,362089701,103477,103477,89306,9265,20346,13634,5860,4825231,584015,
144,111096,342970,369255759,104523,104523,90231,9340,20575,13778,5905,4875755,590070,
145,112252,346457,376490143,105569,105569,91149,9437,20811,13922,5950,4926465,596250,
146,113408,349926,383846924,106615,106615,92075,9516,21039,14066,5995,4977281,602401,
147,114564,353397,391343528,107660,107660,93011,9599,21257,14210,6040,5028039,608403,
148,115720,356867,398923407,108704,108704,93941,9683,21481,14354,6085,5078763,614936,
149,116876,360355,406555844,109750,109750,94852,9781,21724,14498,6129,5129316,621285,
150,118032,363817,414352628,110792,110792,95796,9861,21934,14642,6174,5178867,627952,
151,119233,367451,422970091,111883,111883,96782,9965,22147,14791,6233,5231120,637729,
152,120434,371076,430754475,112973,112973,97709,10062,22419,14940,6279,5281504,644317,
153,121635,374694,438520086,114063,114063,98652,10152,22675,15089,6324,5332084,650920,
154,122836,378317,446272079,115153,115153,99566,10247,22960,15238,6368,5383550,656673,
155,124037,381940,454313080,116243,116243,100514,10342,23211,15387,6413,5434775,663105,
156,125238,385557,462468377,117330,117330,101453,10437,23471,15536,6458,5486215,669500,
157,126439,389167,470626607,118416,118416,102394,10527,23729,15685,6503,5537564,675959,
158,127640,392783,478951719,119504,119504,103338,10619,23984,15834,6548,5588662,682260,
159,128885,396511,488161368,120636,120636,104351,10685,24214,15989,6608,5641292,692466,
160,130130,400256,496451885,121763,121763,105293,10778,24515,16144,6654,5692658,698758,
161,131375,404009,504815735,122894,122894,106239,10871,24812,16299,6699,5744509,704716,
162,132620,407749,513211702,124025,124025,107194,10951,25100,16454,6745,5796069,711120,
163,133865,411502,521769290,125153,125153,108155,11050,25382,16609,6791,5847806,717445,
164,135110,415249,530478847,126283,126283,109116,11139,25664,16764,6837,5900091,723612,
165,136355,419000,539141052,127409,127409,110032,11240,25991,16919,6882,5952729,729306,
166,137600,422752,548095156,128535,128535,110990,11342,26276,17074,6928,6004940,735583,
167,138845,426486,557120128,129657,129657,111950,11434,26559,17229,6974,6056781,742132,
168,140147,430820,566959865,130838,130838,112972,11944,26837,17391,7035,6110889,752230,
169,141449,434730,575895774,132011,132011,113933,12046,27176,17553,7081,6162668,758899,
170,142751,438637,584827132,133179,133179,114878,12155,27531,17715,7127,6215197,765051,
171,144054,442552,593884233,134347,134347,115839,12271,27871,17877,7173,6267812,771539,
172,145357,446467,602949251,135515,135515,116792,12387,28219,18039,7219,6320779,777395,
173,146659,450369,612166528,136681,136681,117751,12495,28560,18201,7265,6373699,783286,
174,147962,454272,621631359,137847,137847,118716,12603,28896,18363,7311,6426416,789858,
175,149265,458177,631124799,139013,139013,119674,12713,29239,18525,7357,6478822,796283,
176,150584,462095,641478778,140193,140193,120689,12790,29541,18689,7416,6533316,806201,
177,151903,466061,650868430,141373,141373,121628,12915,29919,18853,7462,6586136,812115,
178,153222,469998,660454456,142547,142547,122602,13023,30262,19017,7509,6638833,818954,
179,154541,473917,670111732,143714,143714,123583,13127,30598,19181,7556,6692135,825432,
180,155861,477828,679941680,144881,144881,124577,13222,30922,19345,7603,6745266,832227,
181,157180,481751,689748018,146043,146043,125544,13340,31272,19509,7649,6798656,838399,
182,158499,485660,699746692,147203,147203,126522,13448,31611,19673,7696,6852219,844686,
183,159819,489599,709622359,148363,148363,127463,13585,31988,19837,7741,6905940,850529,
184,161139,493486,719935488,149519,149519,128463,13678,32306,20001,7788,6958646,858049,
185,162471,497390,730886317,150690,150690,129495,13744,32604,20167,7848,7011974,868608,
186,163803,501340,740914998,151861,151861,130468,13856,32961,20333,7894,7064884,874913,
187,165135,505289,751122392,153032,153032,131456,13967,33303,20499,7941,7118598,881198,
188,166467,509230,761417276,154200,154200,132443,14076,33646,20665,7988,7172155,888030,
189,167799,513163,771751922,155363,155363,133419,14187,34000,20831,8035,7225255,894595,
190,169131,517078,782279827,156521,156521,134403,14290,34346,20997,8082,7279115,901426,
191,170463,521003,792861364,157678,157678,135381,14405,34698,21163,8129,7333255,907668,
192,171795,524910,803575349,158833,158833,136374,14506,35035,21329,8176,7387231,914276,
193,173127,528812,814539798,159982,159982,137370,14614,35369,21495,8223,7440866,921385,
194,174465,532699,825759932,161134,161134,138412,14695,35663,21661,8282,7494326,932381,
195,175801,536597,836426447,162282,162282,139417,14797,35992,21827,8329,7547439,939014,
196,177137,540504,847143432,163429,163429,140397,14910,36346,21993,8376,7601112,945579,
197,178474,544409,858067957,164578,164578,141407,15016,36671,22159,8424,7654011,952784,
198,179810,548319,868899039,165722,165722,142391,15138,37021,22325,8471,7708245,958855,
199,181146,552215,879932248,166868,166868,143389,15242,37357,22491,8518,7762388,965577,
200,182482,556117,890993036,168014,168014,144376,15352,37704,22657,8565,7816418,972263,
201,183818,560027,902251098,169159,169159,145362,15472,38052,22823,8612,7870093,979165,
202,185174,563979,914308860,170330,170330,146410,15559,38358,22992,8672,7925379,989669,
203,186530,567958,925301601,171498,171498,147392,15679,38730,23161,8719,7978566,996155,
204,187886,571944,936470679,172668,172668,148383,15802,39093,23330,8766,8032680,1002871,
205,189242,575925,947715430,173836,173836,149377,15924,39453,23499,8813,8086893,1009665,
206,190598,579905,959091590,175004,175004,150371,16045,39813,23668,8860,8141511,1016540,
207,191954,583884,970543152,176171,176171,151367,16167,40171,23837,8907,8196362,1022921,
208,193310,587869,982000751,177339,177339,152366,16293,40526,24006,8954,8250492,1029446,
209,194667,591835,993777724,178509,178509,153387,16395,40860,24175,9002,8304906,1036218,
