Backup ID, Logical chunk num, Unique chunk num, Base chunk num, Delta chunk num, Logical chunk size, Unique chunk size, Base chunk size, Delta chunk size, LZ4_save size, Delta_save size, 
0,349658,181563,130866,50697,2869463040,1586581660,598717441,34012051,547266004,406586164
1,700527,225166,160761,64405,5748879360,2005085802,759607883,42527867,676668322,526281730
2,1048641,266111,187825,78286,8606402560,2401076896,906083350,50541085,793129525,651322936
3,1400928,309641,222618,87023,11506227200,2823542516,1095632926,57718294,936984261,733207035
4,1749773,350273,250676,99597,14379182080,3221877633,1248538491,64779725,1058026697,850532720
5,2102412,391624,279499,112125,17284945920,3626123370,1404316147,71523199,1182108485,968175539
6,2454706,434179,309244,124935,20191088640,4041790630,1564945533,78774297,1310347759,1087723041
7,2812109,475940,342815,133125,23129180160,4435403046,1742294829,84600668,1449797809,1158709740
8,3167314,516183,372410,143773,26049710080,4815972298,1903803062,91393364,1575575714,1245200158
9,3522400,556670,403074,153596,28969748480,5198324110,2070067398,97635509,1705600312,1325020891
10,3874982,595347,432284,163063,31867842560,5565605388,2230383379,103646889,1829214381,1402360739
11,4227381,634533,461570,172963,34764001280,5937267741,2389830788,110261885,1952497559,1484677509
12,4585507,676861,492874,183987,37705349120,6332317969,2558643898,116942754,2082991721,1573739596
13,4940662,717180,523541,193639,40626268160,6713959396,2725638458,122954169,2213025406,1652341363
14,5298219,756126,553576,202550,43568435200,7082753289,2889581471,128448190,2339443451,1725280177
15,5655036,794396,583327,211069,46505267200,7445443641,3051922084,134098900,2464500767,1794921890
16,6017260,834554,612817,221737,49483950080,7823476615,3209168597,142840288,2587563189,1883904541
17,6381829,874758,642407,232351,52483553280,8201432140,3366967564,151453485,2710890370,1972120721
18,6746630,914145,671555,242590,55485675520,8572341154,3524638537,157238712,2833248213,2057215692
19,7108426,954067,701237,252830,58467983360,8948973987,3683296136,165719612,2957111215,2142847024
20,7464498,993174,731871,261303,61400565760,9319044274,3849617812,171305568,3086045183,2212075711
21,7815621,1032218,761223,270995,64291246080,9690481972,4008762511,178666291,3209512164,2293541006
22,8163270,1070694,791036,279658,67153766400,10057353438,4172717985,184452849,3335838276,2364344328
23,8509462,1109121,821173,287948,70005688320,10423757412,4338540222,189924525,3463704155,2431588510
24,8857126,1147034,850746,296288,72872611840,10785938053,4502080670,195458494,3588794803,2499604086
25,9205823,1184724,880259,304465,75747768320,11145427019,4664849399,200820447,3713326459,2566430714
26,9553238,1223126,909505,313621,78613667840,11511966758,4825400854,206991740,3836799064,2642775100
27,9900471,1260887,937234,323653,81478348800,11872768927,4978708855,212398535,3954917438,2726744099
28,10248239,1299161,966729,332432,84350238720,12237946237,5141067864,218171723,4079997362,2798709288
29,10596588,1337206,996634,340572,87226378240,12600596594,5305631126,223561255,4206448129,2864956084
30,10946481,1375853,1026344,349509,90117150720,12968055455,5468414682,229410654,4331999575,2938230544
31,11291923,1413211,1055665,357546,92970352640,13325556050,5630824072,234660525,4456167398,3003904055
32,11633491,1450134,1084618,365516,95788369920,13679895037,5792023627,240099606,4578932084,3068839720
33,11980449,1491772,1116913,374859,98655385600,14076093037,5970528341,246048956,4714581818,3144933922
34,12328874,1532659,1149070,383589,101536942080,14465034928,6147783835,252071522,4849631071,3215548500
35,12678852,1573224,1178762,394462,104431165440,14850849290,6308977728,260196928,4973374551,3308300083
36,13027926,1613137,1207741,405396,107317770240,15231135114,6466813538,270002543,5094419590,3399899443
37,13379379,1652971,1239088,413883,110227466240,15609136396,6638391592,275568273,5225656223,3469520308
38,13728163,1691563,1269809,421754,113113917440,15977195134,6807838037,281399153,5354780763,3533177181
39,14076885,1730035,1300625,429410,116000757760,16345283035,6978249975,286992069,5484731273,3595309718
40,14428208,1769259,1332240,437019,118909593600,16718145370,7151613982,292538654,5617206013,3656786721
41,14776888,1807925,1363482,444443,121795717120,17086806716,7323987684,297921573,5748482509,3716414950
42,15125521,1846954,1394994,451960,124680949760,17458129194,7497309662,303358175,5881219596,3776241761
43,15474430,1885464,1426035,459429,127569377280,17824633621,7667800091,309359303,6011269561,3836204666
44,15821608,1923538,1456914,466624,130441646080,18187892099,7838474604,314673876,6141101607,3893642012
45,16170670,1961503,1487384,474119,133332664320,18550291606,8006319712,319997168,6269029546,3954945180
46,16521828,1999608,1518365,481243,136244039680,18912830265,8176663670,325470349,6398821111,4011875135
47,16873063,2038050,1549664,488386,139155404800,19278065298,8348207086,330953701,6529780341,4069124170
48,17225102,2076957,1581092,495865,142071173120,19646653058,8520109762,336419268,6661366690,4128757338
49,17574419,2115318,1612427,502891,144962355200,20012221789,8692872596,341628977,6793230823,4184489393
50,17926301,2154337,1644400,509937,147876433920,20382505558,8868148227,347163567,6926988778,4240204986
51,18271894,2192243,1675510,516733,150738626560,20744929295,9039957538,352775474,7058015663,4294180620
52,18617702,2229865,1706467,523398,153603604480,21104158522,9210930788,358167302,7188139967,4346920465
53,18965640,2267172,1737065,530107,156488765440,21459879139,9379995168,363297395,7316285714,4400300862
54,19314713,2305354,1768627,536727,159383644160,21823151729,9553568306,368488682,7448783598,4452311143
55,19663418,2344057,1800347,543710,162274867200,22191381180,9727879775,374177763,7582080677,4507242965
56,20013675,2383448,1832710,550738,165181665280,22565614286,9905229161,379781805,7718085026,4562518294
57,20362245,2421236,1863841,557395,168073625600,22926259665,10076846681,385299291,7848766687,4615347006
58,20711122,2460140,1895836,564304,170970521600,23297321455,10252767578,390891854,7983803749,4669858274
59,21060301,2497568,1925933,571635,173870110720,23653978445,10417696537,397098004,8108890577,4730293327
60,21409582,2535174,1957200,577974,176770754560,24012391341,10589703853,402537350,8239721613,4780428525
61,21758839,2573456,1988590,584866,179671726080,24376710915,10761880115,408151865,8371735350,4834943585
62,22110179,2612534,2020726,591808,182588170240,24746247844,10937524202,413510148,8506243277,4888970217
63,22458283,2651107,2052365,598742,185476454400,25113522953,11111520609,419058633,8639329462,4943614249
64,22807536,2689545,2084026,605519,188373995520,25479224907,11285365099,424495377,8772181715,4997182716
65,23153242,2727239,2115113,612126,191239946240,25840016130,11457835027,430034429,8903135509,5049011165
66,23501375,2764639,2146050,618589,194128947200,26197711913,11629143462,435346433,9033148034,5100073984
67,23849800,2802055,2177180,624875,197020743680,26555483219,11801404233,440525595,9164158923,5149394468
68,24197521,2840113,2208537,631576,199907051520,26919495546,11974709654,446028297,9296484595,5202273000
69,24546857,2878491,2240128,638363,202809763840,27285992635,12148627142,451502315,9429895628,5255967550
70,24897909,2916854,2271873,644981,205728215040,27651087447,12323068226,456930008,9563097459,5307991754
71,25251386,2955664,2304149,651515,208668569600,28019890005,12500004420,462213708,9698614499,5359057378
72,25602695,2993999,2335864,658135,211589539840,28385267946,12674609121,467798188,9831692389,5411168248
73,25952879,3031642,2367211,664431,214500464640,28744357655,12847296203,473067846,9962768592,5461225014
74,26306780,3069665,2398728,670937,217447301120,29106010902,13019998457,478499739,10094547039,5512965667
75,26661969,3108343,2428617,679726,220407265280,29473586437,13181811063,486950433,10219292007,5585532934
76,27016854,3147052,2460620,686432,223364904960,29841213287,13356962675,492397642,10353578600,5638274370
77,27372834,3185939,2492913,693026,226333276160,30210618529,13533575054,497724373,10488949613,5690369489
78,27727488,3224888,2525277,699611,229288622080,30580456393,13710511857,503063443,10624700430,5742180663
79,28083712,3263563,2557367,706196,232259921920,30947402258,13885450472,508619091,10758696434,5794636261
80,28435875,3301590,2588600,712990,235194050560,31309801095,14057093323,514494505,10889493179,5848720088
81,28788926,3339470,2620301,719169,238136698880,31670932755,14231727766,519549035,11022471870,5897184084
82,29143842,3378802,2650682,728120,241094256640,32043527381,14396233246,527387404,11148156382,5971750349
83,29499437,3417432,2682842,734590,244057620480,32411265351,14572772401,532688503,11283115865,6022688582
84,29855034,3456001,2714865,741136,247020236800,32778427332,14748514574,538150194,11417531217,6074231347
