Backup ID, FPindex, SFindex, Deltaindex
0,14525040,16419520,0
1,18013280,18867840,0
2,21288880,20194240,0
3,24771280,23043648,0
4,28021840,24281728,0
5,31329920,25497856,0
6,34734320,26733952,0
7,38075200,29267904,0
8,41294640,30796032,0
9,44533600,32272320,0
10,47627760,33478976,0
11,50762640,34781440,0
12,54148880,36299200,0
13,57374400,37620160,0
14,60490080,38792832,0
15,63551680,39881920,0
16,66764320,41193600,0
17,69980640,42535872,0
18,73131600,43557632,0
19,76325360,44794368,0
20,79453920,45864064,0
21,82577440,47036288,0
22,85655520,47999744,0
23,88729680,48964672,0
24,91762720,49828224,0
25,94777920,50623680,0
26,97850080,51624128,0
27,100870960,52512256,0
28,103932880,53397312,0
29,106976480,54268416,0
30,110068240,55195264,0
31,113056880,55985216,0
32,116010720,56723776,0
33,119341760,57891328,0
34,122612720,59044352,0
35,125857920,60282880,0
36,129050960,61461184,0
37,132237680,62638016,0
38,135325040,63668096,0
39,138402800,64712704,0
40,141540720,65818048,0
41,144634000,66896896,0
42,147756320,67980608,0
43,150837120,69181760,0
44,153883040,70196352,0
45,156920240,71190976,0
46,159968640,72142528,0
47,163044000,73226368,0
48,166156560,74251264,0
49,169225440,75265984,0
50,172346960,76378880,0
51,175379440,77452864,0
52,178389200,78427456,0
53,181373760,79442496,0
54,184428320,80439168,0
55,187524560,81529344,0
56,190675840,82535680,0
57,193698880,83506944,0
58,196811200,84504384,0
59,199805440,85471552,0
60,202813920,86296832,0
61,205876480,87292352,0
62,209002720,88372800,0
63,212088560,89322752,0
64,215163600,90339200,0
65,218179120,91107712,0
66,221171120,91886272,0
67,224164400,92642048,0
68,227209040,93569088,0
69,230279280,94438336,0
70,233348320,95275072,0
71,236453120,96180864,0
72,239519920,97006976,0
73,242531360,97866624,0
74,245573200,98915904,0
75,248667440,100007232,0
76,251764160,100890240,0
77,254875120,101715968,0
78,257991040,102608192,0
79,261085040,103482944,0
80,264127200,104418240,0
81,267157600,105183936,0
82,270304160,106336128,0
83,273394560,107154752,0
84,276480080,108048320,0
