Backup ID, Online Delta_save, Offline Delta_save, Offline delta time, Offline dedelta time, Offline delete time, Offline Delta chunk num
0,406586164,0,0,0,0,0
1,526281730,0,0,0,0,0
2,651322936,0,0,0,0,0
3,733207035,0,0,0,0,0
4,850532720,0,0,0,0,0
5,968175539,0,0,0,0,0
6,1087723041,0,0,0,0,0
7,1158709740,0,0,0,0,0
8,1245200158,0,0,0,0,0
9,1325020891,0,0,0,0,0
10,1402360739,0,0,0,0,0
11,1484677509,0,0,0,0,0
12,1573739596,0,0,0,0,0
13,1652341363,0,0,0,0,0
14,1725280177,0,0,0,0,0
15,1794921890,0,0,0,0,0
16,1883904541,0,0,0,0,0
17,1972120721,0,0,0,0,0
18,2057215692,0,0,0,0,0
19,2142847024,0,0,0,0,0
20,2212075711,0,0,0,0,0
21,2293541006,0,0,0,0,0
22,2364344328,0,0,0,0,0
23,2431588510,0,0,0,0,0
24,2499604086,0,0,0,0,0
25,2566430714,0,0,0,0,0
26,2642775100,0,0,0,0,0
27,2726744099,0,0,0,0,0
28,2798709288,0,0,0,0,0
29,2864956084,0,0,0,0,0
30,2938230544,0,0,0,0,0
31,3003904055,0,0,0,0,0
32,3068839720,0,0,0,0,0
33,3144933922,0,0,0,0,0
34,3215548500,0,0,0,0,0
35,3308300083,0,0,0,0,0
36,3399899443,0,0,0,0,0
37,3469520308,0,0,0,0,0
38,3533177181,0,0,0,0,0
39,3595309718,0,0,0,0,0
40,3656786721,0,0,0,0,0
41,3716414950,0,0,0,0,0
42,3776241761,0,0,0,0,0
43,3836204666,0,0,0,0,0
44,3893642012,0,0,0,0,0
45,3954945180,0,0,0,0,0
46,4011875135,0,0,0,0,0
47,4069124170,0,0,0,0,0
48,4128757338,0,0,0,0,0
49,4184489393,0,0,0,0,0
50,4240204986,0,0,0,0,0
51,4294180620,0,0,0,0,0
52,4346920465,0,0,0,0,0
53,4400300862,0,0,0,0,0
54,4452311143,0,0,0,0,0
55,4507242965,0,0,0,0,0
56,4562518294,0,0,0,0,0
57,4615347006,0,0,0,0,0
58,4669858274,0,0,0,0,0
59,4730293327,0,0,0,0,0
60,4780428525,0,0,0,0,0
61,4834943585,0,0,0,0,0
62,4888970217,0,0,0,0,0
63,4943614249,0,0,0,0,0
64,4997182716,0,0,0,0,0
65,5049011165,0,0,0,0,0
66,5100073984,0,0,0,0,0
67,5149394468,0,0,0,0,0
68,5202273000,0,0,0,0,0
69,5255967550,0,0,0,0,0
70,5307991754,0,0,0,0,0
71,5359057378,0,0,0,0,0
72,5411168248,0,0,0,0,0
73,5461225014,0,0,0,0,0
74,5512965667,0,0,0,0,0
75,5585532934,0,0,0,0,0
76,5638274370,0,0,0,0,0
77,5690369489,0,0,0,0,0
78,5742180663,0,0,0,0,0
79,5794636261,0,0,0,0,0
80,5848720088,0,0,0,0,0
81,5897184084,0,0,0,0,0
82,5971750349,0,0,0,0,0
83,6022688582,0,0,0,0,0
84,6074231347,0,0,0,0,0
