BackupID, OnlineSpeed(MB/s), Encalve ProcessTime(s), BackupSize, OnlineSize, OfflineSize, OfflineTime(s)
0, 127.217, 21.5108, 2869463040, 632729492, 632729492, 2.2e-05
1, 291.622, 9.41639, 2879416320, 802135750, 802135750, 2.9e-05
2, 290.646, 9.37616, 2857523200, 956624435, 956624435, 2.9e-05
3, 292.174, 9.4652, 2899824640, 1153351220, 1153351220, 2.7e-05
4, 289.128, 9.47632, 2872954880, 1313318216, 1313318216, 3.1e-05
5, 300.89, 9.20984, 2905763840, 1475839346, 1475839346, 2.7e-05
6, 298.843, 9.27413, 2906142720, 1643719830, 1643719830, 2.2e-05
7, 306.078, 9.15447, 2938091520, 1826895497, 1826895497, 3.4e-05
8, 303.768, 9.16896, 2920529920, 1995196426, 1995196426, 2.6e-05
9, 302.843, 9.19541, 2920038400, 2167702907, 2167702907, 2.6e-05
10, 309.886, 8.91889, 2898094080, 2334030268, 2334030268, 2.5e-05
11, 304.317, 9.07603, 2896158720, 2500092673, 2500092673, 2.3e-05
12, 299.055, 9.37984, 2941347840, 2675586652, 2675586652, 2.5e-05
13, 300.417, 9.27246, 2920919040, 2848592627, 2848592627, 3.1e-05
14, 307.742, 9.11759, 2942167040, 3018029661, 3018029661, 3.7e-05
15, 312.117, 8.97349, 2936832000, 3186020984, 3186020984, 2.8e-05
16, 308.665, 9.20315, 2978682880, 3352008885, 3352008885, 2.9e-05
17, 309.889, 9.23119, 2999603200, 3518421049, 3518421049, 2.3e-05
18, 307.478, 9.31139, 3002122240, 3681877249, 3681877249, 2.7e-05
19, 308.353, 9.22367, 2982307840, 3849015748, 3849015748, 2.7e-05
20, 309.262, 9.04324, 2932582400, 4020923380, 4020923380, 2.6e-05
21, 306.931, 8.98173, 2890680320, 4187428802, 4187428802, 2.4e-05
22, 304.842, 8.95518, 2862520320, 4357170834, 4357170834, 2.3e-05
23, 305.926, 8.89041, 2851921920, 4528464747, 4528464747, 2.3e-05
24, 304.402, 8.9819, 2866923520, 4697539164, 4697539164, 2.1e-05
25, 302.931, 9.05145, 2875156480, 4865669846, 4865669846, 2.9e-05
26, 305.101, 8.95814, 2865899520, 5032392594, 5032392594, 2.2e-05
27, 308.16, 8.86544, 2864680960, 5191107390, 5191107390, 2.2e-05
28, 303.487, 9.02458, 2871889920, 5359239587, 5359239587, 2.6e-05
29, 307.928, 8.9076, 2876139520, 5529192381, 5529192381, 2.4e-05
30, 304.478, 9.05435, 2890772480, 5697825336, 5697825336, 2.7e-05
31, 310.123, 8.77403, 2853201920, 5865484597, 5865484597, 5.5e-05
32, 303.376, 8.85854, 2818017280, 6032123233, 6032123233, 2.8e-05
33, 293.26, 9.32346, 2867015680, 6216577297, 6216577297, 2.5e-05
34, 299.743, 9.16807, 2881556480, 6399855357, 6399855357, 2.5e-05
35, 299.349, 9.2205, 2894223360, 6569174656, 6569174656, 2.8e-05
36, 300.814, 9.15143, 2886604800, 6736816081, 6736816081, 2.1e-05
37, 301.479, 9.20429, 2909696000, 6913959865, 6913959865, 2.6e-05
38, 303.638, 9.06585, 2886451200, 7089237190, 7089237190, 3.1e-05
39, 303.729, 9.06435, 2886840320, 7265242044, 7265242044, 3.2e-05
40, 304.011, 9.12495, 2908835840, 7444152636, 7444152636, 2.6e-05
41, 304.885, 9.02775, 2886123520, 7621909257, 7621909257, 2.6e-05
42, 306.983, 8.96326, 2885232640, 7800667837, 7800667837, 2.7e-05
43, 307.332, 8.96299, 2888427520, 7977159394, 7977159394, 4e-05
44, 305.769, 8.95843, 2872268800, 8153148480, 8153148480, 2.8e-05
45, 308.646, 8.93287, 2891018240, 8326316880, 8326316880, 2.1e-05
46, 312.472, 8.88562, 2911375360, 8502134019, 8502134019, 2.3e-05
47, 306.627, 9.05495, 2911365120, 8679160787, 8679160787, 2.4e-05
48, 310.916, 8.94357, 2915768320, 8856529030, 8856529030, 2.3e-05
49, 308.257, 8.94464, 2891182080, 9034501573, 9034501573, 2.7e-05
50, 308.476, 9.00908, 2914078720, 9215311794, 9215311794, 2.7e-05
51, 309.104, 8.83068, 2862192640, 9392733012, 9392733012, 2.4e-05
52, 309.125, 8.83868, 2864977920, 9569098090, 9569098090, 2.2e-05
53, 311.865, 8.82273, 2885160960, 9743292563, 9743292563, 2.3e-05
54, 313.36, 8.81022, 2894878720, 9922056988, 9922056988, 2.2e-05
55, 312.182, 8.8323, 2891223040, 10102057538, 10102057538, 2.9e-05
56, 306.066, 9.05732, 2906798080, 10285010966, 10285010966, 2.2e-05
57, 315.405, 8.74429, 2891960320, 10462145972, 10462145972, 2.6e-05
58, 312.448, 8.8421, 2896896000, 10643659432, 10643659432, 2.3e-05
59, 312.307, 8.85432, 2899589120, 10814794541, 10814794541, 2.9e-05
60, 311.642, 8.87644, 2900643840, 10992241203, 10992241203, 2.1e-05
61, 308.414, 8.97034, 2900971520, 11170031980, 11170031980, 2.9e-05
62, 311.399, 8.93174, 2916444160, 11351034350, 11351034350, 2.1e-05
63, 333.893, 8.24959, 2888284160, 11530579242, 11530579242, 2.8e-05
64, 310.356, 8.90367, 2897541120, 11709860476, 11709860476, 2.7e-05
65, 307.886, 8.87727, 2865950720, 11887869456, 11887869456, 2.7e-05
66, 312.228, 8.8242, 2889000960, 12064489895, 12064489895, 3e-05
67, 310.621, 8.87845, 2891796480, 12241929828, 12241929828, 2.5e-05
68, 311.272, 8.84308, 2886307840, 12420737951, 12420737951, 3.4e-05
69, 313.675, 8.82519, 2902712320, 12600129457, 12600129457, 2.4e-05
70, 310.452, 8.96515, 2918451200, 12779998234, 12779998234, 2.9e-05
71, 301.623, 9.29683, 2940354560, 12962218128, 12962218128, 2.2e-05
72, 315.332, 8.83404, 2920970240, 13142407309, 13142407309, 2.9e-05
73, 313.273, 8.86152, 2910924800, 13320364049, 13320364049, 2.5e-05
74, 314.399, 8.9387, 2946836480, 13498498196, 13498498196, 2.2e-05
75, 313.024, 9.01796, 2959964160, 13668761496, 13668761496, 2.8e-05
76, 315.859, 8.93, 2957639680, 13849360317, 13849360317, 2.8e-05
77, 312.411, 9.06132, 2968371200, 14031299427, 14031299427, 2.1e-05
78, 311.333, 9.05282, 2955345920, 14213575300, 14213575300, 2.6e-05
79, 314.001, 9.02435, 2971299840, 14394069563, 14394069563, 3.1e-05
80, 312.78, 8.94623, 2934128640, 14571587828, 14571587828, 2.6e-05
81, 314.301, 8.92878, 2942648320, 14751276801, 14751276801, 3.1e-05
82, 307.548, 9.17109, 2957557760, 14923620650, 14923620650, 2.2e-05
83, 313.553, 9.01309, 2963363840, 15105460904, 15105460904, 2.3e-05
84, 315.418, 8.95754, 2962616320, 15286664768, 15286664768, 2.6e-05
