Backup ID, Ecall, Inline_Ocall, Offline_Ocall, _Inline_FPOcall, _Inline_SFOcall, _Inline_LocalOcall, _Inline_LoadOcall, _Inline_DeltaOcall, _Inline_RecipeOcall, _Inline_Write_ContainerOcall, _inline_have_similar_chunk_num, _inline_need_load_container_num
0,2734,61154,0,0,0,0,0,0,341,164,0,0,
1,5478,81251,0,0,0,0,0,0,683,208,0,0,
2,8200,101296,0,0,0,0,0,0,1022,248,0,0,
3,10955,116267,0,0,0,0,0,0,1366,299,0,0,
4,13683,134919,0,0,0,0,0,0,1706,341,0,0,
5,16440,153606,0,0,0,0,0,0,2050,384,0,0,
6,19195,172603,0,0,0,0,0,0,2394,428,0,0,
7,21990,188204,0,0,0,0,0,0,2743,475,0,0,
8,24768,205006,0,0,0,0,0,0,3089,519,0,0,
9,27545,221049,0,0,0,0,0,0,3435,564,0,0,
10,30302,236648,0,0,0,0,0,0,3779,608,0,0,
11,33058,252870,0,0,0,0,0,0,4123,652,0,0,
12,35858,270160,0,0,0,0,0,0,4472,698,0,0,
13,38635,286035,0,0,0,0,0,0,4818,743,0,0,
14,41431,301154,0,0,0,0,0,0,5167,787,0,0,
15,44221,315912,0,0,0,0,0,0,5515,830,0,0,
16,47053,333147,0,0,0,0,0,0,5868,873,0,0,
17,49904,350299,0,0,0,0,0,0,6224,916,0,0,
18,52757,367048,0,0,0,0,0,0,6580,959,0,0,
19,55586,383708,0,0,0,0,0,0,6933,1002,0,0,
20,58370,398365,0,0,0,0,0,0,7280,1046,0,0,
21,61116,414347,0,0,0,0,0,0,7622,1089,0,0,
22,63835,429089,0,0,0,0,0,0,7961,1133,0,0,
23,66542,443456,0,0,0,0,0,0,8299,1177,0,0,
24,69261,457878,0,0,0,0,0,0,8638,1221,0,0,
25,71988,472127,0,0,0,0,0,0,8978,1264,0,0,
26,74705,487357,0,0,0,0,0,0,9317,1308,0,0,
27,77420,503478,0,0,0,0,0,0,9656,1349,0,0,
28,80139,518402,0,0,0,0,0,0,9995,1392,0,0,
29,82863,532617,0,0,0,0,0,0,10335,1436,0,0,
30,85599,547700,0,0,0,0,0,0,10676,1480,0,0,
31,88300,561735,0,0,0,0,0,0,11013,1523,0,0,
32,90971,575654,0,0,0,0,0,0,11346,1566,0,0,
33,93684,591081,0,0,0,0,0,0,11684,1614,0,0,
34,96409,605967,0,0,0,0,0,0,12024,1662,0,0,
35,99146,623095,0,0,0,0,0,0,12365,1706,0,0,
36,101876,640222,0,0,0,0,0,0,12705,1750,0,0,
37,104624,654932,0,0,0,0,0,0,13048,1796,0,0,
38,107351,668871,0,0,0,0,0,0,13388,1841,0,0,
39,110078,682644,0,0,0,0,0,0,13728,1886,0,0,
40,112825,696412,0,0,0,0,0,0,14071,1932,0,0,
41,115552,709951,0,0,0,0,0,0,14411,1978,0,0,
42,118278,723519,0,0,0,0,0,0,14751,2024,0,0,
43,121006,737031,0,0,0,0,0,0,15091,2069,0,0,
44,123721,750248,0,0,0,0,0,0,15430,2114,0,0,
45,126451,763849,0,0,0,0,0,0,15770,2159,0,0,
46,129197,777071,0,0,0,0,0,0,16112,2204,0,0,
47,131944,790306,0,0,0,0,0,0,16455,2250,0,0,
48,134697,803882,0,0,0,0,0,0,16798,2296,0,0,
49,137429,816982,0,0,0,0,0,0,17139,2342,0,0,
50,140181,830093,0,0,0,0,0,0,17482,2389,0,0,
51,142883,842930,0,0,0,0,0,0,17819,2435,0,0,
52,145587,855608,0,0,0,0,0,0,18156,2480,0,0,
53,148308,868359,0,0,0,0,0,0,18495,2525,0,0,
54,151038,881051,0,0,0,0,0,0,18835,2571,0,0,
55,153765,894132,0,0,0,0,0,0,19175,2617,0,0,
56,156504,907273,0,0,0,0,0,0,19517,2664,0,0,
57,159230,919983,0,0,0,0,0,0,19857,2710,0,0,
58,161958,932918,0,0,0,0,0,0,20197,2757,0,0,
59,164688,946503,0,0,0,0,0,0,20537,2801,0,0,
60,167419,958874,0,0,0,0,0,0,20878,2847,0,0,
61,170150,972006,0,0,0,0,0,0,21219,2893,0,0,
62,172897,985073,0,0,0,0,0,0,21562,2940,0,0,
63,175619,998104,0,0,0,0,0,0,21901,2986,0,0,
64,178350,1010955,0,0,0,0,0,0,22242,3032,0,0,
65,181053,1023577,0,0,0,0,0,0,22579,3078,0,0,
66,183775,1036059,0,0,0,0,0,0,22918,3124,0,0,
67,186500,1048374,0,0,0,0,0,0,23258,3170,0,0,
68,189219,1061111,0,0,0,0,0,0,23597,3216,0,0,
69,191951,1073974,0,0,0,0,0,0,23938,3262,0,0,
70,194696,1086698,0,0,0,0,0,0,24280,3308,0,0,
71,197460,1099347,0,0,0,0,0,0,24625,3355,0,0,
72,200207,1112037,0,0,0,0,0,0,24968,3401,0,0,
73,202945,1124394,0,0,0,0,0,0,25309,3447,0,0,
74,205712,1137039,0,0,0,0,0,0,25654,3493,0,0,
75,208489,1152098,0,0,0,0,0,0,26000,3537,0,0,
76,211264,1164952,0,0,0,0,0,0,26346,3583,0,0,
77,214048,1177710,0,0,0,0,0,0,26693,3630,0,0,
78,216821,1190416,0,0,0,0,0,0,27039,3677,0,0,
79,219606,1203136,0,0,0,0,0,0,27386,3723,0,0,
80,222360,1216030,0,0,0,0,0,0,27729,3769,0,0,
81,225121,1228291,0,0,0,0,0,0,28073,3815,0,0,
82,227896,1243543,0,0,0,0,0,0,28419,3860,0,0,
83,230677,1256201,0,0,0,0,0,0,28766,3907,0,0,
84,233458,1268920,0,0,0,0,0,0,29113,3954,0,0,
