Backup ID, Logical chunk num, Unique chunk num, Base chunk num, Delta chunk num, Logical chunk size, Unique chunk size, Base chunk size, Delta chunk size, LZ4_save size, Delta_save size, 
0,47270,45091,44579,512,374824960,355493664,225165271,371204,126027408,3929781
1,93760,63193,54709,8484,741068800,495103669,275224608,1340493,156115787,62422781
2,140254,80435,64527,15908,1108418560,629979924,324136074,2445336,186420271,116978243
3,186916,97135,73246,23889,1477611520,759367472,367851844,3604916,213315248,174595464
4,233561,111930,80530,31400,1846190080,875009206,403054379,4443781,237862668,229648378
5,271616,126584,88129,38455,2149201920,988912863,437999305,5342980,263948359,281622219
6,333509,182509,140318,42191,2647705600,1439024217,686528806,7542111,437034016,307919284
7,375631,217536,165228,52308,2997319680,1732574333,797770095,17961944,532862488,383979806
8,419564,249310,183237,66073,3364526080,1998004082,886748971,26699007,590010213,494545891
9,463497,249332,183247,66085,3731732480,1998126473,886757295,26829475,590040591,494499112
10,511234,257100,188703,68397,4109803520,2059446492,913824946,26600526,608117043,510903977
11,550375,262844,192198,70646,4422103040,2104629607,929530996,26778221,622136457,526183933
12,589502,277512,199855,77657,4734248960,2218783128,966383559,27560453,647307703,577531413
13,652520,280730,200357,80373,5241784320,2241418287,968396619,28249245,648853166,595919257
14,717905,300858,209749,91109,5764464640,2400783295,1010599535,29681242,680007682,680494836
15,783325,316129,215785,100344,6287237120,2525462985,1039866889,30361811,700923508,754310777
16,829595,341773,226370,115403,6673735680,2745488039,1086565274,43436960,744764854,870720951
17,875466,350721,227846,122875,7057971200,2823472834,1092200021,52416827,750725898,928130088
18,923854,357394,232023,125371,7442227200,2876277470,1110667830,51705518,767703155,946200967
19,971484,363629,235434,128195,7817871360,2924628193,1124869071,51804161,781993065,965961896
20,1019179,369592,238556,131036,8194682880,2971142827,1137546503,52082050,795817452,985696822
21,1067026,375496,241565,133931,8573368320,3017413239,1149441568,52332271,809704990,1005934410
22,1112897,375519,241576,133943,8957603840,3017536324,1149452614,53320521,809734006,1005029183
23,1158768,375540,241579,133961,9341839360,3017643824,1149453932,53323682,809746512,1005119698
24,1207545,391103,250232,140871,9731287040,3147129212,1195658222,54181919,835855655,1061433416
25,1256392,394790,251054,143736,10121338880,3173146392,1199873798,54429135,837432800,1081410659
26,1305302,398504,251591,146913,10512404480,3198894091,1201743005,54633149,839119939,1103397998
27,1354172,412295,257364,154931,10903429120,3314601417,1230742018,55482865,859196502,1169180032
28,1402940,415863,258017,157846,11293941760,3340115247,1234650137,55690832,860275983,1189498295
29,1443085,436186,266886,169300,11619184640,3504542465,1278242313,57980677,889046227,1279273248
30,1483217,452933,273290,179643,11944468480,3640857118,1308591581,59084149,911531009,1361650379
31,1523363,455386,273685,181701,12269639680,3659050396,1310757082,59273418,912385206,1376634690
32,1563546,457878,274191,183687,12595281920,3677505788,1313646807,59433930,913367447,1391057604
33,1603775,460343,274661,185682,12921047040,3695746745,1316475262,59615721,914265155,1405390607
34,1648884,470364,278664,191700,13298063360,3789919389,1328407938,73628913,940849442,1447033096
35,1694029,478149,279645,198504,13675489280,3861312313,1332377738,82557292,945048591,1501328692
36,1741440,485699,280203,205496,14072944640,3929958353,1334973246,90516939,947159083,1557309085
37,1788524,505702,285333,220369,14468106240,4101652910,1360776520,101691707,963337330,1675847353
38,1835523,513397,286381,227016,14863370240,4171832822,1364834485,112436177,969658190,1724903970
39,1876216,530689,295104,235585,15191316480,4311487807,1408135465,114413354,996043733,1792895255
40,1913449,545953,300023,245930,15492782080,4436563133,1432307112,116907970,1011998235,1875349816
41,1950738,563025,305941,257084,15794718720,4575785202,1461697837,118986523,1030466317,1964634525
42,1988065,578196,311915,266281,16096768000,4699732147,1492787103,120315529,1047701073,2038928442
43,2025433,582690,313184,269506,16399237120,4732139714,1498499160,120983806,1051503809,2061152939
44,2074134,597635,320752,276883,16789903360,4856818378,1538174250,123724503,1075787365,2119132260
45,2122847,600194,321347,278847,17180590080,4875734367,1541899047,123802884,1076782397,2133250039
46,2171519,603472,321793,281679,17570560000,4899115325,1544132062,123992265,1078022091,2152968907
47,2220326,618425,327239,291186,17961431040,5021636387,1568746168,124098123,1098558566,2230233530
48,2257694,618450,327246,291204,18263900160,5021781860,1568750675,124100578,1098586324,2230344283
49,2307202,622086,329118,292968,18659973120,5049354401,1582098611,124175836,1100247376,2242832578
50,2356622,624875,329814,295061,19055656960,5069977693,1586666623,124619119,1101187762,2257504189
51,2405612,636347,333940,302407,19468840960,5177786411,1602587334,143556460,1124190154,2307452463
52,2447006,637794,334394,303400,19802460160,5189341117,1605625164,143925773,1124899493,2314890687
53,2484962,639336,335049,304287,20109813760,5201673249,1610307122,143976895,1125599702,2321789530
54,2522969,640807,335532,305275,20417689600,5213578195,1613615337,144021148,1126252591,2329689119
55,2561009,642051,335823,306228,20725667840,5223559501,1615488895,144136731,1126806060,2337127815
56,2599098,643311,336080,307231,21034076160,5233628060,1616976519,144206561,1127334663,2345110317
57,2639876,645916,336675,309241,21364449280,5252952705,1620554286,144764463,1128340617,2359293339
58,2680677,648640,337351,311289,21695129600,5273120641,1624727420,145257463,1129381144,2373754614
59,2721490,651174,337773,313401,22025707520,5292001087,1627136309,145245754,1130235886,2389383138
60,2762338,653720,338194,315526,22356746240,5310963607,1629653267,145430494,1131029501,2404850345
61,2803249,656273,338579,317694,22687907840,5329807731,1631817751,145599006,1131768424,2420622550
62,2850269,667060,340493,326567,23082076160,5426033199,1638316602,154651577,1142480631,2490584389
63,2897423,675589,341100,334489,23477360640,5503728992,1640981257,164006313,1144785713,2553955709
64,2946849,684080,341738,342342,23892674560,5580869610,1643572951,172760202,1147563134,2616973323
65,2995937,692541,342324,350217,24305715200,5657844301,1645828963,182229934,1150111397,2679674007
66,3034026,692567,342335,350232,24614123520,5657992401,1645840157,182234845,1150154232,2679763167
67,3083892,695994,343910,352084,25014067200,5683878422,1654372154,181891030,1154056475,2693558763
68,3133068,710148,350190,359958,25406832640,5802337491,1687432432,182729140,1174219199,2757956720
69,3182530,712856,350938,361918,25803069440,5822555219,1692670276,182918198,1175194601,2771772144
70,3220619,712881,350943,361938,26111477760,5822699186,1692673127,182919683,1175214790,2771891586
71,3263035,735096,371646,363450,26455859200,6005656824,1809491245,184243575,1229368077,2782553927
72,3307336,746419,380565,365854,26815508480,6098796294,1857865576,184688663,1255032202,2801209853
73,3350218,752391,385010,367381,27163023360,6147772247,1882805798,184902796,1266585709,2813477944
74,3393144,753605,385341,368264,27510743040,6157487549,1885046522,185206832,1267060866,2820173329
75,3436144,759571,388908,370663,27858503680,6204746036,1902666552,185390942,1278084083,2838604459
76,3479144,762358,389571,372787,28206233600,6225611499,1906205368,185416484,1279699833,2854289814
77,3523445,770570,394758,375812,28565800960,6291053095,1931426388,185733656,1297160762,2876732289
78,3567732,772866,395159,377707,28925265920,6310049010,1933525200,186744805,1298440043,2891338962
79,3612081,781297,400062,381235,29285120000,6376027080,1956478813,186651084,1315515861,2917381322
80,3656412,784282,400582,383700,29644994560,6399193338,1958775340,187029791,1317333981,2936054226
81,3700674,787566,401430,386136,30004213760,6425556325,1963243310,187098921,1319528180,2955685914
82,3740691,798725,411023,387702,30326528000,6515039713,2015826944,188197005,1344018895,2966996869
83,3783372,805381,415474,389907,30671964160,6567954497,2038950802,188447770,1356879283,2983676642
84,3825950,810353,418827,391526,31016939520,6607659097,2056298969,189048857,1366904509,2995406762
85,3868596,815960,421481,394479,31362539520,6650687784,2073710737,189356814,1370798158,3016822075
86,3910995,819466,422381,397085,31706787840,6677029366,2078744503,189512076,1373016123,3035756664
87,3953403,821838,422664,399174,32051159040,6694505446,2079779669,189464411,1374059954,3051201412
88,3997704,821859,422668,399191,32410808320,6694628515,2079787337,189469008,1374081216,3051290954
89,4042378,824073,424587,399486,32773447680,6712487789,2094351291,189789109,1375222655,3053124734
90,4086956,826102,425699,400403,33135206400,6728833826,2102949487,190020793,1375828847,3060034699
91,4131606,827496,426065,401431,33497640960,6740028415,2105369114,189902670,1376369609,3068387022
92,4176284,834288,430239,404049,33860229120,6794113241,2124990202,190586060,1391299263,3087237716
93,4220932,838026,430900,407126,34222755840,6822115611,2127529334,192593343,1393577002,3108415932
94,4265582,838047,430905,407142,34585190400,6822244413,2127533244,192597437,1393596302,3108517430
