Backup ID, FPindex, SFindex, Deltaindex
0,3607280,8534976,26144
1,5055440,10475776,527456
2,6434800,12355456,839456
3,7770800,14019840,1142464
4,8954400,15411136,1422144
5,10126720,16861632,1691872
6,14600720,26832576,1860544
7,17402880,31551168,2389440
8,19944800,34972736,2984960
9,19946560,34974656,2985664
10,20568000,36019136,3068704
11,21027520,36688192,3156992
12,22200960,38148544,3409984
13,22458400,38243136,3542816
14,24068640,40035648,3970880
15,25290320,41188160,4289952
16,27341840,43185472,4877856
17,28057680,43433088,5181184
18,28591520,44232192,5275072
19,29090320,44883392,5380864
20,29567360,45478848,5483456
21,30039680,46054080,5587488
22,30041520,46056192,5588064
23,30043200,46056704,5588896
24,31288240,47712768,5828768
25,31583200,47868416,5942080
26,31880320,47968640,6055776
27,32983600,49070720,6345440
28,33269040,49193408,6447520
29,34894880,50883008,6868896
30,36234640,52100672,7226752
31,36430880,52174528,7300608
32,36630240,52269824,7371936
33,36827440,52358720,7444224
34,37629120,53095104,7659616
35,38251920,53260800,7929952
36,38855920,53356096,8170176
37,40456160,54293632,8686720
38,41071760,54452928,8918144
39,42455120,56114432,9216192
40,43676240,57043904,9611968
41,45042000,58161152,10011104
42,46255680,59299968,10332096
43,46615200,59538432,10450624
44,47810800,60983232,10708960
45,48015520,61095296,10781312
46,48277760,61178816,10882624
47,49474000,62214528,11222912
48,49476000,62215872,11223904
49,49766880,62572992,11282656
50,49990000,62705216,11362624
51,50907760,63471872,11629248
52,51023520,63558848,11678528
53,51146880,63683520,11712544
54,51264560,63774912,11749984
55,51364080,63830080,11782848
56,51464880,63877504,11817760
57,51673280,63989888,11892800
58,51891200,64118336,11968800
59,52093920,64197504,12042976
60,52297600,64275520,12116032
61,52501840,64346944,12189344
62,53364800,64695040,12531456
63,54047120,64783744,12815584
64,54726400,64894016,13078592
65,55403280,64960320,13346016
66,55405360,64962368,13346688
67,55679520,65262976,13409280
68,56811840,66459712,13678624
69,57028480,66600640,13748832
70,57030480,66601472,13749664
71,58807680,70572352,13834880
72,59713520,72283456,13954784
73,60191280,73135104,14026208
74,60288400,73197824,14059072
75,60765680,73880704,14146656
76,60988640,74004416,14221056
77,61645600,74994816,14329280
78,61829280,75070592,14406336
79,62503760,76007168,14531040
80,62742560,76105280,14627040
81,63005280,76265472,14719456
82,63898000,78104320,14791904
83,64430480,78955008,14884512
84,64828240,79596480,14946944
85,65276800,80102336,15054080
86,65557280,80272192,15142784
87,65747040,80323328,15212576
88,65748720,80324032,15213344
89,65925840,80692032,15223968
90,66088160,80905280,15274816
91,66199680,80974272,15315456
92,66743040,81772672,15410976
93,67042080,81895168,15528256
94,67043760,81896128,15528928
