Backup ID, Online Delta_save, Offline Delta_save, Offline delta time, Offline dedelta time, Offline delete time, Offline Delta chunk num
0,0,3929781,512,0,34,512
1,0,62422781,8668,184,105,8484
2,0,116978243,21299,5391,188,15908
3,0,174595464,40213,16324,284,23889
4,0,229648378,62628,31228,386,31400
5,0,281622219,87271,48816,494,38455
6,0,307919284,96788,54597,620,42191
7,0,383979806,112344,60036,749,52308
8,0,494545891,139396,73323,898,66073
9,0,494499112,139585,73500,909,66085
10,0,510903977,152115,83718,1008,68397
11,0,526183933,164030,93384,1095,70646
12,0,577531413,198834,121177,1279,77657
13,0,595919257,209523,129150,1367,80373
14,0,680494836,240967,149858,1536,91109
15,0,754310777,276216,175872,1654,100344
16,0,870720951,325147,209744,1825,115403
17,0,928130088,348600,225725,1933,122875
18,0,946200967,368013,242642,2091,125371
19,0,965961896,390750,262555,2233,128195
20,0,985696822,415913,284877,2342,131036
21,0,1005934410,443106,309175,2465,133931
22,0,1005029183,443417,309474,2474,133943
23,0,1005119698,443740,309779,2479,133961
24,0,1061433416,488612,347741,2645,140871
25,0,1081410659,512216,368480,2778,143736
26,0,1103397998,538866,391953,2896,146913
27,0,1169180032,594165,439234,3042,154931
28,0,1189498295,623751,465905,3151,157846
29,0,1279273248,690179,520879,3418,169300
30,0,1361650379,762392,582749,3617,179643
31,0,1376634690,783747,602046,3721,181701
32,0,1391057604,806374,622687,3804,183687
33,0,1405390607,830366,644684,3882,185682
34,0,1447033096,852218,660518,3976,191700
35,0,1501328692,878214,679710,4059,198504
36,0,1557309085,910812,705316,4164,205496
37,0,1675847353,1009186,788817,4406,220369
38,0,1724903970,1047041,820025,4518,227016
39,0,1792895255,1121406,885821,4772,235585
40,0,1875349816,1202815,956885,5002,245930
41,0,1964634525,1294363,1037279,5239,257084
42,0,2038928442,1385853,1119572,5493,266281
43,0,2061152939,1418641,1149135,5656,269506
44,0,2119132260,1507588,1230705,5952,276883
45,0,2133250039,1540998,1262151,6073,278847
46,0,2152968907,1581170,1299491,6237,281679
47,0,2230233530,1694024,1402838,6541,291186
48,0,2230344283,1694081,1402877,6551,291204
49,0,2242832578,1730621,1437653,6674,292968
50,0,2257504189,1768724,1473663,6784,295061
51,0,2307452463,1808625,1506218,6950,302407
52,0,2314890687,1816889,1513489,7022,303400
53,0,2321789530,1825641,1521354,7077,304287
54,0,2329689119,1834838,1529563,7130,305275
55,0,2337127815,1844578,1538350,7186,306228
56,0,2345110317,1855200,1547969,7226,307231
57,0,2359293339,1888474,1579233,7385,309241
58,0,2373754614,1922962,1611673,7507,311289
59,0,2389383138,1959317,1645916,7621,313401
60,0,2404850345,1997203,1681677,7716,315526
61,0,2420622550,2037153,1719459,7810,317694
62,0,2490584389,2105517,1778950,8084,326567
63,0,2553955709,2158032,1823543,8227,334489
64,0,2616973323,2217116,1874774,8391,342342
65,0,2679674007,2282457,1932240,8581,350217
66,0,2679763167,2282584,1932352,8592,350232
67,0,2693558763,2326209,1974125,8778,352084
68,0,2757956720,2443898,2083940,9069,359958
69,0,2771772144,2492015,2130097,9236,361918
70,0,2771891586,2492165,2130227,9247,361938
71,0,2782553927,2497462,2134012,9448,363450
72,0,2801209853,2504251,2138397,9558,365854
73,0,2813477944,2509863,2142482,9648,367381
74,0,2820173329,2514659,2146395,9671,368264
75,0,2838604459,2524681,2154018,9742,370663
76,0,2854289814,2537766,2164979,9864,372787
77,0,2876732289,2555194,2179382,9966,375812
78,0,2891338962,2565959,2188252,10011,377707
79,0,2917381322,2588493,2207258,10155,381235
80,0,2936054226,2606864,2223164,10238,383700
81,0,2955685914,2624251,2238115,10300,386136
82,0,2966996869,2633333,2245631,10499,387702
83,0,2983676642,2648247,2258340,10628,389907
84,0,2995406762,2661249,2269723,10746,391526
85,0,3016822075,2685982,2291503,10910,394479
86,0,3035756664,2712343,2315258,11010,397085
87,0,3051201412,2736394,2337220,11103,399174
88,0,3051290954,2736536,2337345,11124,399191
89,0,3053124734,2741827,2342341,11193,399486
90,0,3060034699,2747855,2347452,11234,400403
91,0,3068387022,2754562,2353131,11278,401431
92,0,3087237716,2777017,2372968,11425,404049
93,0,3108415932,2802189,2395063,11542,407126
94,0,3108517430,2802344,2395202,11555,407142
