BackupID, OnlineSpeed(MB/s), Encalve ProcessTime(s), BackupSize, OnlineSize, OfflineSize, OfflineTime(s)
0, 96.8348, 3.69145, 374824960, 227667693, 225536475, 1.31211
1, 194.446, 1.79627, 366243840, 317517948, 276565101, 14.464
2, 199.035, 1.76015, 367349760, 365696509, 326581410, 16.0579
3, 201.533, 1.74706, 369192960, 412135737, 371456760, 21.2168
4, 215.176, 1.63356, 368578560, 448451595, 407498160, 23.1114
5, 191.375, 1.51, 303011840, 482440347, 443342285, 24.5962
6, 101.848, 4.66784, 498503680, 708582295, 694070917, 10.5958
7, 107.953, 3.08855, 349614080, 850601135, 815732039, 20.718
8, 118.608, 2.95253, 367206400, 963411258, 913447978, 34.185
9, 633.021, 0.553213, 367206400, 913471633, 913586770, 0.299889
10, 303.301, 1.18878, 378071040, 949220614, 940425472, 10.8962
11, 324.032, 0.919144, 312299520, 964210460, 956309217, 10.2393
12, 192.949, 1.54282, 312145920, 1031646365, 993944012, 29.5132
13, 462.398, 1.04677, 507535360, 1007033319, 996645864, 9.98857
14, 212.819, 2.34221, 522680320, 1090874669, 1040280777, 33.8685
15, 245.901, 2.02746, 522772480, 1112899775, 1070228700, 33.2593
16, 147.829, 2.49338, 386498560, 1180461016, 1130002234, 47.4959
17, 277.202, 1.32191, 384235520, 1161734838, 1144616848, 23.0465
18, 311.709, 1.17563, 384256000, 1172573375, 1162373348, 14.97
19, 330.752, 1.08311, 375644160, 1188181032, 1176673232, 18.8796
20, 339.886, 1.05728, 376811520, 1201313666, 1189628553, 19.2764
21, 328.617, 1.09898, 378685440, 1214013202, 1201773839, 20.2919
22, 603.28, 0.607405, 384235520, 1201799064, 1202773135, 0.412204
23, 624.583, 0.586688, 384235520, 1202795022, 1202777614, 0.197686
24, 212.739, 1.74583, 389447680, 1282560165, 1249840141, 35.641
25, 410.66, 0.905817, 390051840, 1266225137, 1254302933, 19.442
26, 427.366, 0.872669, 391065600, 1269822723, 1256376154, 21.4676
27, 218.971, 1.70301, 391024640, 1325793456, 1286224883, 44.0566
28, 423.919, 0.878521, 390512640, 1302774766, 1290340969, 22.9308
29, 155.262, 1.99776, 325242880, 1389184714, 1336222990, 57.6206
30, 177.782, 1.74492, 325283840, 1417442802, 1367675730, 61.6906
31, 443.493, 0.699239, 325171200, 1379887591, 1370030500, 16.879
32, 402.87, 0.770861, 325642240, 1382387592, 1373080737, 17.7555
33, 440.586, 0.705137, 325765120, 1385326507, 1376090983, 17.4965
34, 263.799, 1.36297, 377016320, 1408976808, 1402036851, 21.2339
35, 311.777, 1.15448, 377425920, 1430004536, 1414935030, 25.1125
36, 315.008, 1.20328, 397455360, 1442291082, 1425490185, 29.7107
37, 174.046, 2.16527, 395161600, 1513306546, 1462468227, 81.9628
38, 336.399, 1.12055, 395264000, 1490168716, 1477270662, 31.7674
39, 179.346, 1.74386, 327946240, 1562607303, 1522548819, 54.7716
40, 179.37, 1.60283, 301465600, 1598959622, 1549215082, 67.6962
41, 168.593, 1.70796, 301936640, 1634931305, 1580684360, 72.1447
42, 185.467, 1.55314, 302049280, 1657397912, 1613102632, 74.2629
43, 376.51, 0.766133, 302469120, 1632834198, 1619482966, 25.3629
44, 222.936, 1.67119, 390666240, 1695470702, 1661898753, 65.8146
45, 455.235, 0.818452, 390686720, 1674430953, 1665701931, 24.4221
46, 438.505, 0.848118, 389969920, 1680239208, 1668124327, 28.6359
47, 221.367, 1.68392, 390871040, 1740474676, 1692844291, 81.6859
48, 647.93, 0.445198, 302469120, 1692878568, 1692851253, 0.201576
49, 444.161, 0.850422, 396072960, 1713301577, 1706274447, 27.686
50, 468.085, 0.806164, 395683840, 1720463442, 1711285742, 28.3084
51, 274.416, 1.43593, 413184000, 1750844820, 1746143794, 33.4512
52, 542.747, 0.586211, 333619200, 1756228469, 1749550937, 6.98042
53, 517.25, 0.56668, 307353600, 1760417807, 1754284017, 7.09638
54, 508.93, 0.576923, 307875840, 1764809466, 1757636485, 7.13675
55, 545.193, 0.538728, 307978240, 1766314061, 1759625626, 7.74367
56, 508.202, 0.578748, 308408320, 1768447421, 1761183080, 7.52267
57, 450.176, 0.699878, 330373120, 1774341979, 1765318749, 23.5239
58, 438.072, 0.719885, 330680320, 1779391178, 1769984883, 24.1439
59, 473.862, 0.665307, 330577920, 1782949923, 1772382063, 25.0256
60, 431.012, 0.73247, 331038720, 1785386041, 1775083761, 27.4509
61, 450.693, 0.700743, 331161600, 1788050180, 1777416757, 27.4463
62, 272.672, 1.37861, 394168320, 1814759781, 1792968179, 52.9635
63, 320.161, 1.17745, 395284480, 1823823570, 1804987570, 44.3722
64, 329.433, 1.20229, 415313920, 1835711293, 1816333153, 48.8656
65, 314.836, 1.25115, 413040640, 1846871608, 1828058897, 51.9793
66, 589.55, 0.498891, 308408320, 1828093477, 1828075002, 0.174974
67, 431.799, 0.883318, 399943680, 1844542273, 1836263184, 28.1599
68, 232.586, 1.61046, 392765440, 1908289435, 1870161572, 89.2347
69, 424.682, 0.889797, 396236800, 1883831660, 1875588474, 33.738
70, 643.918, 0.456768, 308408320, 1875622458, 1875592810, 0.147837
71, 150.832, 2.17745, 344381440, 1999490832, 1993734820, 6.86024
72, 245.736, 1.39576, 359649280, 2054086155, 2042554239, 7.19994
73, 349.359, 0.948641, 347514880, 2077003563, 2067708594, 5.39716
74, 540.848, 0.613132, 347719680, 2076232055, 2070253354, 3.93402
75, 357.706, 0.92716, 347760640, 2100793321, 2088057494, 8.35182
76, 462.515, 0.716996, 347729920, 2102297879, 2091621852, 10.6205
77, 304.376, 1.1266, 359567360, 2131472401, 2117160044, 14.0447
78, 483.291, 0.70933, 359464960, 2129914529, 2120270005, 8.86652
79, 300.991, 1.14018, 359854080, 2159395656, 2143129897, 16.8816
80, 453.905, 0.756113, 359874560, 2157535672, 2145805131, 14.1847
81, 451.28, 0.759126, 359219200, 2163048490, 2150342231, 12.9348
82, 236.717, 1.29853, 322314240, 2210700921, 2204023949, 8.51449
83, 324.856, 1.01409, 345436160, 2238136325, 2227398572, 12.3656
84, 363.435, 0.905234, 344975360, 2253363195, 2245347826, 10.8165
85, 354.55, 0.929601, 345600000, 2276998583, 2263067551, 17.308
86, 418.709, 0.784078, 344248320, 2280587868, 2268256579, 19.8849
87, 468.948, 0.700329, 344371200, 2280297978, 2269244080, 17.2005
88, 641.691, 0.534507, 359649280, 2269270228, 2269256345, 0.238188
89, 462.847, 0.747201, 362639360, 2285310429, 2284140400, 4.13906
90, 516.81, 0.667557, 361758720, 2299190500, 2292970280, 4.78186
91, 564.356, 0.612458, 362434560, 2302851865, 2295271784, 5.30658
92, 334.601, 1.03344, 362588160, 2328183054, 2315576262, 16.7333
93, 436.095, 0.792792, 362526720, 2332705781, 2320122677, 18.6752
94, 652.901, 0.529398, 362434560, 2320148547, 2320130681, 0.285397
