Backup ID, Ecall, Inline_Ocall, Offline_Ocall, _Inline_FPOcall, _Inline_SFOcall, _Inline_LocalOcall, _Inline_LoadOcall, _Inline_DeltaOcall, _Inline_RecipeOcall, _Inline_Write_ContainerOcall, _inline_have_similar_chunk_num, _inline_need_load_container_num
0,372,1156,30354,370,370,100,0,270,46,58,512,159,
1,738,2213,119559,694,694,408,0,326,91,82,8484,534,
2,1104,3266,233765,1016,1016,712,0,386,136,105,15908,1084,
3,1471,4312,382089,1334,1334,1013,0,450,181,127,23889,1724,
4,1838,5298,550627,1622,1622,1290,0,538,226,147,31400,2352,
5,2138,6111,735481,1861,1861,1513,0,613,263,166,38455,2909,
6,2624,7613,892161,2340,2340,1745,0,865,323,234,42191,3477,
7,2956,8636,1082418,2666,2666,2012,0,928,364,274,52308,4082,
8,3302,9674,1331613,2992,2992,2302,0,982,406,312,66075,4984,
9,3648,10074,1350847,2999,2999,2308,0,1320,448,313,66087,4992,
10,4023,10797,1515182,3151,3151,2445,0,1556,494,323,68399,5345,
11,4331,11405,1664468,3283,3283,2570,0,1737,532,330,70648,5610,
12,4639,12233,1959066,3525,3525,2798,0,1815,570,349,77659,6369,
13,5134,13085,2110506,3674,3674,2947,0,2159,631,353,80375,6685,
14,5647,14345,2398310,4017,4017,3278,0,2339,694,377,91111,7409,
15,6161,15524,2658070,4319,4319,3567,0,2562,757,396,100346,7981,
16,6525,16597,3016534,4652,4652,3889,0,2602,802,425,115405,9229,
17,6886,17362,3248920,4833,4833,4069,0,2781,846,434,122877,9996,
18,7267,18096,3501353,4987,4987,4214,0,3015,893,442,125373,10484,
19,7642,18827,3735466,5143,5143,4366,0,3236,939,449,128197,10918,
20,8017,19550,3950090,5295,5295,4514,0,3461,985,456,131038,11288,
21,8393,20268,4178570,5444,5444,4660,0,3689,1031,463,133933,11679,
22,8754,20685,4202763,5451,5451,4666,0,4042,1075,464,133945,11687,
23,9115,21102,4205648,5458,5458,4673,0,4394,1119,465,133963,11697,
24,9499,21977,4535398,5681,5681,4874,0,4575,1166,486,140873,12285,
25,9883,22804,4789845,5880,5880,5073,0,4758,1213,491,143738,12743,
26,10268,23616,5033414,6071,6071,5264,0,4950,1260,495,146915,13133,
27,10652,24477,5392366,6287,6287,5473,0,5123,1307,513,154933,13704,
28,11035,25285,5644073,6477,6477,5661,0,5316,1354,518,157848,14135,
29,11351,26230,6139630,6773,6773,5949,0,5342,1393,543,169302,15347,
30,11667,27099,6610225,7031,7031,6199,0,5406,1432,564,179645,16228,
31,11983,27684,6843080,7147,7147,6313,0,5606,1471,568,181703,16536,
32,12299,28271,7053142,7264,7264,6427,0,5806,1510,572,183689,16765,
33,12616,28851,7255958,7377,7377,6540,0,6008,1549,576,185684,16998,
34,12971,29472,7456179,7489,7489,6651,0,6250,1593,585,191702,17798,
35,13326,30097,7632412,7603,7603,6764,0,6490,1637,593,198506,18410,
36,13699,30736,7869075,7714,7714,6872,0,6753,1683,601,205498,19046,
37,14069,31735,8442810,8007,8007,7162,0,6831,1728,624,220371,20544,
38,14439,32378,8726294,8122,8122,7277,0,7084,1773,632,227018,21252,
39,14759,33237,9246842,8373,8373,7515,0,7164,1812,654,235587,22104,
40,15052,34066,9769038,8624,8624,7762,0,7208,1848,674,245932,22901,
41,15346,34930,10324760,8892,8892,8019,0,7243,1884,696,257086,23774,
42,15640,35798,10892252,9162,9162,8249,0,7305,1920,716,266283,24614,
43,15934,36616,11235115,9407,9407,8382,0,7464,1956,722,269508,25040,
44,16317,37478,11831721,9624,9624,8589,0,7638,2003,742,276885,26141,
45,16700,38336,12140802,9839,9839,8704,0,7904,2050,746,278849,26414,
46,17083,39140,12493631,10027,10027,8892,0,8097,2097,750,281681,26918,
47,17467,40153,13177286,10319,10319,9175,0,8196,2144,769,291188,28026,
48,17761,40729,13198437,10443,10443,9181,0,8482,2180,770,291206,28034,
49,18150,41406,13523979,10564,10564,9300,0,8750,2228,776,292970,28341,
50,18539,42085,13810440,10686,10686,9422,0,9015,2276,780,295063,28617,
51,18924,42773,14143825,10815,10815,9550,0,9270,2323,791,302409,29629,
52,19250,43349,14296427,10921,10921,9592,0,9552,2363,794,303402,29732,
53,19549,44159,14427928,11159,11159,9631,0,9810,2400,797,304289,29828,
54,19848,44917,14528866,11371,11371,9668,0,10070,2437,800,305277,29917,
55,20148,45464,14637661,11477,11477,9705,0,10331,2474,803,306230,30012,
56,20448,45879,14710674,11517,11517,9745,0,10589,2511,806,307233,30104,
57,20769,46813,15018221,11805,11805,9858,0,10795,2550,810,309243,30553,
58,21090,47691,15287372,12065,12065,9969,0,11003,2589,814,311291,30868,
59,21411,48283,15569457,12182,12182,10081,0,11210,2628,818,313403,31202,
60,21733,48872,15800800,12297,12297,10194,0,11417,2667,822,315528,31480,
61,22055,49459,16051915,12411,12411,10306,0,11625,2706,826,317696,31760,
62,22425,50258,16581957,12604,12604,10497,0,11802,2751,836,326569,33249,
63,22796,50929,16906872,12732,12732,10624,0,12044,2797,844,334491,34058,
64,23185,51618,17247052,12859,12859,10749,0,12306,2845,852,342344,34835,
65,23571,52661,17612947,13165,13165,10875,0,12564,2892,860,350219,35788,
66,23871,53066,17621231,13200,13200,10882,0,12855,2929,861,350234,35801,
67,24263,53760,18002938,13328,13328,11006,0,13121,2977,866,352086,36260,
68,24650,54633,18699622,13548,13548,11215,0,13297,3025,885,359960,37055,
69,25039,55510,19089541,13769,13769,11335,0,13564,3073,889,361920,37397,
70,25339,55913,19097138,13803,13803,11342,0,13855,3110,890,361940,37409,
71,25673,56710,19377040,14015,14015,11442,0,14087,3151,922,363452,37671,
72,26022,57550,19505107,14240,14240,11591,0,14285,3194,938,365856,37930,
73,26360,58305,19601534,14429,14429,11698,0,14514,3235,947,367383,38140,
74,26698,58976,19646655,14576,14576,11742,0,14806,3276,950,368266,38213,
75,27036,59661,19732996,14730,14730,11859,0,15025,3317,958,370665,38467,
76,27374,60422,19890983,14922,14922,11976,0,15244,3358,962,372789,38803,
77,27723,61212,20051304,15122,15122,12138,0,15429,3401,973,375814,39216,
78,28071,61957,20133610,15300,15300,12213,0,15700,3444,977,377709,39398,
79,28420,62789,20346914,15521,15521,12384,0,15876,3487,987,381237,39928,
80,28769,63585,20503509,15724,15724,12507,0,16100,3530,991,383702,40226,
81,29117,64328,20618197,15901,15901,12593,0,16360,3573,996,386138,40483,
82,29432,65038,20854851,16080,16080,12741,0,16525,3612,1012,387704,40890,
83,29768,65755,21036766,16251,16251,12857,0,16743,3653,1021,389909,41269,
84,30103,66467,21179330,16420,16420,12963,0,16970,3694,1028,391528,41568,
85,30439,67230,21420435,16614,16614,13104,0,17163,3735,1036,394481,42117,
86,30773,67949,21595842,16787,16787,13219,0,17380,3776,1041,397087,42475,
87,31107,68640,21758928,16946,16946,13328,0,17603,3817,1045,399176,42792,
88,31456,69284,21777387,17073,17073,13335,0,17943,3860,1046,399193,42805,
89,31808,70005,21878139,17237,17237,13380,0,18248,3903,1050,399488,42928,
90,32159,70577,21951042,17327,17327,13425,0,18552,3946,1054,400405,43013,
91,32510,71133,22023576,17409,17409,13470,0,18856,3989,1057,401433,43110,
92,32862,71878,22229271,17585,17585,13626,0,19050,4032,1066,404051,43588,
93,33213,72614,22439492,17757,17757,13750,0,19275,4075,1071,407128,43952,
94,33564,73156,22461894,17832,17832,13757,0,19617,4118,1072,407144,43964,
