Backup ID, Logical chunk num, Unique chunk num, Base chunk num, Delta chunk num, Logical chunk size, Unique chunk size, Base chunk size, Delta chunk size, LZ4_save size, Delta_save size, 
0,598076,118229,113092,5137,8588886016,1032135022,620158404,7013863,359824315,45138440
1,1195194,131087,122976,8111,17177772032,1171401480,670492464,13365215,412829084,74714717
2,1791173,149943,138374,11569,25766658048,1368358678,755882880,21188687,483551947,107735164
3,2386184,164814,150109,14705,34355544064,1528865472,816543652,28423228,546545802,137352790
4,2980525,182825,164633,18192,42944430080,1719207135,897792153,34950832,614494294,171969856
5,3572942,204438,182527,21911,51533316096,1951922178,993357090,43485728,709599130,205480230
6,4164755,221561,196109,25452,60122202112,2137587443,1064971158,51078266,781582281,239955738
7,4755932,242885,213723,29162,68711088128,2361052678,1163067983,58548142,865250470,274186083
8,5346585,262903,229832,33071,77299974144,2573569874,1249946142,66975148,946720342,309928242
9,5936829,281759,244827,36932,85888860160,2774054407,1330828506,72943777,1023408103,346874021
10,6526705,307464,266058,41406,94477746176,3045410776,1444271267,83234804,1134007460,383897245
11,7117376,326216,281172,45044,103066632192,3242865686,1526879773,89273850,1209090710,417621353
12,7708121,347836,298728,49108,111655518208,3473193093,1621397525,97507667,1300161120,454126781
13,8299588,374837,321248,53589,120244404224,3759205714,1743962453,108305426,1415068036,491869799
14,8891445,396422,338662,57760,128833290240,3992611430,1837962655,117457600,1507377962,529813213
15,9483489,417887,355912,61975,137422176256,4224877819,1929580531,124517067,1600660645,570119576
16,10077606,443648,377293,66355,146011062272,4498147302,2048694723,134181962,1706229582,609041035
17,10672558,470248,399437,70811,154599948288,4782863934,2169129265,142060869,1821175520,650498280
18,11268152,494813,419589,75224,163188834304,5047681626,2279666334,150943582,1925920013,691151697
19,11865051,517318,438082,79236,171777720320,5289461317,2380115805,161746468,2023176665,724422379
20,12462550,542802,459046,83756,180366606336,5563245113,2493410259,170893252,2134222322,764719280
21,13060779,568100,479711,88389,188955492352,5836765923,2605609354,178296781,2244306160,808553628
22,13661032,598836,505616,93220,197544378368,6163336318,2749465381,189756542,2374486104,849628291
23,14263100,625524,527832,97692,206133264384,6450494513,2870481443,203257408,2491158259,885597403
24,14866184,651870,549519,102351,214722150400,6735758417,2986403168,212938266,2608933399,927483584
25,15472152,686885,579310,107575,223311036416,7109281814,3150555087,224695240,2761815720,972215767
26,16079762,719004,606577,112427,231899922432,7452798290,3298819134,235916520,2904929077,1013133559
27,16689366,753044,635347,117697,240488808448,7818860463,3455971490,245935963,3056620346,1060332664
28,17301791,788203,665182,123021,249077694464,8196526159,3618858396,258266995,3213987925,1105412843
29,17916474,824183,695810,128373,257666580480,8581486572,3786100365,262396012,3375002072,1157988123
