Backup ID, FPindex, SFindex, Deltaindex
0,9458320,21475328,224640
1,10486960,23372992,374784
2,11995440,26329344,531584
3,13185120,28582464,670176
4,14626000,31370688,825824
5,16355040,34801088,987264
6,17724880,37401216,1146208
7,19430800,40782784,1306880
8,21032240,43871296,1482272
9,22540720,46749120,1654112
10,24597120,50824576,1849536
11,26097280,53717504,2013440
12,27826880,57087872,2196128
13,29986960,61410880,2393344
14,31713760,64754304,2581920
15,33430960,68065664,2774304
16,35491840,72169472,2970144
17,37619840,76420672,3170112
18,39585040,80289216,3369184
19,41385440,83839616,3549728
20,43424160,87864704,3753248
21,45448000,91832384,3966048
22,47906880,96805376,4184864
23,50041920,101068608,4386720
24,52149600,105232256,4597760
25,54950800,110951296,4833696
26,57520320,116186176,5049664
27,60243520,121709760,5288640
28,63056240,127437376,5527232
29,65934640,133317120,5766688
