Backup ID, Online Delta_save, Offline Delta_save, Offline delta time, Offline dedelta time, Offline delete time, Offline Delta chunk num
0,45138440,0,0,0,0,0
1,74714717,0,0,0,0,0
2,107735164,0,0,0,0,0
3,137352790,0,0,0,0,0
4,170004595,1965261,3486,3440,27,46
5,202939656,2540574,9024,8938,59,86
6,237415164,2540574,9024,8938,59,86
7,269961727,4224356,19432,19264,112,168
8,303369904,6558338,28597,28159,208,438
9,337171891,9702130,39097,38528,291,569
10,373277358,10619887,47085,46325,379,760
11,405412701,12208652,53039,52221,423,818
12,441918129,12208652,53039,52221,423,818
13,479598970,12270829,68265,67299,508,966
14,517759156,12054057,83070,82041,583,1029
15,554689478,15430098,93419,92172,698,1247
16,591418872,17622163,113270,111727,849,1543
17,631096555,19401725,131816,130210,930,1606
18,670714719,20436978,135087,133368,1011,1719
19,706326802,18095577,144877,143115,1068,1762
20,746623703,18095577,144877,143115,1068,1762
21,788477753,20075875,152501,150707,1107,1794
22,829574414,20053877,180982,178988,1278,1994
23,869196167,16401236,200048,197963,1375,2085
24,910860298,16623286,200215,198104,1413,2111
25,955102328,17113439,213438,211205,1519,2233
26,995312311,17821248,223512,221157,1653,2355
27,1041110837,19221827,233927,231554,1696,2373
28,1085478659,19934184,237586,235073,1835,2513
29,1129429550,28558573,260457,257845,1943,2612
