BackupID, OnlineSpeed(MB/s), Encalve ProcessTime(s), BackupSize, OnlineSize, OfflineSize, OfflineTime(s)
0, 434.908, 18.8339, 8588886016, 627172267, 627172267, 0.001069
1, 685.804, 11.9436, 8588886016, 683857679, 683857679, 0.001098
2, 646.581, 12.6682, 8588886016, 777071567, 777071567, 0.001288
3, 658.805, 12.4331, 8588886016, 844966880, 844966880, 0.001325
4, 677.371, 12.0923, 8588886016, 934243354, 932742985, 2.75039
5, 669.132, 12.2412, 8588886016, 1037031799, 1036842818, 4.02817
6, 650.697, 12.588, 8588886016, 1116049424, 1116049424, 0.0017
7, 670.603, 12.2144, 8588886016, 1222648461, 1221616125, 7.4372
8, 632.416, 12.9519, 8588886016, 1317046556, 1316921290, 7.14879
9, 610.827, 13.4097, 8588886016, 1405737746, 1403772283, 7.6983
10, 572.025, 14.3193, 8588886016, 1526759265, 1527506071, 6.28377
11, 661.697, 12.3788, 8588886016, 1617328500, 1616153623, 4.47137
12, 642.39, 12.7508, 8588886016, 1718905192, 1718905192, 0.002677
13, 608.455, 13.462, 8588886016, 1851074433, 1852267879, 10.7856
14, 637.515, 12.8483, 8588886016, 1954642701, 1955420255, 10.624
15, 613.013, 13.3619, 8588886016, 2055858795, 2054097598, 8.06084
16, 610.148, 13.4246, 8588886016, 2182932794, 2182876685, 15.0113
17, 614.869, 13.3215, 8588886016, 2312462692, 2311190134, 13.2954
18, 597.559, 13.7074, 8588886016, 2430710676, 2430609916, 2.79748
19, 631.985, 12.9607, 8588886016, 2539204932, 2541862273, 7.30951
20, 586.147, 13.9743, 8588886016, 2664303511, 2664303511, 0.004178
21, 609.58, 13.4371, 8588886016, 2785632389, 2783906135, 5.60391
22, 590.266, 13.8768, 8588886016, 2937643674, 2939221923, 20.3259
23, 603.528, 13.5719, 8588886016, 3069483783, 3073738851, 13.7044
24, 593.221, 13.8077, 8588886016, 3199453152, 3199341434, 0.428014
25, 568.022, 14.4202, 8588886016, 3374775023, 3375250327, 9.94677
26, 552.956, 14.8131, 8588886016, 3534546381, 3534735654, 8.0245
27, 554.845, 14.7627, 8588886016, 3703146736, 3701907453, 7.68134
28, 557.906, 14.6817, 8588886016, 3876798732, 3877125391, 3.63012
29, 540.02, 15.168, 8588886016, 4056356497, 4048496377, 15.9643
