Backup ID, Ecall, Inline_Ocall, Offline_Ocall, _Inline_FPOcall, _Inline_SFOcall, _Inline_LocalOcall, _Inline_LoadOcall, _Inline_DeltaOcall, _Inline_RecipeOcall, _Inline_Write_ContainerOcall, _inline_have_similar_chunk_num, _inline_need_load_container_num
0,4675,8579,5,1143,1143,0,1036,4673,584,159,6582,1378,
1,9342,15130,10,1693,1693,0,1239,9338,1167,174,9557,2275,
2,14001,21810,15,2278,2278,0,1510,13995,1749,199,13015,3474,
3,18652,28504,20,2860,2860,0,1810,18644,2330,217,16151,4779,
4,23298,35318,39432,3457,3457,1,2206,23287,2910,241,19639,6343,
5,27929,42205,89118,4097,4097,2,2606,27915,3488,269,23422,8017,
6,32555,49130,89123,4706,4706,2,3112,32539,4065,291,27048,9753,
7,37176,56138,168893,5354,5354,4,3628,37156,4642,319,30758,11527,
8,41793,63282,273790,6007,6007,12,4275,41763,5218,345,34697,13499,
9,46407,70510,373062,6660,6660,16,5009,46371,5794,369,38562,15480,
10,51018,77878,472208,7378,7378,21,5756,50975,6370,401,43038,17642,
11,55635,85215,530948,8054,8054,23,6550,55588,6946,424,46758,19561,
12,60253,92671,530953,8756,8756,23,7410,60204,7522,451,50824,21750,
13,64876,100294,651864,9522,9522,27,8303,64821,8099,485,55305,24056,
14,69502,107874,764583,10255,10255,29,9216,69443,8676,512,59477,26361,
15,74130,115503,887888,11004,11004,36,10143,74062,9254,539,63692,28757,
16,78774,123262,1073629,11796,11796,46,11096,78694,9834,573,68076,31200,
17,83425,131018,1204571,12610,12610,48,11994,83341,10415,607,72533,33598,
18,88081,138823,1278460,13426,13426,51,12932,87992,10996,638,76946,36011,
19,92747,146494,1359116,14223,14223,52,13763,92655,11578,667,80959,38182,
20,97417,154530,1359121,15093,15093,52,14808,97323,12161,699,85479,40703,
21,102093,162654,1421813,16029,16029,53,15802,101996,12745,731,90112,43290,
22,106785,170915,1651521,17015,17015,60,16815,106679,13331,771,94943,46053,
23,111491,179177,1792226,18021,18021,63,17774,111380,13918,805,99434,48504,
24,116205,187576,1826589,19026,19026,64,18863,116091,14506,838,104095,51232,
25,120942,196218,1963173,20108,20108,68,20015,120822,15097,883,109319,54253,
26,125691,204978,2112154,21291,21291,72,21069,125565,15690,924,114171,56982,
27,130456,213937,2188627,22507,22507,73,22238,130327,16285,968,119441,60060,
28,135243,223092,2316564,23772,23772,79,23480,135106,16883,1014,124765,63231,
29,140048,232418,2489139,25105,25105,82,24737,139906,17483,1061,130117,66350,
