Backup ID, Logical chunk num, Unique chunk num, Base chunk num, Delta chunk num, Logical chunk size, Unique chunk size, Base chunk size, Delta chunk size, LZ4_save size, Delta_save size, 
0,598076,118229,113334,4895,8588886016,1032135022,621283493,6863281,360997440,42990808
1,1195194,131087,123218,7869,17177772032,1171401480,671617553,13214633,414002209,72567085
2,1791173,149943,138616,11327,25766658048,1368358678,757007969,21038105,484725072,105587532
3,2386184,164814,150351,14463,34355544064,1528865472,817668741,28272646,547718927,135205158
4,2980525,182825,164875,17950,42944430080,1719207135,898921741,34510017,615659217,170116160
5,3572942,204438,182713,21725,51533316096,1951922178,994391579,42392005,710130736,205007858
6,4164755,221561,196216,25345,60122202112,2137587443,1065837268,50612247,781539260,239598668
7,4755932,242885,213837,29048,68711088128,2361052678,1163992761,58156557,865241028,273662332
8,5346585,262903,229916,32987,77299974144,2573569874,1250815922,68330955,946407659,308015338
9,5936829,281759,244905,36854,85888860160,2774054407,1331668317,74146401,1022997653,345242036
10,6526705,307464,266130,41334,94477746176,3045410776,1445127959,84197216,1133542603,382542998
11,7117376,326216,281248,44968,103066632192,3242865686,1527698140,90325291,1208653326,416188929
12,7708121,347836,298804,49032,111655518208,3473193093,1622195800,100364547,1299759709,450873037
13,8299588,374837,321323,53514,120244404224,3759205714,1744787636,108477689,1414545648,491394741
14,8891445,396422,338729,57693,128833290240,3992611430,1838761386,117519430,1506847796,529482818
15,9483489,417887,355981,61906,137422176256,4224877819,1930380774,124466403,1600143158,569887484
16,10077606,443648,377347,66301,146011062272,4498147302,2049403273,133927208,1705627857,609188964
17,10672558,470248,399535,70713,154599948288,4782863934,2169973149,142534024,1820720886,649635875
18,11268152,494813,419693,75120,163188834304,5047681626,2280555430,150581873,1925493027,691051296
19,11865051,517318,438298,79020,171777720320,5289461317,2381278174,161089233,2023572986,723520924
20,12462550,542802,459269,83533,180366606336,5563245113,2494616468,170149107,2134666659,763812879
21,13060779,568100,479927,88173,188955492352,5836765923,2606784435,180126188,2244705431,805149869
22,13661032,598836,505826,93010,197544378368,6163336318,2750615363,189272554,2374833419,848614982
23,14263100,625524,528022,97502,206133264384,6450494513,2871585544,202508742,2491294094,885106133
24,14866184,651870,549712,102158,214722150400,6735758417,2987516778,206477248,2609052849,932711542
25,15472152,686885,579503,107382,223311036416,7109281814,3151670468,217872264,2761918498,977820584
26,16079762,719004,606768,112236,231899922432,7452798290,3299920232,227490674,2905038157,1020349227
27,16689366,753044,635542,117502,240488808448,7818860463,3457078225,238203879,3056752646,1066825713
28,17301791,788203,665370,122833,249077694464,8196526159,3619904505,258978368,3214103017,1103540269
29,17916474,824183,695996,128187,257666580480,8581486572,3787151270,271939441,3375076186,1147319675
