Backup ID, FPindex, SFindex, Deltaindex
0,9458320,21490112,211776
1,10486960,23387776,361952
2,11995440,26344128,518752
3,13185120,28597248,657344
4,14626000,31385408,812992
5,16355040,34808640,976192
6,17724880,37400640,1138048
7,19430800,40781952,1298304
8,21032240,43868096,1474688
9,22540720,46745408,1646368
10,24597120,50819968,1841888
11,26097280,53713280,2005664
12,27826880,57083584,2188256
13,29986960,61405888,2385536
14,31713760,64747648,2574336
15,33430960,68059520,2766592
16,35491840,72161664,2962752
17,37619840,76418240,3161248
18,39585040,80287936,3360192
19,41385440,83848960,3537344
20,43424160,87875328,3740576
21,45448000,91840832,3953536
22,47906880,96812544,4172576
23,50041920,101073536,4374976
24,52149600,105236992,4586048
25,54950800,110956224,4821984
26,57520320,116190720,5038080
27,60243520,121715072,5276896
28,63056240,127441472,5515840
29,65934640,133321280,5755104
