Backup ID, Online Delta_save, Offline Delta_save, Offline delta time, Offline dedelta time, Offline delete time, Offline Delta chunk num
0,42990808,0,0,0,0,0
1,72567085,0,0,0,0,0
2,105587532,0,0,0,0,0
3,135205158,0,0,0,0,0
4,167601701,2514459,5104,5031,33,73
5,200617658,4390200,11023,10843,82,180
6,235531617,4067051,15347,15141,115,206
7,266017194,7645138,26931,26412,208,519
8,299069043,8946295,35665,34826,305,839
9,333330459,11911577,44725,43794,361,931
10,368241897,14301101,60528,59271,468,1257
11,400365876,15823053,66490,65173,511,1317
12,436300767,14572270,79710,78338,573,1372
13,472303975,19090766,95781,94068,699,1713
14,510176199,19306619,110909,109095,795,1814
15,546770774,23116710,129921,127835,930,2086
16,585117570,24071394,140981,138748,1037,2233
17,623321311,26314564,162450,159978,1165,2472
18,662792071,28259225,166682,164104,1254,2578
19,696835748,26685176,176939,174188,1362,2751
20,737127703,26685176,176939,174188,1362,2751
21,778335973,26813896,197486,194604,1457,2882
22,819532711,29082271,223273,220211,1618,3062
23,858906703,26199430,240942,237744,1739,3198
24,899414592,33296950,265683,262313,1887,3370
25,944223440,33597144,276988,273522,1993,3466
26,984467718,35881509,288877,285251,2134,3626
27,1030612464,36213249,289434,285784,2165,3650
28,1075300816,28239453,303087,299287,2307,3800
29,1119742675,27577000,327203,323346,2385,3857
