BackupID, OnlineSpeed(MB/s), Encalve ProcessTime(s), BackupSize, OnlineSize, OfflineSize, OfflineTime(s)
0, 454.198, 18.034, 8588886016, 628146774, 628146774, 0.00108
1, 730.073, 11.2194, 8588886016, 684832186, 684832186, 0.001119
2, 706.514, 11.5935, 8588886016, 778046074, 778046074, 0.001247
3, 717.34, 11.4186, 8588886016, 845941387, 845941387, 0.001353
4, 698.398, 11.7283, 8588886016, 935234314, 933431758, 3.97675
5, 678.152, 12.0784, 8588886016, 1037582563, 1036783584, 4.53224
6, 692.301, 11.8316, 8588886016, 1115833624, 1116449515, 3.30979
7, 640.486, 12.7887, 8588886016, 1222970335, 1222149318, 9.06347
8, 675.466, 12.1264, 8588886016, 1317832457, 1319146877, 7.19654
9, 647.7, 12.6463, 8588886016, 1407948801, 1405814718, 6.93276
10, 642.86, 12.7415, 8588886016, 1528972967, 1529325175, 11.9554
11, 610.68, 13.4129, 8588886016, 1619120173, 1618023431, 4.68442
12, 643.412, 12.7306, 8588886016, 1720870103, 1722560347, 9.67786
13, 557.192, 14.7005, 8588886016, 1855072125, 1853265325, 12.6447
14, 641.275, 12.773, 8588886016, 1955739888, 1956280816, 11.6434
15, 628.994, 13.0224, 8588886016, 2056549709, 2054847177, 14.3202
16, 629.593, 13.01, 8588886016, 2183180740, 2183330481, 8.62631
17, 616.197, 13.2928, 8588886016, 2312881404, 2312507173, 16.2634
18, 614.292, 13.3341, 8588886016, 2432278606, 2431137303, 3.7518
19, 639.928, 12.7999, 8588886016, 2539572609, 2542367407, 8.06099
20, 609.222, 13.445, 8588886016, 2664765575, 2664765575, 0.003932
21, 579.589, 14.1324, 8588886016, 2786021997, 2786910623, 15.0233
22, 589.001, 13.9066, 8588886016, 2940886310, 2939887917, 19.2423
23, 592.843, 13.8165, 8588886016, 3070328326, 3074094286, 13.6428
24, 601.638, 13.6145, 8588886016, 3199945206, 3193994026, 18.26
25, 570.378, 14.3607, 8588886016, 3369193394, 3369542732, 9.19505
26, 552.521, 14.8248, 8588886016, 3528697874, 3527410906, 9.69258
27, 568.715, 14.4026, 8588886016, 3695470927, 3695282104, 0.649815
28, 557.639, 14.6887, 8588886016, 3869787705, 3878882873, 10.8739
29, 557.007, 14.7054, 8588886016, 4057986180, 4059090711, 17.1096
