Backup ID, Ecall, Inline_Ocall, Offline_Ocall, _Inline_FPOcall, _Inline_SFOcall, _Inline_LocalOcall, _Inline_LoadOcall, _Inline_DeltaOcall, _Inline_RecipeOcall, _Inline_Write_ContainerOcall, _inline_have_similar_chunk_num, _inline_need_load_container_num
0,4675,8573,5,1143,1143,0,1030,4673,584,159,6586,1364,
1,9342,15124,10,1693,1693,0,1233,9338,1167,174,9561,2259,
2,14001,21803,15,2278,2278,0,1503,13995,1749,199,13019,3458,
3,18652,28493,20,2860,2860,0,1799,18644,2330,217,16155,4762,
4,23298,35299,50201,3457,3457,2,2187,23286,2910,241,19643,6327,
5,27929,42163,113130,4097,4097,5,2564,27912,3488,269,23428,7983,
6,32555,49066,157534,4706,4706,6,3048,32535,4065,290,27052,9711,
7,37176,56039,268983,5354,5354,15,3529,37145,4642,317,30760,11489,
8,41793,63082,373506,6007,6007,24,4075,41751,5218,343,34702,13412,
9,46407,70295,448574,6660,6660,27,4794,46360,5794,367,38571,15354,
10,51018,77669,583700,7378,7378,36,5547,50960,6370,399,43052,17542,
11,55635,84974,640244,8054,8054,38,6309,55573,6946,422,46774,19424,
12,60253,92399,733172,8756,8756,40,7138,60187,7522,449,50839,21604,
13,64876,99883,886046,9522,9522,50,7892,64798,8099,484,55322,23767,
14,69502,107289,1013617,10255,10255,54,8631,69418,8676,511,59502,25949,
15,74130,114940,1179461,11004,11004,63,9580,74035,9254,538,63716,28358,
16,78774,122565,1298047,11796,11796,69,10399,78671,9834,572,68112,30634,
17,83425,130338,1470152,12610,12610,76,11314,83313,10415,606,72563,33075,
18,88081,138043,1556415,13426,13426,79,12152,87964,10996,637,76970,35461,
19,92747,145797,1677850,14223,14223,84,13066,92623,11578,665,80986,37690,
20,97417,153836,1677855,15093,15093,84,14114,97291,12161,697,85499,40238,
21,102093,161953,1824659,16029,16029,88,15101,101961,12745,729,90139,42869,
22,106785,170174,2033539,17015,17015,95,16074,106644,13331,769,94976,45597,
23,111491,178367,2189933,18021,18021,100,16964,111343,13918,803,99468,48025,
24,116205,186710,2386947,19026,19026,106,17997,116049,14506,836,104126,50740,
25,120942,195389,2516331,20108,20108,110,19186,120780,15097,881,109350,53767,
26,125691,204112,2669997,21291,21291,117,20203,125520,15690,922,114204,56501,
27,130456,213095,2701928,22507,22507,118,21396,130282,16285,965,119470,59578,
28,135243,222263,2875949,23772,23772,125,22651,135060,16883,1010,124801,62734,
29,140048,231563,3029097,25105,25105,127,23882,139861,17483,1057,130155,65812,
