Backup ID, Logical chunk num, Unique chunk num, Base chunk num, Delta chunk num, Logical chunk size, Unique chunk size, Base chunk size, Delta chunk size, LZ4_save size, Delta_save size, 
0,598076,118229,112759,5470,8588886016,1032135022,618570451,6502781,357711953,49349837
1,1195194,131087,122688,8399,17177772032,1171401480,669186352,12672246,411022167,78520715
2,1791173,149943,138047,11896,25766658048,1368358678,754787580,19831690,480949186,112790222
3,2386184,164814,149688,15126,34355544064,1528865472,815307061,27131767,542825454,143601190
4,2980525,182825,164130,18695,42944430080,1719207135,896501742,33281904,609778478,179645011
5,3572942,204438,181848,22590,51533316096,1951922178,991721851,42034745,702860516,215305066
6,4164755,221561,195221,26340,60122202112,2137587443,1062933799,50519380,772955912,251178352
7,4755932,242885,212717,30168,68711088128,2361052678,1160781867,58472347,855337834,286460630
8,5346585,262903,228659,34244,77299974144,2573569874,1247281429,66660814,935070722,324556909
9,5936829,281759,243523,38236,85888860160,2774054407,1327891704,73506822,1010235323,362420558
10,6526705,307464,264614,42850,94477746176,3045410776,1440979796,84766155,1119448807,400216018
11,7117376,326216,279501,46715,103066632192,3242865686,1523006988,91764347,1192509747,435584604
12,7708121,347836,296918,50918,111655518208,3473193093,1617232657,99749093,1282218729,473992614
13,8299588,374837,319281,55556,120244404224,3759205714,1739322010,108420821,1395488295,515974588
14,8891445,396422,336556,59866,128833290240,3992611430,1832969214,116493545,1486389759,556758912
15,9483489,417887,353689,64198,137422176256,4224877819,1924338015,124908700,1578403642,597227462
16,10077606,443648,374929,68719,146011062272,4498147302,2043021531,133741222,1682658807,638725742
17,10672558,470248,396918,73330,154599948288,4782863934,2163018566,144403729,1796048548,679393091
18,11268152,494813,416957,77856,163188834304,5047681626,2273274585,151935195,1899685631,722786215
19,11865051,517318,435332,81986,171777720320,5289461317,2373392271,158632912,1995662721,761773413
20,12462550,542802,456177,86625,180366606336,5563245113,2486367921,172199775,2105535128,799142289
21,13060779,568100,476710,91390,188955492352,5836765923,2598197881,179340359,2214335636,844892047
22,13661032,598836,502473,96363,197544378368,6163336318,2741615945,191093151,2343138727,887488495
23,14263100,625524,524516,101008,206133264384,6450494513,2862061015,202809401,2458188882,927435215
24,14866184,651870,546051,105819,214722150400,6735758417,2977447288,207703828,2574507743,976099558
25,15472152,686885,575722,111163,223311036416,7109281814,3141320699,226933557,2726040479,1014987079
26,16079762,719004,602854,116150,231899922432,7452798290,3289125901,233027722,2867942468,1062702199
27,16689366,753044,631503,121541,240488808448,7818860463,3445919811,242552159,3018371019,1112017474
28,17301791,788203,661191,127012,249077694464,8196526159,3608237367,253660337,3174373064,1160255391
29,17916474,824183,691671,132512,257666580480,8581486572,3774922828,274551303,3334006401,1198006040
