Backup ID, FPindex, SFindex, Deltaindex
0,9458320,21453760,242592
1,10486960,23353216,391392
2,11995440,26298688,549408
3,13185120,28531968,690560
4,14626000,31301760,847328
5,16355040,34701696,1013088
6,17724880,37265024,1176800
7,19430800,40622528,1339264
8,21032240,43680128,1517632
9,22540720,46530816,1691744
10,24597120,50576640,1889600
11,26097280,53431936,2058656
12,27826880,56773184,2243232
13,29986960,61062912,2442784
14,31713760,64376960,2633472
15,33430960,67663360,2827200
16,35491840,71737408,3025088
17,37619840,75956928,3228128
18,39585040,79801920,3428928
19,41385440,83326656,3611648
20,43424160,87325824,3816448
21,45448000,91264064,4030912
22,47906880,96207360,4252576
23,50041920,100436608,4457920
24,52149600,104567296,4671936
25,54950800,110261760,4910016
26,57520320,115468416,5127968
27,60243520,120965056,5368960
28,63056240,126661824,5610112
29,65934640,132510208,5851520
