Backup ID, Online Delta_save, Offline Delta_save, Offline delta time, Offline dedelta time, Offline delete time, Offline Delta chunk num
0,17080605,32269232,4979,1442,99,3537
1,30986292,47534423,8660,3573,187,5087
2,39067738,73722484,14879,7226,310,7653
3,45367047,98234143,22807,12692,448,10115
4,51205828,128439183,32775,19809,616,12966
5,56646588,158658478,44876,28893,803,15983
6,61758819,189419533,58768,39671,1009,19097
7,67660641,218799989,72188,50107,1217,22081
8,73208376,251348533,87778,62382,1460,25396
9,78214232,284206326,104558,75762,1720,28796
10,84212735,316003283,123680,91237,2000,32443
11,89689258,345895346,143824,108233,2259,35591
12,95896841,378095773,165766,126836,2560,38930
13,102568570,413406018,189821,147314,2871,42507
14,108778326,447980586,215300,169235,3205,46065
15,114926474,482300988,242126,192507,3571,49619
16,122193765,516531977,270721,217585,3924,53136
17,130280169,549112922,301000,244324,4302,56676
18,139072557,583713658,332648,272543,4693,60105
19,147439051,614334362,364926,301729,5055,63197
20,155975440,643166849,399599,332856,5477,66743
21,163452062,681439985,436183,365596,5892,70587
22,171456285,716032210,474554,400088,6353,74466
23,180570701,746864514,514380,436431,6773,77949
24,189195082,786904476,549931,468292,7225,81639
25,198428773,816558306,587716,502002,7716,85714
26,208692705,854009494,626687,537470,8180,89217
27,218219940,893797534,668040,574786,8698,93254
28,227987675,932267716,711890,614560,9242,97330
29,238859382,959146658,757605,656404,9774,101201
