BackupID, OnlineSpeed(MB/s), Encalve ProcessTime(s), BackupSize, OnlineSize, OfflineSize, OfflineTime(s)
0, 437.631, 18.7167, 8588886016, 634079884, 625073232, 8.48518
1, 657.951, 12.4492, 8588886016, 683453631, 681858598, 5.26368
2, 686.064, 11.9391, 8588886016, 778427394, 774619270, 8.66766
3, 697.792, 11.7385, 8588886016, 846158207, 842438828, 9.93876
4, 628.564, 13.0313, 8588886016, 936324401, 929783646, 12.2885
5, 658.948, 12.4304, 8588886016, 1039376274, 1033756596, 14.4996
6, 706.355, 11.5962, 8588886016, 1118964247, 1113453179, 15.911
7, 689.212, 11.8846, 8588886016, 1225419007, 1219254214, 15.5269
8, 661.46, 12.3832, 8588886016, 1321285750, 1313942243, 17.9185
9, 695.038, 11.785, 8588886016, 1409313189, 1401398526, 19.1854
10, 636.712, 12.8645, 8588886016, 1531500228, 1525745951, 21.4974
11, 665.963, 12.2995, 8588886016, 1621893823, 1614771335, 21.4314
12, 680.396, 12.0386, 8588886016, 1725304411, 1716981750, 23.4825
13, 621.967, 13.1695, 8588886016, 1856938094, 1847742831, 25.8517
14, 675.929, 12.1181, 8588886016, 1958553853, 1949462759, 27.2231
15, 661.469, 12.3831, 8588886016, 2058232640, 2049246715, 28.8166
16, 609.052, 13.4488, 8588886016, 2186038719, 2176762753, 29.3739
17, 658.248, 12.4436, 8588886016, 2315169901, 2307422295, 31.2311
18, 652.143, 12.5601, 8588886016, 2436226435, 2425209780, 31.8924
19, 674.74, 12.1395, 8588886016, 2541343975, 2532025183, 31.6774
20, 645.849, 12.6825, 8588886016, 2663089894, 2658567696, 34.6049
21, 603.537, 13.5717, 8588886016, 2790008308, 2777538240, 36.8731
22, 616.943, 13.2768, 8588886016, 2941502851, 2932709096, 38.8267
23, 628.606, 13.0304, 8588886016, 3071729554, 3064870416, 38.5751
24, 636.081, 12.8773, 8588886016, 3199926123, 3185151116, 36.0676
25, 598.524, 13.6853, 8588886016, 3371341842, 3368254256, 38.9553
26, 580.491, 14.1105, 8588886016, 3536116543, 3522153623, 38.8037
27, 602.093, 13.6042, 8588886016, 3701137740, 3688471970, 42.0864
28, 597.169, 13.7164, 8588886016, 3873471906, 3861897704, 44.0233
29, 584.271, 14.0192, 8588886016, 4051006482, 4049474131, 44.8163
