Backup ID, Ecall, Inline_Ocall, Offline_Ocall, _Inline_FPOcall, _Inline_SFOcall, _Inline_LocalOcall, _Inline_LoadOcall, _Inline_DeltaOcall, _Inline_RecipeOcall, _Inline_Write_ContainerOcall, _inline_have_similar_chunk_num, _inline_need_load_container_num
0,4675,8253,98638,1143,1143,194,710,4479,584,160,6567,1379,
1,9342,14719,183399,1693,1693,302,828,9036,1167,176,9534,2277,
2,14001,21238,301904,2278,2278,493,938,13502,1749,201,13031,3420,
3,18652,27737,433192,2860,2860,691,1043,17953,2330,220,16261,4601,
4,23298,34265,592282,3457,3457,923,1153,22365,2910,245,19830,5960,
5,27929,40864,766933,4097,4097,1194,1265,26723,3488,274,23725,7509,
6,32555,47411,959023,4706,4706,1461,1393,31080,4065,297,27476,9060,
7,37176,54031,1148152,5354,5354,1728,1521,35432,4642,326,31304,10633,
8,41793,60660,1368014,6007,6007,2022,1653,39753,5218,353,35380,12352,
9,46407,67274,1603183,6660,6660,2336,1773,44051,5794,378,39372,14129,
10,51018,74052,1855365,7378,7378,2658,1930,48338,6370,412,43987,16086,
11,55635,80726,2094837,8054,8054,2949,2061,52662,6946,437,47852,17769,
12,60253,87463,2370350,8756,8756,3278,2202,56949,7522,466,52055,19563,
13,64876,94343,2662646,9522,9522,3613,2352,61235,8099,502,56693,21535,
14,69502,101161,2971184,10255,10255,3960,2503,65512,8676,531,61003,23464,
15,74130,108026,3306567,11004,11004,4332,2666,69766,9254,559,65335,25522,
16,78774,115007,3637203,11796,11796,4685,2841,74055,9834,594,69856,27492,
17,83425,122033,3988810,12610,12610,5052,3009,78337,10415,630,74467,29533,
18,88081,129067,4355083,13426,13426,5414,3176,82629,10996,663,78993,31625,
19,92747,136067,4705862,14223,14223,5745,3336,86962,11578,693,83123,33525,
20,97417,143247,5104955,15093,15093,6136,3525,91239,12161,727,87762,35695,
21,102093,150565,5505323,16029,16029,6563,3713,95486,12745,761,92527,37949,
22,106785,157999,5941344,17015,17015,6998,3899,99741,13331,803,97500,40321,
23,111491,165479,6353561,18021,18021,7377,4076,104066,13918,839,102145,42461,
24,116205,173026,6774760,19026,19026,7790,4313,108365,14506,874,106956,44823,
25,120942,180726,7231350,20108,20108,8266,4523,112624,15097,922,112300,47423,
26,125691,188650,7672001,21291,21291,8675,4741,116962,15690,965,117287,49785,
27,130456,196678,8157448,22507,22507,9168,4979,121232,16285,1011,122678,52491,
28,135243,204834,8668597,23772,23772,9673,5222,125512,16883,1058,128149,55274,
29,140048,213162,9180931,25105,25105,10165,5481,129823,17483,1107,133649,58024,
