Backup ID, Logical chunk num, Unique chunk num, Base chunk num, Delta chunk num, Logical chunk size, Unique chunk size, Base chunk size, Delta chunk size, LZ4_save size, Delta_save size, 
0,24641,24495,24461,34,208250880,207122891,100522795,132661,106250527,216908
1,49838,39626,31436,8190,420976640,343883169,130445276,1751231,137248341,74438321
2,75769,54678,37459,17219,640409600,480951594,155755379,3858107,164226953,157111155
3,102154,69374,43225,26149,864501760,615776387,180428681,6251655,189836328,239259723
4,128934,85204,49893,35311,1092659200,760639837,208914257,8959157,219641169,323125254
5,156457,101934,57217,44717,1326612480,913110906,240177572,12085245,252096181,408751908
6,184290,118788,64086,54702,1563217920,1067086366,269551303,15504355,282376642,499654066
7,212510,136407,71609,64798,1803356160,1227283855,301721009,19180338,315673063,590709445
8,241451,155151,79421,75730,2049822720,1397466120,335111763,23187444,349914514,689252399
9,270745,172102,85275,86827,2300139520,1554665685,360204963,27108178,376394761,790957783
10,300593,189672,91583,98089,2554542080,1715971804,386842134,31331744,404615570,893182356
11,331389,208165,98857,109308,2817464320,1885698253,417465080,35782751,436993409,995457013
12,362473,226816,106383,120433,3082168320,2056620195,449605579,40145352,470343655,1096525609
13,394467,248136,116112,132024,3355002880,2249505687,491356490,44745382,513359450,1200044365
14,427730,269719,126547,143172,3639654400,2446105951,536129542,49103775,560063446,1300809188
15,461573,291289,135973,155316,3929231360,2642868685,576363895,53807155,602127595,1410570040
16,495907,313484,147572,165912,4223057920,2845343213,626135983,58306378,654672148,1506228704
17,533891,338250,162199,176051,4533319680,3055374134,682822509,62373441,715474807,1594703377
18,573226,363914,175190,188724,4869498880,3288730076,737902274,67482491,775040949,1708304362
19,614460,390057,187344,202713,5222645760,3527677934,789480917,72725431,830296822,1835174764
20,657190,416136,198491,217645,5588357120,3767058441,836220205,78156646,880742896,1971938694
21,701984,444128,210863,233265,5970749440,4022803683,887735141,83795756,937241898,2114030888
22,748244,472329,222466,249863,6365849600,4281805935,936493245,89624049,990156103,2265532538
23,795533,500237,232725,267512,6770524160,4539452538,979514957,95733403,1036704766,2427499412
24,843831,528928,243413,285515,7183421440,4803542209,1023874211,101967858,1085190270,2592509870
25,892453,557325,253715,303610,7597076480,5064122709,1066236722,108028606,1131346247,2758511134
26,943081,588339,266432,321907,8028426240,5347599334,1118687037,114174030,1189484693,2925253574
27,994732,617593,276593,341000,8468920320,5618093235,1160978384,120168675,1235501842,3101444334
28,1047519,648825,287454,361371,8918517760,5905656166,1206261554,126887954,1285173597,3287333061
29,1100481,678191,296937,381254,9369497600,6177498332,1245893943,135764352,1327338431,3468501606
30,1161683,730293,337184,393109,9891061760,6631310292,1409634313,144851392,1510420589,3566403998
31,1224165,764459,349360,415099,10425190400,6949135668,1460533547,151220670,1567233378,3770148073
32,1287906,799067,361044,438023,10969159680,7270247371,1508870401,157931357,1620482614,3982962999
33,1352398,833924,371649,462275,11518976000,7592912324,1552452063,165707672,1668707867,4206044722
34,1418053,869731,382901,486830,12079032320,7925229976,1598440088,174012134,1720240956,4432536798
35,1485051,906885,395119,511766,12650547200,8269312100,1648317174,182483452,1776785275,4661726199
36,1552883,943650,406547,537103,13229209600,8610980264,1694916071,190989994,1829486769,4895587430
37,1620506,980487,417930,562557,13805813760,8953041890,1741370444,199212322,1882067049,5130392075
38,1688546,1017268,427919,589349,14386237440,9294603528,1782571536,207666522,1927426280,5376939190
39,1757006,1054333,438976,615357,14970695680,9640069539,1828341216,216355321,1978638156,5616734846
40,1810412,1083547,447280,636267,15425167360,9911406345,1863087816,226633427,2016791193,5804893909
41,1864540,1113534,455982,657552,15886080000,10189212551,1899520912,235473941,2056719686,5997498012
42,1919273,1143338,464035,679303,16352163840,10465661096,1933165238,243071573,2094204980,6195219305
43,1974837,1173737,472285,701452,16824729600,10747386683,1967724881,251827992,2132102525,6395731285
44,2031182,1204027,480297,723730,17304453120,11028976023,2001029544,260440819,2169008537,6598497123
45,2088613,1233728,487073,746655,17793658880,11306693526,2029188898,268476361,2200373377,6808654890
46,2147190,1264387,494243,770144,18292684800,11593204633,2058945579,277132712,2233896901,7023229441
47,2206496,1294554,500124,794430,18798346240,11876362472,2083444522,285720926,2261199267,7245997757
48,2266715,1323504,504451,819053,19312179200,12150398334,2101238952,293903760,2281279365,7473976257
49,2335940,1359838,514567,845271,19902177280,12489094108,2142840419,308250115,2328347093,7709656481
50,2419066,1426420,561648,864772,20615280640,13077690238,2329632059,324332681,2551689892,7872035606
51,2503193,1471068,576074,894994,21337559040,13492750308,2389124399,333081565,2618749546,8151794798
52,2593570,1520912,595135,925777,22117294080,13956496725,2457534621,343196325,2720094203,8435671576
53,2687808,1568890,610221,958669,22935326720,14407514754,2514839641,353864727,2798723068,8740087318
54,2782874,1615142,624611,990531,23760384000,14838437071,2572551478,366409017,2865228967,9034247609
55,2878878,1662942,638507,1024435,24594739200,15284296250,2629294967,378585660,2930210628,9346204995
56,2975128,1710128,652120,1058008,25430681600,15725714597,2684119398,390592196,2994592497,9656410506
57,3070965,1757037,666319,1090718,26264494080,16164609531,2741386424,401889078,3062063604,9959270425
58,3166442,1803100,679111,1123989,27094425600,16595252208,2793474714,412481689,3122159107,10267136698
59,3262959,1849992,692710,1157282,27933890560,17033027647,2848961316,423537775,3185423426,10575105130
60,3332759,1886832,701475,1185357,28529817600,17377600787,2885453559,437878163,3226295731,10827973334
61,3430872,1934164,715218,1218946,29384591360,17821510252,2941054150,449898831,3292231771,11138325500
62,3504712,1972423,724864,1247559,30015549440,18178220181,2980833105,459952458,3336415815,11401018803
63,3579605,2009807,733307,1276500,30656389120,18529206646,3015772038,470016569,3375829214,11667588825
64,3655420,2047926,741595,1306331,31304744960,18886528805,3049721664,480925701,3414542685,11941338755
65,3732183,2085663,748837,1336826,31962798080,19242462056,3079903720,491223909,3448369236,12222965191
66,3809922,2124329,756821,1367508,32629002240,19606090117,3113226607,502102233,3485728812,12505032465
67,3888789,2162403,763377,1399026,33305978880,19966345083,3140542302,512876193,3516161555,12796765033
68,3968924,2200450,769881,1430569,33992949760,20325995601,3167396986,523135023,3546146327,13089317265
69,4050053,2237353,774798,1462555,34688532480,20677381896,3187679341,532567412,3569116696,13388018447
70,4149217,2284535,788960,1495575,35551836160,21119663880,3244649057,554307594,3637001095,13683706134
71,4265450,2371143,851591,1519552,36571084800,21893659608,3482137135,591393515,3950736625,13869392333
72,4386386,2425654,869234,1556420,37635307520,22408755401,3548452095,602751631,4041962494,14215589181
73,4508081,2477154,882956,1594198,38705633280,22895215145,3603617673,614536115,4107140550,14569920807
74,4632072,2531806,898454,1633352,39797422080,23410168790,3664071540,626929087,4183178458,14935989705
75,4732223,2578458,909311,1669147,40669081600,23848856535,3708550671,641793486,4234129254,15264383124
76,4832181,2625447,923143,1702304,41540311040,24291221580,3764950872,660569786,4299868454,15565832468
77,4936619,2671964,934054,1737910,42453647360,24729783746,3809333928,675191064,4351030151,15894228603
78,5043629,2718584,943998,1774586,43391784960,25170334985,3849460080,689648393,4398033496,16233193016
79,5152164,2765822,954103,1811719,44339476480,25614745161,3889339443,703296226,4445523070,16576586422
80,5261707,2811976,962391,1849585,45297090560,26053001409,3922741494,717278345,4484690407,16928291163
81,5372102,2858319,970336,1887983,46262865920,26494109032,3955082889,729407199,4522247576,17287371368
82,5484739,2905801,978467,1927334,47246745600,26944336428,3987444312,742065190,4560337826,17654489100
83,5615274,2974727,1037295,1937432,48257761280,27443678836,4176213887,748672884,4778544892,17740247173
84,5746948,3029093,1054786,1974307,49277388800,27828197717,4227718080,758620479,4840212498,18001646660
85,5878524,3079049,1061568,2017481,50296289280,28176859675,4245307274,768406646,4863020708,18300125047
86,6010103,3128955,1067114,2061841,51315240960,28525163481,4259491965,778299148,4881900638,18605471730
87,6141701,3178812,1071683,2107129,52334305280,28872958077,4271179859,788331106,4897479667,18915967445
88,6273302,3228688,1075766,2152922,53353441280,29220978790,4282000850,797895026,4911802113,19229280801
89,6404919,3278502,1079867,2198635,54372648960,29568467799,4292773618,807433711,4926583350,19541677120
90,6536540,3328324,1083383,2244941,55391866880,29916062621,4301858398,816608063,4938777145,19858819015
91,6668160,3378140,1086343,2291797,56411105280,30263561394,4309444964,827490021,4949096707,20177529702
92,6804565,3431960,1096526,2335434,57475010560,30644138614,4340590080,836536511,4986007332,20481004691
93,6940979,3482283,1100149,2382134,58538915840,30995265413,4349819733,845195347,4998213020,20802037313
94,7077386,3532627,1103377,2429250,59602872320,31346808615,4358195099,852317012,5009444887,21126851617
95,7213812,3582970,1106593,2476377,60666920960,31698289312,4366406526,858552710,5020563096,21452766980
96,7350241,3633269,1110365,2522904,61731000320,32049460760,4376190685,863156256,5033899441,21776214378
97,7486674,3683528,1113000,2570528,62795130880,32400320490,4382858482,867826571,5043049431,22106586006
98,7623116,3733785,1115449,2618336,63859322880,32751090403,4389070765,871474274,5051619868,22438925496
99,7759591,3784184,1118521,2665663,64923535360,33102591715,4396867238,884156513,5062114574,22759453390
100,7896734,3837918,1127640,2710278,65993605120,33482551991,4424537590,897191007,5095276854,23065546540
101,8033918,3888530,1131627,2756903,67063715840,33836062449,4435031137,903165639,5109468413,23388397260
102,8171098,3939120,1134632,2804488,68133888000,34189542680,4442970371,908925196,5119893704,23717753409
103,8308293,3989691,1137346,2852345,69204070400,34542631238,4450042517,912648579,5129303789,24050636353
104,8445492,4040213,1140186,2900027,70274324480,34895496730,4457071709,917416594,5139049280,24381959147
105,8582680,4090615,1142282,2948333,71344588800,35247383444,4462284406,922002451,5146276254,24716820333
106,8719869,4141100,1145222,2995878,72414894080,35599950429,4469406762,926733046,5156283944,25047526677
107,8857075,4191540,1147174,3044366,73485209600,35952016244,4474205593,931367074,5163044950,25383398627
108,8994276,4241970,1149161,3092809,74555525120,36304049595,4479018832,946812596,5169886290,25708331877
109,9133868,4296766,1158361,3138405,75646996480,36692624072,4507891133,953156176,5203907545,26027669218
110,9273476,4347897,1161480,3186417,76738498560,37049737902,4515893787,958986148,5214409191,26360448776
111,9413087,4398892,1163969,3234923,77830031360,37405820556,4522196323,964140716,5223088861,26696394656
112,9552710,4449914,1166150,3283764,78921687040,37762308541,4527903956,969011441,5230817272,27034575872
113,9692345,4500877,1168402,3332475,80013373440,38118104505,4533608129,973717127,5238615937,27372163312
114,9831983,4551835,1170803,3381032,81105090560,38473884103,4539657639,978102649,5246885232,27709238583
115,9971637,4602922,1175694,3427228,82196858880,38830540205,4554123203,981167105,5264850223,28030399674
116,10111284,4653852,1177863,3475989,83288637440,39186071420,4559527195,999387756,5272367455,28354789014
117,10254480,4719071,1193007,3526064,84415191040,39665633935,4607665599,1009511081,5338467487,28709989768
118,10397681,4770973,1196473,3574500,85541744640,40028724542,4616687454,1014729471,5350222355,29047085262
119,10540871,4822680,1199095,3623585,86668339200,40390617824,4623526163,1019318789,5359371362,29388401510
120,10684073,4874361,1201381,3672980,87794995200,40752012280,4629483691,1023880474,5367157209,29731490906
121,10827281,4926037,1203952,3722085,88921692160,41113288654,4636022988,1028180201,5376138231,30072947234
122,10970483,4977636,1206122,3771514,90048409600,41473895648,4641571956,1033324445,5383715835,30415283412
123,11113686,5029199,1208200,3820999,91175137280,41834152531,4646778437,1038529528,5390789348,30758055218
124,11256922,5081046,1210581,3870465,92301875200,42196440001,4652904859,1060784151,5399084426,31083666565
125,11401515,5143663,1222823,3920840,93438638080,42646913920,4693488725,1070380297,5445422874,31437622024
126,11546098,5195868,1226023,3969845,94575441920,43011697796,4701781805,1075515122,5456335189,31778065680
127,11690685,5248179,1228282,4019897,95712296960,43377614779,4707615497,1080470528,5464017379,32125511375
128,11835284,5300501,1230840,4069661,96849203200,43743443888,4714568953,1085207714,5472867603,32470799618
129,11979903,5352677,1233296,4119381,97986140160,44107982046,4720705003,1089699713,5481436965,32816140365
130,12124509,5404840,1235329,4169511,99123118080,44472661525,4725762881,1094530689,5488448410,33163919545
131,12269135,5456984,1237107,4219877,100260126720,44837198007,4730301533,1099284497,5494634318,33512977659
132,12413757,5509206,1239309,4269897,101397145600,45202159037,4735741025,1126540099,5502308135,33837569778
133,12560306,5573743,1252253,4321490,102548971520,45669972107,4778090083,1136121427,5553254806,34202505791
134,12706853,5626534,1255197,4371337,103700848640,46039405097,4785998044,1141065971,5563427455,34548913627
135,12853388,5679316,1257739,4421577,104852684800,46408795222,4792600438,1145349886,5572139377,34898705521
136,12999928,5732016,1259866,4472150,106004572160,46777402158,4798137290,1150240290,5579608995,35249415583
137,13146491,5784871,1261921,4522950,107156520960,47147233419,4803328473,1155631161,5586641216,35601632569
138,13293046,5837477,1263777,4573700,108308500480,47515049838,4807997270,1160471730,5593073142,35953507696
139,13439601,5890056,1265885,4624171,109460500480,47882533659,4813097921,1165413200,5600354957,36303667581
140,13586157,5942529,1267684,4674845,110612520960,48249044660,4817528477,1169876995,5606469704,36655169484
141,13732717,5995056,1269610,4725446,111764551680,48616124200,4822286061,1194035530,5613146395,36986656214
142,13880344,6058499,1281602,4776897,112924149760,49073860100,4861859281,1206726237,5659023913,37346250669
143,14027988,6111925,1284857,4827068,114083829760,49447891995,4870253353,1210741956,5670177683,37696719003
144,14175645,6165186,1287345,4877841,115243581440,49820445302,4876599670,1215374473,5678754189,38049716970
145,14323303,6218305,1289476,4928829,116403353600,50191733991,4881932771,1220776978,5686017608,38403006634
146,14470960,6271425,1291527,4979898,117563146240,50563113252,4887256597,1226897839,5693107751,38755851065
147,14618628,6324581,1293684,5030897,118722969600,50934898919,4892639332,1231657695,5700701716,39109900176
148,14766300,6377676,1295744,5081932,119882823680,51306102127,4897845352,1237220991,5707806755,39463229029
149,14913989,6430735,1297863,5132872,121042739200,51676783287,4903096586,1242401304,5715151666,39816133731
150,15061697,6483725,1301038,5182687,122202654720,52046653921,4911333673,1271848245,5726286919,40137185084
151,15215081,6551594,1316495,5235099,123417743360,52542126172,4959173747,1284942360,5793982388,40504027677
152,15368526,6606120,1320534,5285586,124632862720,52923284157,4969899800,1291213101,5807747236,40854424020
153,15521904,6659947,1323584,5336363,125848002560,53299309398,4978214296,1296565777,5818743080,41205786245
154,15675282,6713636,1325582,5388054,127063162880,53674073370,4983218798,1302204833,5825747350,41562902389
155,15828675,6767498,1327982,5439516,128278353920,54050239508,4989343582,1308027863,5834142712,41918725351
156,15982054,6821147,1329875,5491272,129493575680,54424765409,4994028367,1313160475,5840681987,42276894580
157,16135440,6874760,1331912,5542848,130708828160,54798978754,4999017220,1317928351,5847740723,42634292460
158,16288844,6928446,1334209,5594237,131924111360,55173626794,5004587526,1348235254,5855813401,42964990613
159,16447881,6997829,1350700,5647129,133193082880,55683897240,5054386826,1364065279,5930751551,43334693584
160,16606926,7052409,1353752,5698657,134462105600,56065143765,5062179466,1369118102,5941331835,43692514362
161,16765974,7106802,1356150,5750652,135731159040,56444802879,5068200125,1374134620,5949540368,44052927766
162,16925032,7161385,1358899,5802486,137000273920,56826044878,5075480758,1379869509,5959249465,44411445146
163,17084103,7215812,1361256,5854556,138269419520,57205869603,5081453199,1385676792,5967384059,44771355553
164,17243196,7270287,1363137,5907150,139538606080,57586041595,5086149827,1391616992,5973970375,45134304401
165,17402274,7324836,1364862,5959974,140807864320,57967173406,5090530627,1396466415,5979930276,45500246088
166,17561357,7379256,1366846,6012410,142077163520,58347083586,5095521587,1402140532,5986859821,45862561646
167,17720447,7433609,1368995,6064614,143346462720,58726475359,5100589323,1430798650,5994225691,46200861695
168,17886817,7504752,1386349,6118403,144686612480,59254482293,5151632554,1510500269,6078843035,46513506435
169,18053209,7560224,1389827,6170397,146026874880,59642371034,5160460958,1535819819,6090924329,46855165928
170,18219602,7615541,1392445,6223096,147367178240,60028979932,5167126606,1555859676,6099995823,47205997827
171,18386010,7670761,1394749,6276012,148707522560,60414563771,5172915168,1575270585,6108044840,47558333178
172,18552417,7725971,1396762,6329209,150047897600,60800172108,5177918374,1589851079,6115070895,47917331760
173,18718807,7781013,1398623,6382390,151388272640,61184458625,5182486129,1603160840,6121625738,48277185918
174,18885225,7836302,1400847,6435455,152728668160,61570577496,5187794436,1615130116,6129286405,48638366539
175,19051640,7891501,1403338,6488163,154069084160,61956043340,5194003213,1637591684,6137964451,48986483992
176,19220179,7958927,1416084,6542843,155427061760,62443904441,5234693565,1669479804,6188844416,49350886656
177,19388737,8014877,1419086,6595791,156785070080,62834909536,5242568244,1679021456,6199284130,49714035706
178,19557303,8070715,1421944,6648771,158143150080,63225012328,5249684199,1689961208,6209122744,50076244177
179,19725862,8126473,1424220,6702253,159501301760,63614575920,5255431777,1699198176,6217113437,50442832530
180,19894446,8182287,1426623,6755664,160859504640,64004795765,5261311006,1708041542,6225539223,50809903994
181,20063015,8238008,1428724,6809284,162217748480,64394128344,5266622628,1717107936,6233039832,51177357948
182,20231579,8293687,1430474,6863213,163576023040,64783161592,5271012226,1724976597,6239116787,51548055982
183,20400159,8349256,1432165,6917091,164934318080,65171073852,5275126571,1732750162,6245028085,51918169034
184,20568769,8405097,1434929,6970168,166292643840,65560730580,5282177331,1757315646,6254706684,52266530919
185,20738884,8474319,1450512,7023807,167663482880,66060826530,5329675408,1779382368,6317423181,52634345573
186,20909007,8530654,1453789,7076865,169034342400,66453771629,5337471742,1788132151,6328907014,52999260722
187,21079149,8586848,1456062,7130786,170405335040,66846099255,5343162046,1795823658,6336835903,53370277648
188,21249296,8643194,1458564,7184630,171776348160,67239456128,5349456273,1804626490,6345581639,53739791726
189,21419516,8699712,1461789,7237923,173147402240,67633595012,5357639597,1814101307,6356700465,54105153643
190,21589668,8755882,1463814,7292068,174518487040,68025605366,5362674365,1820965481,6363806996,54478158524
191,21759830,8812170,1465615,7346555,175889612800,68418780233,5367155262,1827740908,6370079169,54853804894
192,21930000,8868495,1467758,7400737,177260769280,68811767293,5372531874,1834600864,6377618356,55227016199
193,22100177,8924695,1470014,7454681,178631946240,69203938386,5377987401,1860856798,6385471099,55579623088
194,22271074,8992244,1483821,7508423,180008775680,69690705773,5422579867,1880364449,6438735679,55949025778
195,22441790,9048642,1486897,7561745,181384151040,70084352759,5430384427,1887375683,6449270917,56317321732
196,22612511,9105227,1489570,7615657,182759546880,70479646678,5437289812,1895483174,6458468442,56688405250
197,22783370,9163082,1494307,7668775,184135034880,70884113696,5450048221,1908307588,6475513927,57050243960
198,22954098,9219404,1496189,7723215,185510543360,71277231023,5454679906,1914089832,6482152506,57426308779
199,23124824,9275749,1498118,7777631,186886082560,71670617640,5459629287,1920504890,6488966732,57801516731
200,23295551,9332065,1500082,7831983,188261662720,72063721272,5464560480,1926600332,6495808179,58176752281
201,23466280,9388353,1502326,7886027,189637253120,72456450053,5470091104,1954158774,6503652648,58528547527
202,23639562,9457474,1515921,7941553,191035084800,72958078126,5512907949,1971826894,6560168949,58913174334
203,23812842,9514409,1519464,7994945,192432936960,73355640238,5521527595,1978663365,6572334953,59283114325
204,23986132,9571470,1522172,8049298,193830850560,73754512241,5528212964,1984964652,6581772706,59659561919
205,24159416,9628351,1524567,8103784,195228815360,74151741452,5534236117,1991345860,6590148590,60036010885
206,24332721,9685313,1526617,8158696,196626831360,74549606383,5539446283,1998599912,6597310269,60414249919
207,24506020,9742188,1528384,8213804,198024888320,74946933668,5543842999,2005083435,6603596502,60794410732
208,24679332,9799081,1530936,8268145,199422986240,75344383951,5550403561,2011042798,6612742729,61170194863
209,24852683,9856049,1533084,8322965,200821135360,75742099691,5555657965,2040595486,6620244462,61525601778
