Backup ID, FPindex, SFindex, Deltaindex
0,1959600,4687040,1728
1,3170080,6024896,522144
2,4374240,7180544,938848
3,5549920,8287104,1320704
4,6816320,9564800,1710848
5,8154720,10969664,2117216
6,9503040,12288128,2551392
7,10912560,13732096,2983296
8,12412080,15231168,3462848
9,13768160,16354240,3938752
10,15173760,17563200,4402848
11,16653200,18956672,4863360
12,18145280,20397888,5332096
13,19850880,22257664,5825760
14,21577520,24253312,6304896
15,23303120,26056384,6839744
16,25078720,28275968,7298112
17,27060000,31072704,7750752
18,29113120,33549824,8308288
19,31204560,35872512,8932416
20,33290880,38007168,9574144
21,35530240,40373056,10230688
22,37786320,42584832,10932800
23,40018960,44544448,11673280
24,42314240,46589888,12420352
25,44586000,48560448,13160032
26,47067120,50991488,13905504
27,49407440,52934400,14694176
28,51906000,55008000,15519136
29,54255280,56822720,16320416
30,58423440,64541120,16806560
31,61156720,66877056,18007936
32,63925360,69116864,18961472
33,66713920,71150720,19933504
34,69578480,73307392,20907104
35,72550800,75648576,21897472
36,75492000,77835968,22902400
37,78438960,80010816,23904832
38,81381440,81920576,24965504
39,84346640,84032448,25971104
40,86683760,85598912,26774048
41,89082720,87248512,27589952
42,91467040,88777920,28430944
43,93898960,90346048,29276640
44,96322160,91867392,30124352
45,98698240,93152320,30994688
46,101150960,94508416,31867072
47,103564320,95624448,32768768
48,105880320,96441984,33657120
49,108787040,98354688,34668480
50,114113600,107354560,35441152
51,117685440,110120832,36994432
52,121672960,113744064,38252128
53,125511200,116628864,39572160
54,129211360,119379072,40815232
55,133035360,122031808,42160128
56,136810240,124631040,43471424
57,140562960,127345664,44750720
58,144248000,129786752,46059520
59,147999360,132382016,47348896
60,150946560,134012416,48397024
61,154733120,136630336,49696160
62,157793840,138456640,50768416
63,160784560,140054720,51849632
64,163834080,141621952,52956064
65,166853040,142989888,54076224
66,169946320,144489792,55191808
67,172992240,145721280,56332448
68,176036000,146948032,57458336
69,178988240,147879040,58586912
70,182762800,150559872,59862016
71,189691440,162505472,60851552
72,194052320,165886144,62819232
73,198172320,168517824,64342272
74,202544480,171487488,65864640
75,206276640,173527808,67214688
76,210035760,176152512,68459072
77,213757120,178226112,69853472
78,217486720,180113856,71215328
79,221265760,182028672,72584768
80,224958080,183595008,73966432
81,228665520,185101696,75349696
82,232464080,186637696,76763584
83,237978160,197917312,77222208
84,242327440,201274880,79438336
85,246323920,202576384,81213888
86,250316400,203640640,82794304
87,254304960,204516736,84362080
88,258295040,205298944,85937248
89,262280160,206083584,87488256
90,266265920,206755072,89054368
91,270251200,207313728,90624640
92,274556800,209257216,92130304
93,278582640,209942016,93829440
94,282610160,210547008,95421248
95,286637600,211141888,96999232
96,290661520,211838848,98558400
97,294682240,212318272,100142144
98,298702800,212758976,101726880
99,302734720,213320640,103296864
100,307033440,215039424,104807904
101,311082400,215772544,106477376
102,315129600,216317760,108077312
103,319175280,216794304,109672512
104,323217040,217301440,111256128
105,327249200,217675904,112855040
106,331288000,218212672,114423136
107,335323200,218559552,116020544
108,339357600,218908032,117612800
109,343741280,220630592,119150720
110,347831760,221200192,120870496
111,351911360,221643136,122488256
112,355993120,222024192,124106720
113,360070160,222423680,125712448
114,364146800,222856000,127314624
115,368233760,223736448,128874976
116,372308160,224122240,130481344
117,377525680,226925632,132219392
118,381677840,227571328,133962464
119,385814400,228046144,135608224
120,389948880,228462080,137244224
121,394082960,228932160,138868992
122,398210880,229320832,140499776
123,402335920,229691840,142128128
124,406483680,230119744,143759136
125,411493040,232394240,145481920
126,415669440,232986560,147211936
127,419854320,233395008,148876832
128,424040080,233854144,150527168
129,428214160,234285952,152169600
130,432387200,234645888,153819776
131,436558720,234956800,155474464
132,440736480,235344960,157117280
133,445899440,237735040,158882912
134,450122720,238272256,160652416
135,454345280,238728256,162326976
136,458561280,239104960,164000128
137,462789680,239470400,165674464
138,466998160,239803264,167341120
139,471204480,240180480,168994368
140,475402320,240498816,170655840
141,479604480,240841344,172307744
142,484679920,243067264,174059296
143,488954000,243657728,175834464
144,493214880,244108608,177521760
145,497464400,244477952,179206464
146,501714000,244847744,180882592
147,505966480,245234048,182556384
148,510214080,245592000,184229984
149,514458800,245958336,185901184
150,518698000,246536128,187539040
151,524127520,249406656,189342272
152,528489600,250149440,191155712
153,532795760,250701824,192854464
154,537090880,251055808,194568064
155,541399840,251475008,196267616
156,545691760,251800640,197968320
157,549980800,252159488,199661568
158,554275680,252568000,201348512
159,559826320,255646592,203169152
160,564192720,256202176,205007616
161,568544160,256632384,206736512
162,572910800,257127424,208452544
163,577264960,257556224,210167264
164,581622960,257893248,211893248
165,585986880,258200384,213623712
166,590340480,258548608,215340640
167,594688720,258933248,217050080
168,600380160,262129344,218901280
169,604817920,262769728,220759904
170,609243280,263240576,222516672
171,613660880,263656000,224263104
172,618077680,264008768,226018240
173,622481040,264339776,227764352
174,626904160,264735616,229500736
175,631320080,265179584,231229216
176,636714160,267537792,233095872
177,641190160,268090560,234959840
178,645657200,268605824,236718176
179,650117840,269011328,238483968
180,654582960,269432896,240244448
181,659040640,269806016,242004416
182,663494960,270118272,243769600
183,667940480,270415744,245530848
184,672407760,270903296,247272064
185,677945520,273808320,249108512
186,682452320,274403328,250990272
187,686947840,274807616,252783456
188,691455520,275245120,254563328
189,695976960,275830848,256326112
190,700470560,276186112,258102112
191,704973600,276502528,259887840
192,709479600,276881728,261664448
193,713975600,277275008,263435072
194,719379520,279809664,265271584
195,723891360,280373440,267158336
196,728418160,280860416,268954688
197,733046560,281729856,270726112
198,737552320,282061952,272518560
199,742059920,282401472,274300992
200,746565200,282746944,276079712
201,751068240,283141248,277849760
202,756597920,285664640,279745088
203,761152720,286317504,281629504
204,765717600,286813056,283436096
205,770268080,287245568,285230880
206,774825040,287601792,287037408
207,779375040,287907968,288847040
208,783926480,288363328,290630432
209,788483920,288743424,292426784
