Backup ID, Online Delta_save, Offline Delta_save, Offline delta time, Offline dedelta time, Offline delete time, Offline Delta chunk num
0,216908,0,0,0,0,0
1,74438321,0,0,0,0,0
2,157111155,0,0,0,0,0
3,239259723,0,0,0,0,0
4,323013599,111655,38,25,6,13
5,408640253,111655,38,25,6,13
6,499542411,111655,38,25,6,13
7,590597790,111655,38,25,6,13
8,689115425,136974,46,29,11,17
9,790820809,136974,46,29,11,17
10,892976480,205876,86,60,23,26
11,991669390,3787623,1873,1447,108,426
12,1086740870,9784739,4889,3796,211,1093
13,1177089376,22954989,12469,9878,325,2591
14,1266072137,34737051,18552,14621,477,3931
15,1364875435,45694605,23433,18273,637,5160
16,1450590419,55638285,28136,21857,800,6279
17,1531652300,63051077,32688,25576,956,7112
18,1634115497,74188865,38204,29831,1152,8373
19,1748987398,86187366,44128,34399,1373,9729
20,1874528350,97410344,49814,38848,1591,10966
21,2006210743,107820145,55314,43212,1806,12102
22,2137049745,128482793,67212,52789,2085,14423
23,2280479952,147019460,77017,60629,2361,16388
24,2429272091,163237779,86521,68353,2635,18168
25,2578437589,180073545,98561,78510,2935,20051
26,2725504158,199749416,109417,87131,3239,22286
27,2887237864,214206470,119193,95317,3535,23876
28,3038842953,248490108,141497,113795,3909,27702
29,3202293663,266207943,153064,123256,4229,29808
30,3277441628,288962370,170084,137384,4639,32700
31,3478464204,291683869,171663,138655,4742,33008
32,3690040953,292922046,172424,139269,4814,33155
33,3907423711,298621011,176868,143035,5002,33833
34,4128178689,304358109,182386,147915,5198,34471
35,4348042444,313683755,189373,153869,5463,35504
36,4568863184,326724246,197603,160664,5778,36939
37,4780984236,349407839,214033,174619,6188,39414
38,5005952116,370987074,230057,188333,6566,41724
39,5222636725,394098121,246486,202207,6997,44279
40,5357730713,447163196,290610,240243,7591,50367
41,5501738640,495759372,330716,274709,8180,56007
42,5664543297,530676008,357231,297233,8748,59998
43,5822960843,572770442,396412,331622,9368,64790
44,5986481333,612015790,430946,361720,9915,69226
45,6162128606,646526284,463583,390438,10473,73145
46,6334163968,689065473,504305,426335,11110,77970
47,6529976760,716020997,531525,450465,11619,81060
48,6732582848,741393409,557456,473548,12119,83908
49,6903492943,806163538,625035,533508,12816,91527
50,7013455408,858580198,684495,586168,13663,98327
51,7286308619,865486179,691330,592212,13977,99118
52,7563364388,872307188,698824,598885,14285,99939
53,7856112212,883975106,709580,608275,14737,101305
54,8130221298,904026311,732611,628952,15296,103659
55,8412285418,933919577,757708,650670,15938,107038
56,8696594667,959815839,779797,669868,16497,109929
57,8974221331,985049094,800361,687617,17054,112744
58,9245880119,1021256579,829347,712604,17736,116743
59,9513965482,1061139648,862878,741666,18465,121212
60,9658470875,1169502459,972271,838672,19402,133599
61,9924153708,1214171792,1009684,871075,20155,138609
62,10129274228,1271744575,1071608,926591,21060,145017
63,10347020362,1320568463,1128161,977631,21935,150530
64,10568461364,1372877391,1190406,1033910,22838,156496
65,10796941945,1426023246,1244543,1082193,23653,162350
66,11021176233,1483856232,1310504,1141563,24541,168941
67,11259966796,1536798237,1376246,1201363,25359,174883
68,11502720906,1586596359,1432575,1252129,26155,180446
69,11774127583,1613890864,1464421,1280969,26727,183452
70,11985225898,1698480236,1555280,1361469,27740,193811
71,12101697878,1767694455,1638706,1434368,29096,204338
72,12446094790,1769494391,1640870,1436303,29303,204567
73,12792536184,1777384623,1649303,1443812,29706,205491
74,13146961623,1789028082,1658667,1451871,30230,206796
75,13392316326,1872066798,1737239,1521141,31316,216098
76,13637454644,1928377824,1790627,1567749,32373,222878
77,13921549478,1972679125,1828246,1600208,33277,228038
78,14220291269,2012901747,1863110,1630424,34132,232686
79,14516700978,2059885444,1902138,1664194,35033,237944
80,14824339480,2103951683,1939184,1696178,35859,243006
81,15142311444,2145059924,1978620,1731166,36639,247454
82,15459947475,2194541625,2023032,1770129,37535,252903
83,15539718496,2200528677,2026622,1772855,38291,253767
84,15801117983,2200528677,2026622,1772855,38291,253767
85,16099596370,2200528677,2026622,1772855,38291,253767
86,16403432995,2202038735,2027397,1773418,38380,253979
87,16712606591,2203360854,2028263,1774098,38479,254165
88,17022957306,2206323495,2030328,1775737,38652,254591
89,17333697071,2207980049,2031769,1776938,38791,254831
90,17645662115,2213156900,2036219,1780655,39010,255564
91,17952512928,2225016774,2047972,1790669,39378,257303
92,18237936687,2243068004,2066283,1806497,39944,259786
93,18543202669,2258834644,2082867,1820823,40387,262044
94,18846800489,2280051128,2106257,1841381,40900,264876
95,19144983277,2307783703,2138811,1870066,41395,268745
96,19433575860,2342638518,2181913,1908361,41944,273552
97,19732910693,2373675313,2224060,1946149,42433,277911
98,20032269219,2406656277,2269763,1987406,42955,282357
99,20323151229,2436302161,2322434,2035094,43570,287340
100,20591610796,2473935744,2390500,2097143,44190,293357
101,20875017009,2513380251,2453669,2154643,44749,299026
102,21164795446,2552957963,2519567,2214788,45242,304779
103,21441132209,2609504144,2619796,2306922,45848,312874
104,21727180508,2654778639,2703276,2383872,46417,319404
105,22024065062,2692755271,2777924,2452956,46916,324968
106,22316635596,2730891081,2854547,2523857,47393,330690
107,22621346198,2762052429,2920350,2585118,47854,335232
108,22914938793,2793393084,3005916,2664937,48381,340979
109,23174701011,2852968207,3139978,2790218,49163,349760
110,23471934982,2888513794,3221372,2866177,49699,355195
111,23760079508,2936315148,3336643,2974291,50334,362352
112,24049738796,2984837076,3454110,3084608,50987,369502
113,24342906268,3029257044,3564831,3188678,51638,376153
114,24642339997,3066898586,3662795,3281266,52297,381529
115,24875057945,3155341729,3876438,3482038,53066,394400
116,25169660508,3185128506,3983570,3583175,53725,400395
117,25354142618,3355847150,4402123,3977359,55265,424764
118,25661311758,3385773504,4486784,4057371,55956,429413
119,25959867275,3428534235,4608921,4172908,56715,436013
120,26270529272,3460961634,4703008,4262114,57437,440894
121,26577322928,3495624306,4802276,4356149,58170,446127
122,26878681671,3536601741,4927421,4474955,58931,452466
123,27178658449,3579396769,5062826,4603591,59669,459235
124,27472062167,3611604398,5207501,4741205,60500,466296
125,27695878405,3741743619,5586120,5100824,62005,485296
126,28003967157,3774098523,5693273,5202961,62782,490312
127,28311907267,3813604108,5824031,5327554,63574,496477
128,28609123739,3861675879,5988257,5484498,64504,503759
129,28900415018,3915725347,6167757,5655711,65434,512046
130,29204168826,3959750719,6320774,5801883,66367,518891
131,29512804270,4000173389,6468384,5943290,67297,525094
132,29796176495,4041393283,6686566,6152378,68351,534188
133,30027568016,4174937775,7128397,6574680,70085,553717
134,30330991539,4217922088,7291027,6730786,71129,560241
135,30628349004,4270356517,7484218,6916032,72205,568186
136,30926208113,4323207470,7678321,7102157,73267,576164
137,31235416687,4366215882,7851152,7268324,74308,582828
138,31548955926,4404551770,7999809,7411098,75345,588711
139,31858273661,4445393920,8165178,7570215,76415,594963
140,32169310574,4485858910,8326701,7725507,77512,601194
141,32474984119,4511672095,8494604,7887112,78556,607492
142,32703257973,4642992696,9003386,8376157,80461,627229
143,32998937703,4697781300,9225640,8590117,81642,635523
144,33307040039,4742676931,9417530,8775178,82852,642352
145,33600579212,4802427422,9680569,9028906,84174,651663
146,33915075469,4840775596,9851667,9193844,85236,657823
147,34224486873,4885413303,10046135,9381555,86479,664580
148,34521384653,4941844376,10298959,9625493,87747,673466
149,34810343441,5005790290,10589732,9906492,89111,683240
150,35100458973,5036726111,10817776,10126528,90417,691248
151,35333656235,5170371442,11373843,10662594,92603,711249
152,35628279704,5226144316,11618132,10898173,94057,719959
153,35927934087,5277852158,11856458,11128531,95449,727927
154,36237717485,5325184904,12090925,11355733,96852,735192
155,36531240281,5387485070,12373810,11628971,98286,744839
156,36831215644,5445678936,12649495,11895682,99708,753813
157,37136633573,5497658887,12903748,12141943,101089,761805
158,37436688772,5528301841,13152381,12382686,102505,769695
159,37659661822,5675031762,13826041,13034107,104928,791934
160,37966274463,5726239899,14065956,13266116,106386,799840
161,38275938756,5776989010,14307865,13500189,107794,807676
162,38574781773,5836663373,14600737,13783840,109347,816897
163,38892843197,5878512356,14807355,13983881,110724,823474
164,39216421406,5917882995,15009267,14179522,112090,829745
165,39549460702,5950785386,15169772,14334918,113386,834854
166,39858021474,6004540172,15443994,14600877,114908,843117
167,40170412988,6030448707,15676665,14826671,116456,849994
168,40391243827,6122262608,16423542,15550367,119011,873175
169,40700336631,6154829297,16675710,15794844,120676,880866
170,41012554074,6193443753,16940434,16051655,122326,888779
171,41324540423,6233792755,17212500,16315569,123949,896931
172,41642777031,6274554729,17470031,16565730,125570,904301
173,41973085861,6304100057,17675596,16765836,127176,909760
174,42289818953,6348547586,17941829,17024377,128629,917452
175,42591904512,6394579480,18249780,17323195,130285,926585
176,42835059221,6515827435,18943316,17996105,133048,947211
177,43160038594,6553997112,19158086,18204499,134589,953587
178,43464872209,6611371968,19502821,18539768,136367,963053
179,43782003001,6660829529,19794351,18823273,138076,971078
180,44087564833,6722339161,20136553,19155557,139846,980996
181,44409663387,6767694561,20391923,19403440,141492,988483
182,44743239452,6804816530,20606109,19611607,143052,994502
183,45071381236,6846787798,20860526,19859246,144656,1001280
184,45363618134,6902912785,21262855,20250725,146697,1012130
185,45598983138,7035362435,22024031,20990879,149506,1033152
186,45913501682,7085759040,22337910,21296482,151315,1041428
187,46230189790,7140087858,22659349,21609255,153152,1050094
188,46536001837,7203789889,23031466,21971089,155053,1060377
189,46843851746,7261301897,23393382,22323796,157142,1069586
190,47162647616,7315510908,23715832,22637643,158931,1078189
191,47493111338,7360693556,23986297,22901097,160669,1085200
192,47814693552,7412322647,24302926,23209561,162511,1093365
193,48120278442,7459344646,24700804,23597643,164509,1103161
194,48314117755,7634908023,25699909,24569795,167715,1130114
195,48636480504,7680841228,25988447,24850992,169580,1137455
196,48959123351,7729281899,26310072,25164774,171506,1145298
197,49256556467,7793687493,26703616,25547663,173769,1155953
198,49589393216,7836915563,26968299,25805707,175588,1162592
199,49917265159,7884251572,27269683,26099734,177501,1169949
200,50239865552,7936886729,27600210,26422097,179329,1178113
201,50546496730,7982050797,27987305,26799349,181289,1187956
202,50788078915,8125095419,28842883,27632773,184550,1210110
203,51108441299,8174673026,29166958,27949102,186664,1217856
204,51436442681,8223119238,29478142,28252660,188443,1225482
205,51765016999,8270993886,29799002,28566040,190367,1232962
206,52081499278,8332750641,30202616,28959849,192368,1242767
207,52411678692,8382732040,30513525,29263040,194230,1250485
208,52733739731,8436455132,30835468,29576628,196224,1258840
209,53049219601,8476382177,31231547,29963477,198271,1268070
