BackupID, OnlineSpeed(MB/s), Encalve ProcessTime(s), BackupSize, OnlineSize, OfflineSize, OfflineTime(s)
0, 98.0805, 2.0249, 208250880, 100655456, 100655456, 0.000295
1, 135.522, 1.49696, 212725760, 132196507, 132196507, 0.000295
2, 134.382, 1.55726, 219432960, 159613486, 159613486, 0.000384
3, 140.915, 1.5166, 224092160, 186680336, 186680336, 0.000374
4, 133.43, 1.63072, 228157440, 217923487, 217873414, 0.153063
5, 127.032, 1.75638, 233953280, 252262817, 252262817, 0.000469
6, 124.664, 1.81003, 236605440, 285055658, 285055658, 0.000535
7, 120.458, 1.90119, 240138240, 320901347, 320901347, 0.000617
8, 115.712, 2.03133, 246466560, 358310387, 358299207, 0.098046
9, 130.723, 1.82615, 250316800, 387313141, 387313141, 0.000703
10, 113.352, 2.14039, 254402560, 418204535, 418173878, 0.21743
11, 100.627, 2.49181, 262922240, 454807209, 453247831, 3.27295
12, 92.7716, 2.72111, 264704000, 492470637, 489750931, 4.77843
13, 87.4516, 2.97531, 272834560, 542014118, 536101872, 9.88809
14, 86.3047, 3.14542, 284651520, 590607516, 585233317, 8.55416
15, 85.1219, 3.24431, 289576960, 635361928, 630171050, 7.36293
16, 85.4226, 3.28034, 293826560, 689156149, 684442361, 7.09548
17, 87.4345, 3.38412, 310261760, 748416662, 745195950, 6.89997
18, 84.6242, 3.78858, 336179200, 810549562, 805384765, 8.30773
19, 90.7694, 3.71036, 353146880, 867650208, 862206348, 9.08067
20, 92.6135, 3.76586, 365711360, 919544200, 914376851, 8.93478
21, 92.4992, 3.9425, 382392320, 976471752, 971530897, 8.48159
22, 96.0617, 3.92245, 395100160, 1035678798, 1026117294, 15.9717
23, 92.8769, 4.15526, 404674560, 1083644255, 1075248360, 13.4172
24, 95.1048, 4.14037, 412897280, 1133127733, 1125842069, 12.6297
25, 92.9163, 4.24567, 413655040, 1182114031, 1174265328, 15.5999
26, 90.3115, 4.55498, 431349760, 1241850274, 1232861067, 14.5383
27, 94.8227, 4.43025, 440494080, 1287861069, 1281147059, 12.8875
28, 89.3105, 4.80089, 449597440, 1348985107, 1333149508, 26.5201
29, 92.2559, 4.6619, 450979840, 1389269592, 1381658295, 15.148
30, 71.8056, 6.92707, 521564160, 1563566537, 1554485705, 20.9936
31, 106.017, 4.80473, 534128640, 1612818362, 1611754217, 3.31209
32, 103.127, 5.03038, 543969280, 1667336595, 1666801758, 2.3002
33, 104.924, 4.99737, 549816320, 1720429501, 1718159735, 7.2492
34, 100.706, 5.30367, 560056320, 1774736289, 1772452222, 8.30502
35, 99.537, 5.47574, 571514880, 1834988362, 1830800626, 10.1822
36, 97.4417, 5.66344, 578662400, 1891837689, 1885906065, 12.5522
37, 97.2508, 5.65438, 576604160, 1950975579, 1940582766, 21.5248
38, 96.0366, 5.76379, 580423680, 1999969318, 1990238058, 20.261
39, 92.9271, 5.99806, 584458240, 2055539340, 2044696537, 21.6743
40, 89.4804, 4.84372, 454471680, 2112700740, 2089721243, 47.3145
41, 87.6648, 5.01411, 460912640, 2156799066, 2134994853, 42.4862
42, 88.2298, 5.03789, 466083840, 2191847033, 2176236811, 32.3262
43, 86.3471, 5.21933, 472565760, 2237921831, 2219552873, 41.1977
44, 88.3348, 5.17916, 479723520, 2278290403, 2261470363, 37.5834
45, 87.699, 5.31982, 489205760, 2312852787, 2297665259, 35.0239
46, 89.6706, 5.30729, 499025920, 2354341827, 2336078291, 42.1745
47, 88.0467, 5.47705, 505661440, 2380714593, 2369165448, 30.0048
48, 88.5744, 5.5324, 513832960, 2405882319, 2395142712, 28.4298
49, 90.915, 6.18893, 589998080, 2477884137, 2451090534, 64.7581
50, 75.2138, 9.0418, 713103360, 2674625249, 2653964740, 58.6563
51, 97.4368, 7.06938, 722278400, 2725076263, 2722205964, 10.956
52, 101.123, 7.35354, 779735040, 2803166102, 2800730946, 11.3787
53, 106.681, 7.31279, 818032640, 2873794571, 2868704368, 16.2071
54, 106.159, 7.41189, 825057280, 2946735563, 2938960495, 26.2742
55, 105.134, 7.5685, 834355200, 3021124863, 3007880627, 31.8582
56, 105.473, 7.55849, 835942400, 3085404751, 3074711594, 27.7204
57, 108.845, 7.30565, 833812480, 3154009006, 3143275502, 26.7387
58, 106.641, 7.42197, 829931520, 3222373309, 3205956403, 35.8721
59, 104.437, 7.66563, 839464960, 3290140770, 3272499091, 40.6488
60, 91.9132, 6.18323, 595927040, 3369964446, 3323331722, 102.019
61, 101.022, 8.06929, 854773760, 3410325324, 3390952981, 43.2333
62, 86.9662, 6.91911, 630958080, 3465911635, 3440785563, 61.3364
63, 92.1988, 6.62863, 640839680, 3507068283, 3485788607, 55.2234
64, 92.5587, 6.68031, 648355840, 3553304138, 3530647365, 59.1635
65, 91.4067, 6.86567, 658053120, 3594010920, 3571127629, 54.1606
66, 91.8423, 6.91775, 666204160, 3640283598, 3615328840, 64.0151
67, 92.5571, 6.97532, 676976640, 3676011539, 3653418495, 62.5825
68, 93.08, 7.03853, 686970880, 3711529107, 3690532009, 53.6485
69, 95.0249, 6.9809, 695582720, 3731863413, 3720246753, 33.4685
70, 102.397, 8.04034, 863303680, 3831262386, 3798956651, 83.7104
71, 85.8442, 11.3232, 1019248640, 4091876710, 4073530650, 83.5684
72, 120.445, 8.42642, 1064222720, 4151830853, 4151203726, 5.42481
73, 126.041, 8.09847, 1070325760, 4221032360, 4218153788, 13.7013
74, 120.327, 8.6532, 1091788800, 4295674415, 4291000627, 16.7659
75, 102.096, 8.1421, 871659520, 4386948333, 4350344157, 79.437
76, 97.9911, 8.47903, 871229440, 4446932867, 4425520658, 60.0618
77, 105.682, 8.24197, 913336320, 4502694415, 4484524992, 45.5042
78, 106.406, 8.40815, 938137600, 4555196784, 4539108473, 42.7824
79, 105.383, 8.57619, 947691520, 4612029476, 4592635669, 46.6965
80, 109.711, 8.32415, 957614080, 4657898769, 4640019839, 42.8112
81, 108.119, 8.51868, 965775360, 4702005729, 4684490088, 44.9215
82, 108.587, 8.64101, 983879680, 4750858723, 4729509502, 49.193
83, 81.8917, 11.7738, 1011015680, 4926793268, 4924886771, 14.5112
84, 118.21, 8.22599, 1019627520, 4986338559, 4986338559, 0.008712
85, 131.877, 7.36821, 1018900480, 5013713920, 5013713920, 0.008595
86, 130.167, 7.46542, 1018951680, 5038403257, 5037791113, 2.33368
87, 128.009, 7.5921, 1019064320, 5059981868, 5059510965, 3.00779
88, 125.67, 7.73395, 1019136000, 5081290224, 5079895876, 5.77657
89, 121.276, 8.01468, 1019207680, 5100982770, 5100207329, 4.17883
90, 119.476, 8.13557, 1019217920, 5121016729, 5118466461, 8.9511
91, 115.415, 8.42196, 1019238400, 5142358659, 5136934985, 19.1016
92, 108.94, 9.3136, 1063905280, 5185508348, 5177126591, 27.9936
93, 118.033, 8.59605, 1063905280, 5202434597, 5195015080, 24.7873
94, 116.097, 8.7398, 1063956480, 5221062926, 5210512111, 32.3659
95, 115.172, 8.81081, 1064048640, 5238293337, 5224959236, 37.7888
96, 112.636, 9.00943, 1064079360, 5256815198, 5239346941, 49.5463
97, 112.709, 9.00399, 1064130560, 5266006215, 5250685053, 44.6959
98, 111.385, 9.11161, 1064192000, 5277454176, 5260545039, 47.7804
99, 111.824, 9.07598, 1064212480, 5292794144, 5281023751, 56.5015
100, 103.877, 9.82409, 1070069760, 5337268368, 5321728597, 67.5576
101, 114.366, 8.92345, 1070110720, 5356776543, 5338196776, 63.1435
102, 113.523, 8.99024, 1070172160, 5370557441, 5351895567, 62.5176
103, 113.695, 8.9767, 1070182400, 5389582097, 5362691096, 87.544
104, 112.34, 9.08555, 1070254080, 5395798450, 5374488303, 75.6949
105, 111.556, 9.14954, 1070264320, 5401970021, 5384286857, 67.2511
106, 112.179, 9.09907, 1070305280, 5414185933, 5396139808, 67.9964
107, 109.015, 9.36325, 1070315520, 5420289512, 5405572667, 57.4754
108, 107.77, 9.47143, 1070315520, 5436252175, 5425831428, 75.0581
109, 104.414, 9.96901, 1091471360, 5488130810, 5461047309, 113.911
110, 111.75, 9.3149, 1091502080, 5491028199, 5474879935, 69.6837
111, 109.703, 9.48893, 1091532800, 5508454171, 5486337039, 93.1522
112, 110.328, 9.43625, 1091655680, 5519122091, 5496915397, 97.4446
113, 108.699, 9.57797, 1091686400, 5527744706, 5507325256, 88.7653
114, 106.214, 9.80233, 1091717120, 5535564379, 5517760288, 80.1263
115, 108.465, 9.59933, 1091768320, 5576405775, 5535290308, 162.291
116, 108.092, 9.63257, 1091778560, 5567412820, 5558914951, 85.5999
117, 107.718, 9.97388, 1126553600, 5693886315, 5617176680, 323.237
118, 113.536, 9.46276, 1126553600, 5644374016, 5631416925, 72.3177
119, 113.316, 9.4815, 1126594560, 5661849394, 5642844952, 99.4405
120, 111.741, 9.61568, 1126656000, 5668048121, 5653364165, 79.3064
121, 113.41, 9.47447, 1126696960, 5680018602, 5664203189, 84.2862
122, 111.055, 9.6756, 1126717440, 5692804769, 5674896401, 101.445
123, 108.756, 9.88023, 1126727680, 5703814528, 5685307965, 110.14
124, 107.747, 9.97286, 1126737920, 5720938216, 5713689010, 118.126
125, 103.324, 10.4923, 1136762880, 5821862861, 5763869022, 294.84
126, 114.908, 9.43483, 1136803840, 5791755294, 5777296927, 84.4269
127, 112.636, 9.62559, 1136855040, 5805458931, 5788086025, 106.615
128, 111.88, 9.69112, 1136906240, 5821816618, 5799776667, 131.457
129, 109.017, 9.94589, 1136936960, 5834401663, 5810404716, 143.85
130, 105.445, 10.2832, 1136977920, 5839619231, 5820293570, 123.565
131, 106.441, 10.1872, 1137008640, 5847732527, 5829586030, 117.573
132, 108.024, 10.038, 1137018880, 5870460814, 5862281124, 162.246
133, 102.937, 10.6713, 1151825920, 5974001880, 5914211510, 324.536
134, 112.201, 9.79064, 1151877120, 5946382996, 5927064015, 124.954
135, 110.804, 9.9137, 1151836160, 5961599936, 5937950324, 151.688
136, 111.333, 9.86706, 1151887360, 5972068436, 5948377580, 152.515
137, 109.399, 10.042, 1151948800, 5977901157, 5958959634, 134.04
138, 110.263, 9.9636, 1151979520, 5985553324, 5968469000, 119.993
139, 106.3, 10.3352, 1152000000, 5996626014, 5978511121, 127.37
140, 105.466, 10.4172, 1152020480, 6005190391, 5987405472, 122.917
141, 97.9107, 11.2211, 1152030720, 6019287009, 6016321591, 132.369
142, 102.682, 10.7699, 1159598080, 6125463443, 6068585518, 369.549
143, 109.348, 10.1141, 1159680000, 6105730637, 6080995309, 160.281
144, 107.096, 10.3274, 1159751680, 6112373062, 6091974143, 142.63
145, 108.888, 10.1576, 1159772160, 6129159632, 6102709749, 200.925
146, 107.419, 10.2967, 1159792640, 6130882834, 6114154436, 130.455
147, 104.937, 10.5406, 1159823360, 6143892913, 6124297027, 151.979
148, 106.499, 10.3862, 1159854080, 6159371140, 6135066343, 185.963
149, 106.301, 10.4061, 1159915520, 6173706412, 6145497890, 217.66
150, 105.094, 10.5256, 1159915520, 6185508785, 6183181918, 169.578
151, 103.901, 11.1529, 1215088640, 6302012868, 6244116107, 382.74
152, 113.767, 10.186, 1215119360, 6285570620, 6261112901, 183.836
153, 108.812, 10.65, 1215139840, 6297440100, 6274780073, 182.129
154, 109.625, 10.5712, 1215160320, 6305765324, 6285423631, 176.473
155, 110.457, 10.4918, 1215191040, 6324550297, 6297371445, 204.481
156, 108.809, 10.651, 1215221760, 6332831640, 6307188842, 200.013
157, 107.396, 10.7914, 1215252480, 6339795118, 6316945571, 190.115
158, 108.524, 10.6795, 1215283200, 6354673474, 6352822780, 187.872
159, 105.872, 11.4306, 1268971520, 6480997175, 6418452105, 479.112
160, 116.126, 10.4217, 1269022720, 6454294048, 6431297568, 186.729
161, 114.531, 10.5671, 1269053440, 6464891210, 6442334745, 187.63
162, 113.745, 10.6407, 1269114880, 6481708096, 6455350267, 217.096
163, 111.127, 10.8916, 1269145600, 6485264932, 6467129991, 163.801
164, 113.385, 10.675, 1269186560, 6494813325, 6477766819, 158.296
165, 110.344, 10.9698, 1269258240, 6501481365, 6486997042, 124.842
166, 112.951, 10.717, 1269299200, 6520631593, 6497662119, 204.184
167, 108.983, 11.1072, 1269299200, 6532128157, 6531387973, 180.046
168, 102.759, 12.4376, 1340149760, 6665745766, 6662132823, 516.183
169, 118.147, 10.8185, 1340262400, 6701066405, 6696280777, 187.588
170, 118.506, 10.7861, 1340303360, 6732985760, 6722986282, 204.584
171, 115.198, 11.0962, 1340344320, 6759352785, 6748185753, 206.699
172, 115.069, 11.1088, 1340375040, 6781541642, 6767769453, 199.171
173, 113.838, 11.2289, 1340375040, 6795148026, 6785646969, 161.443
174, 113.433, 11.2692, 1340395520, 6819617807, 6802924552, 197.273
175, 112.683, 11.3444, 1340416000, 6845064608, 6831594897, 232.596
176, 110.786, 11.6899, 1357977600, 6947308636, 6904173369, 491.721
177, 117.458, 11.026, 1358008320, 6936990498, 6921589700, 162.919
178, 117.765, 10.9978, 1358080000, 6962178038, 6939645407, 248.14
179, 114.283, 11.3336, 1358151680, 6974702377, 6954629953, 210.949
180, 115.668, 11.1983, 1358202880, 6994930538, 6969352548, 245.744
181, 114.266, 11.3361, 1358243840, 7001825837, 6983730564, 196.325
182, 112.36, 11.5286, 1358274560, 7011717272, 6995988823, 166.496
183, 113.299, 11.4332, 1358295040, 7025092744, 7007876733, 195.97
184, 114.65, 11.2988, 1358325760, 7055690046, 7039492977, 299.127
185, 107.204, 12.1948, 1370839040, 7161805209, 7109057776, 527.311
186, 118.348, 11.0466, 1370859520, 7146714638, 7125603893, 230.654
187, 116.968, 11.1781, 1370992640, 7161987708, 7138985704, 249.424
188, 114.792, 11.3902, 1371013120, 7179872885, 7154082763, 268.464
189, 113.024, 11.5687, 1371054080, 7195493427, 7171740904, 265.957
190, 114.344, 11.4353, 1371084800, 7206503582, 7183639846, 242.251
191, 110.311, 11.8539, 1371125760, 7214172916, 7194896170, 196.392
192, 112.853, 11.5871, 1371156480, 7229360111, 7207132738, 237.66
193, 111.782, 11.6982, 1371176960, 7250381130, 7238844199, 285.425
194, 113.233, 11.596, 1376829440, 7375961141, 7302944316, 690.402
195, 115.552, 11.3513, 1375375360, 7337360145, 7317760110, 204.547
196, 115.016, 11.4043, 1375395840, 7352807254, 7332772986, 236.736
197, 114.792, 11.4273, 1375488000, 7382543044, 7358355809, 281.166
198, 113.102, 11.5983, 1375508480, 7387378490, 7368769738, 199.672
199, 113.076, 11.6012, 1375539200, 7401015946, 7380134177, 218.394
200, 112.407, 11.6706, 1375580160, 7413941635, 7391160812, 241.802
201, 110.824, 11.8374, 1375590400, 7433808447, 7424249878, 276.556
202, 106.981, 12.4608, 1397831680, 7544363150, 7484734843, 598.988
203, 117.976, 11.2997, 1397852160, 7521377163, 7500190960, 231.545
204, 114.323, 11.6613, 1397913600, 7534545485, 7513177616, 225.148
205, 114.389, 11.655, 1397964800, 7546485371, 7525581977, 242.475
206, 114.795, 11.6142, 1398016000, 7563923281, 7538046195, 298.868
207, 112.621, 11.8388, 1398056960, 7569943102, 7548926434, 232.134
208, 112.647, 11.8364, 1398097920, 7584981886, 7561446359, 229.099
209, 111.585, 11.9495, 1398149120, 7602566543, 7596253451, 287.014
