Backup ID, Ecall, Inline_Ocall, Offline_Ocall, _Inline_FPOcall, _Inline_SFOcall, _Inline_LocalOcall, _Inline_LoadOcall, _Inline_DeltaOcall, _Inline_RecipeOcall, _Inline_Write_ContainerOcall, _inline_have_similar_chunk_num, _inline_need_load_container_num
0,195,637,5,193,193,0,34,193,24,27,64,33,
1,394,1283,10,390,390,0,65,390,48,36,8227,276,
2,599,1957,15,593,593,0,105,593,73,45,17259,727,
3,808,2649,20,800,800,0,151,800,98,54,26191,1378,
4,1020,3368,12075,1010,1010,1,214,1009,124,64,35360,2240,
5,1238,4115,12080,1226,1226,1,287,1225,150,74,44773,3288,
6,1458,4872,12085,1444,1444,1,363,1443,177,84,54758,4548,
7,1681,5662,12090,1665,1665,1,463,1664,204,95,64857,6001,
8,1910,6489,20953,1892,1892,2,581,1890,232,106,75795,7643,
9,2141,7368,20958,2121,2121,2,745,2119,260,115,86901,9422,
10,2377,8387,43599,2355,2355,3,1033,2352,289,124,98168,11418,
11,2620,9688,212050,2596,2596,10,1581,2586,319,135,109398,13621,
12,2865,11177,412033,2839,2839,21,2311,2818,349,146,120525,15926,
13,3117,12731,643674,3089,3089,47,3084,3042,380,161,132127,18377,
14,3379,14377,906577,3349,3349,72,3918,3277,412,176,143290,20812,
15,3646,16111,1178127,3614,3614,96,4824,3518,445,190,155437,23271,
16,3917,17853,1465101,3883,3883,118,5726,3765,478,207,166052,25621,
17,4216,19705,1754807,4180,4180,134,6650,4046,515,225,176215,28003,
18,4526,21723,2082814,4488,4488,161,7706,4327,553,243,188972,30608,
19,4851,23761,2451201,4811,4811,185,8735,4626,593,260,202976,33288,
20,5187,25820,2822373,5145,5145,208,9751,4937,634,277,217913,36051,
21,5539,27950,3203855,5495,5495,227,10788,5268,677,295,233546,38956,
22,5903,30095,3671592,5857,5857,268,11802,5589,722,314,250164,42081,
23,6275,32381,4141444,6227,6227,303,12932,5924,768,331,267826,45334,
24,6655,34678,4617899,6605,6605,335,14048,6270,815,348,285835,48620,
25,7037,37022,5139661,6985,6985,368,15205,6617,862,364,303936,51971,
26,7435,39533,5673356,7381,7381,408,16479,6973,911,383,322235,55487,
27,7841,42101,6209568,7785,7785,435,17785,7350,961,399,341330,58973,
28,8256,44771,6867670,8198,8198,501,19165,7697,1012,418,361702,62914,
29,8672,47432,7459024,8612,8612,536,20533,8076,1063,434,381585,66540,
30,9153,50744,8142028,9091,9091,608,22349,8483,1122,482,393451,70679,
31,9644,53434,8400739,9580,9580,612,23511,8968,1183,499,415442,73335,
32,10144,56162,8635485,10078,10078,614,24683,9464,1245,516,438394,76296,
33,10650,59025,9110653,10582,10582,624,25972,9958,1307,532,462646,79745,
34,11165,62012,9609550,11095,11095,634,27356,10461,1371,549,487204,83537,
35,11691,65076,10189236,11619,11619,650,28783,10969,1436,567,512143,87673,
36,12223,68293,10853162,12149,12149,674,30344,11475,1502,585,537482,92163,
37,12754,71509,11669691,12678,12678,716,31907,11962,1568,604,562939,96897,
38,13288,74831,12453128,13210,13210,753,33567,12457,1634,622,589731,101728,
39,13825,78364,13320587,13745,13745,798,35429,12947,1700,641,615742,106751,
40,14245,81179,14432518,14163,14163,901,36938,13262,1752,660,636653,111091,
41,14670,84108,15532550,14586,14586,1001,38546,13585,1804,679,657941,115410,
42,15100,87172,16587793,15014,15014,1070,40273,13944,1857,696,679693,119573,
43,15537,90303,17730106,15449,15449,1151,42045,14298,1911,714,701842,123918,
44,15980,93428,18793692,15890,15890,1222,43792,14668,1966,731,724120,128163,
45,16431,96690,19884963,16339,16339,1283,45651,15056,2022,746,747045,132470,
46,16891,99938,21090654,16797,16797,1363,47468,15434,2079,762,770534,136955,
47,17357,103383,22111036,17261,17261,1409,49464,15852,2136,776,794820,141241,
48,17830,106857,23159812,17732,17732,1450,51467,16282,2194,788,819445,145450,
49,18373,110564,24537656,18273,18273,1576,53484,16697,2261,812,845670,151161,
50,19025,115094,26023258,18923,18923,1730,55983,17193,2342,871,865340,157452,
51,19685,119143,26781305,19581,19581,1743,57976,17838,2424,892,895568,161608,
52,20394,123590,27556203,20288,20288,1758,60214,18530,2512,916,926655,166218,
53,21133,128048,28547310,21025,21025,1781,62369,19244,2604,938,959591,171325,
54,21878,132524,29750308,21768,21768,1819,64524,19949,2696,961,991492,176827,
55,22631,137049,31028739,22518,22518,1877,66705,20642,2789,985,1025398,182788,
56,23385,141505,32215583,23259,23259,1924,68834,21347,2882,1008,1058996,188818,
57,24136,145965,33429098,23981,23981,1973,71008,22047,2975,1031,1091716,194946,
58,24884,150535,34801224,24697,24697,2039,73307,22727,3068,1054,1125008,201342,
59,25641,155207,36268218,25423,25423,2118,75678,23403,3162,1079,1158304,207885,
60,26189,158825,38181920,25969,25969,2324,77590,23743,3230,1106,1186380,214027,
61,26958,163703,39715201,26706,26706,2410,80132,24424,3325,1131,1219976,220766,
62,27537,167972,41477264,27282,27282,2520,82600,24891,3397,1153,1248595,226430,
63,28125,172212,43208150,27867,27867,2612,85011,25385,3470,1173,1277538,231970,
64,28720,176536,44983349,28459,28459,2706,87484,25884,3544,1193,1307371,237628,
65,29322,180925,46564263,29058,29058,2800,90001,26390,3618,1212,1337866,243302,
66,29932,185379,48334843,29665,29665,2902,92558,26896,3693,1232,1368570,249116,
67,30551,189941,50032622,30281,30281,2990,95194,27425,3770,1250,1400096,254890,
68,31180,194535,51651193,30907,30907,3075,97831,27967,3848,1267,1431639,260611,
69,31816,199222,52952621,31540,31540,3117,100539,28559,3927,1280,1463626,265965,
70,32593,204247,54975859,32281,32281,3294,103211,29157,4023,1311,1496671,273454,
71,33504,210255,57353192,33160,33160,3554,106439,29806,4136,1388,1521016,282086,
72,34451,215469,57900633,34073,34073,3559,108764,30746,4254,1412,1557932,286830,
73,35404,220634,58955288,34991,34991,3574,111024,31682,4372,1434,1595711,292077,
74,36375,226016,60205365,35925,35925,3597,113448,32628,4493,1457,1634876,297973,
75,37160,231216,62333801,36671,36671,3759,116276,33249,4590,1484,1670672,305406,
76,37943,236563,64371163,37416,37416,3880,119255,33909,4687,1512,1703834,312369,
77,38761,241928,66200643,38194,38194,3969,122147,34636,4788,1535,1739443,319032,
78,39600,247433,67914137,38994,38994,4046,125111,35396,4892,1556,1776120,325827,
79,40450,252988,69706829,39802,39802,4131,128097,36159,4997,1578,1813272,332805,
80,41308,258483,71394411,40608,40608,4214,131018,36932,5103,1598,1851141,339688,
81,42173,264121,73060915,41412,41412,4281,134078,37728,5210,1617,1889539,346561,
82,43055,269770,74910332,42235,42235,4368,137092,38521,5319,1637,1928890,353495,
83,44077,277463,76407005,43195,43195,4414,141718,39495,5446,1690,1939044,360216,
84,45108,283364,76407010,44161,44161,4414,144530,40524,5574,1709,1975921,364873,
85,46138,288852,76407015,45122,45122,4414,146940,41552,5702,1720,2019102,369709,
86,47168,294446,76642778,46083,46083,4418,149456,42576,5830,1730,2063464,375239,
87,48199,300171,76969849,47046,47046,4421,152098,43602,5958,1740,2108752,381268,
88,49230,306017,77530154,48006,48006,4429,154867,44623,6086,1750,2154547,387838,
89,50261,312056,77963263,48964,48964,4434,157833,45647,6214,1760,2200272,394554,
90,51292,318272,78632701,49922,49922,4445,160976,46665,6342,1770,2246579,401671,
91,52323,324640,79706862,50878,50878,4471,164275,47668,6470,1780,2293437,409094,
92,53391,331651,81180796,51875,51875,4515,168093,48690,6603,1797,2337077,417036,
93,54459,338175,82544097,52871,52871,4547,171426,49724,6736,1808,2383778,424594,
94,55527,344828,84055556,53869,53869,4591,174884,50746,6869,1819,2430895,432549,
95,56595,351580,85519449,54862,54862,4648,178451,51755,7002,1830,2478022,440632,
96,57663,358511,87163383,55853,55853,4719,182201,52750,7135,1842,2524551,448984,
97,58731,365378,88717719,56839,56839,4778,185897,53757,7268,1853,2572175,457111,
98,59799,372365,90355308,57826,57826,4845,189711,54756,7401,1864,2619983,465408,
99,60868,379359,92351561,58809,58809,4917,193539,55751,7534,1877,2667310,473782,
100,61942,386648,94265469,59794,59794,5014,197653,56726,7667,1895,2711929,482354,
101,63016,393565,96148465,60775,60775,5097,201403,57715,7800,1908,2758556,490766,
102,64090,400529,97830867,61756,61756,5180,205200,58704,7933,1920,2806141,499142,
103,65164,407381,99895386,62736,62736,5295,208887,59661,8066,1934,2853998,507675,
104,66238,414514,101880214,63716,63716,5388,212855,60640,8199,1947,2901682,516169,
105,67312,421701,103673900,64696,64696,5462,216877,61638,8332,1958,2949988,524528,
106,68386,428884,105415020,65676,65676,5538,220895,62634,8465,1970,2997536,532785,
107,69460,436291,107093342,66656,66656,5601,225137,63643,8598,1980,3046039,541032,
108,70534,443773,109026133,67636,67636,5681,229454,64635,8731,1992,3094491,549402,
109,71627,451418,111482429,68637,68637,5819,233870,65588,8867,2012,3140095,558460,
110,72720,458817,113316856,69638,69638,5890,238040,66608,9003,2024,3188108,566909,
111,73813,466366,115612254,70638,70638,5984,242362,67605,9139,2037,3236615,575674,
112,74906,473850,117920712,71637,71637,6086,246621,68594,9275,2050,3285456,584367,
113,75999,481440,120179983,72636,72636,6181,250986,69590,9411,2062,3334170,592990,
114,77092,489183,122465594,73635,73635,6262,255504,70600,9547,2074,3382736,601572,
115,78186,496717,125337640,74636,74636,6478,259808,71476,9683,2093,3428943,611254,
116,79279,504304,127653561,75635,75635,6558,264170,72487,9819,2106,3477704,619530,
117,80400,511266,132337912,76661,76661,6963,267822,73201,9958,2143,3527825,630804,
118,81521,518688,134597159,77687,77687,7022,271934,74261,10097,2154,3576266,638660,
119,82642,526070,137098403,78714,78714,7107,276004,75295,10236,2166,3625352,646889,
120,83763,533619,139482033,79740,79740,7170,280243,76351,10375,2177,3674748,655026,
121,84884,541004,141910031,80760,80760,7240,284330,77400,10514,2188,3723856,663037,
122,86005,548609,144486474,81782,81782,7323,288633,78436,10653,2200,3773285,671280,
123,87126,556311,147022170,82804,82804,7408,293033,79470,10792,2212,3822771,679642,
124,88248,564129,149799551,83826,83826,7502,297548,80496,10931,2225,3872237,688153,
125,89380,571670,154402228,84860,84860,7810,301750,81318,11072,2256,3922618,698680,
126,90512,579122,156935798,85892,85892,7873,305867,82385,11213,2268,3971625,706625,
127,91644,586688,159614506,86924,86924,7948,310098,83440,11354,2280,4021678,714841,
128,92776,594276,162656647,87953,87953,8050,314357,84468,11495,2293,4071450,723284,
129,93908,602050,165745397,88981,88981,8158,318804,85490,11636,2305,4121170,731986,
130,95040,609951,168819945,90007,90007,8245,323382,86533,11777,2317,4171302,740543,
131,96172,617907,171870486,91028,91028,8325,328025,87583,11918,2329,4221670,749031,
132,97304,625712,175348211,92049,92049,8449,332517,88589,12059,2343,4271691,757819,
133,98451,633332,180598215,93087,93087,8760,336773,89423,12202,2375,4323295,768591,
134,99598,640944,183836593,94125,94125,8849,341021,90479,12345,2388,4373142,777031,
135,100745,648663,187319132,95161,95161,8951,345380,91522,12488,2401,4423383,785671,
136,101892,656329,190733416,96197,96197,9054,349686,92564,12631,2414,4473960,794284,
137,103040,664201,194025221,97236,97236,9145,354191,93619,12774,2426,4524760,802906,
138,104187,672012,197276705,98272,98272,9220,358642,94689,12917,2437,4575510,811273,
139,105334,680093,200710879,99309,99309,9300,363361,95754,13060,2449,4625981,819895,
140,106481,688269,204162256,100345,100345,9380,368177,96819,13203,2460,4676663,828508,
141,107628,696429,207546734,101382,101382,9462,372975,97882,13346,2473,4727264,837121,
142,108784,704116,213364003,102429,102429,9768,377270,98730,13490,2505,4778728,847741,
143,109940,712002,217113785,103477,103477,9876,381762,99776,13634,2518,4828912,856410,
144,111096,720066,220893389,104523,104523,9964,386436,100842,13778,2530,4879688,865113,
145,112252,728027,225049375,105569,105569,10085,391007,101875,13922,2543,4930676,874094,
146,113408,736199,228471755,106615,106615,10161,395789,102953,14066,2555,4981746,882762,
147,114564,744543,232316194,107660,107660,10253,400745,104015,14210,2567,5032746,891643,
148,115720,752642,236335741,108704,108704,10373,405458,105049,14354,2580,5083791,900561,
149,116876,760798,240696518,109750,109750,10507,410224,106069,14498,2594,5134733,909687,
150,118032,769078,244824675,110792,110792,10615,415122,107115,14642,2608,5184553,918677,
151,119233,777224,251261830,111883,111883,10936,419738,107993,14791,2642,5237123,929772,
152,120434,785237,255740480,112973,112973,11053,424223,109075,14940,2657,5287614,938681,
153,121635,793599,259946945,114063,114063,11161,429057,110166,15089,2671,5338393,947831,
154,122836,801850,264168116,115153,115153,11259,433780,111267,15238,2683,5390092,956803,
155,124037,810040,268576202,116243,116243,11389,438442,112336,15387,2697,5441559,966000,
156,125238,818382,273006311,117330,117330,11508,443262,113416,15536,2710,5493315,975184,
157,126439,826781,277315962,118416,118416,11613,448141,114510,15685,2723,5544891,984145,
158,127640,835162,281616934,119504,119504,11721,452998,115601,15834,2737,5596281,993097,
159,128885,843179,288791619,120636,120636,12074,457353,116491,15989,2773,5649247,1004602,
160,130130,851363,293142411,121763,121763,12172,461885,117636,16144,2787,5700780,1013427,
161,131375,859701,297417747,122894,122894,12272,466563,118779,16299,2800,5752781,1022497,
162,132620,868089,302130501,124025,124025,12400,471291,119894,16454,2815,5804615,1031851,
163,133865,876626,306358643,125153,125153,12488,476174,121049,16609,2827,5856685,1040958,
164,135110,885130,310552288,126283,126283,12567,481020,122213,16764,2839,5909279,1049811,
165,136355,893750,314447080,127409,127409,12634,485990,123389,16919,2850,5962103,1058650,
166,137600,902302,319147853,128535,128535,12744,490892,124522,17074,2863,6014539,1067834,
167,138845,911058,323782881,129657,129657,12837,496006,125672,17229,2876,6066744,1076984,
168,140147,919837,331455492,130838,130838,13200,500961,126609,17391,2913,6121095,1088683,
169,141449,928413,336250442,132011,132011,13302,505729,127807,17553,2927,6173089,1097739,
170,142751,936964,341107796,133179,133179,13404,510482,129005,17715,2940,6225791,1106840,
171,144054,945690,345939181,134347,134347,13514,515409,130196,17877,2953,6278708,1116186,
172,145357,954512,350724672,135515,135515,13618,520432,131393,18039,2966,6331917,1125530,
173,146659,963455,355365639,136681,136681,13693,525581,132618,18201,2977,6385122,1134613,
174,147962,972397,359963094,137847,137847,13791,530728,133821,18363,2990,6438198,1143931,
175,149265,981300,365011562,139013,139013,13907,535836,135006,18525,3005,6490907,1153327,
176,150584,989870,372860264,140193,140193,14241,540565,135989,18689,3038,6545628,1164884,
177,151903,998512,377508966,141373,141373,14324,545366,137223,18853,3050,6598576,1173696,
178,153222,1007173,382807750,142547,142547,14450,550198,138414,19017,3065,6651561,1183103,
179,154541,1016080,387875285,143714,143714,14553,555290,139628,19181,3078,6705044,1192465,
180,155861,1024845,393230292,144881,144881,14686,560239,140813,19345,3093,6758471,1201961,
181,157180,1033852,398146544,146043,146043,14786,565441,142030,19509,3106,6812092,1211293,
182,158499,1042980,402759185,147203,147203,14868,570768,143265,19673,3117,6866025,1220522,
183,159819,1052003,407602716,148363,148363,14957,575989,144494,19837,3129,6919903,1229794,
184,161139,1060868,413527664,149519,149519,15114,581060,145655,20001,3145,6972983,1239699,
185,162471,1069384,421645177,150690,150690,15448,585738,146651,20167,3180,7026767,1251173,
186,163803,1078140,426920254,151861,151861,15552,590656,147877,20333,3194,7079840,1260422,
187,165135,1086909,432296042,153032,153032,15665,595587,149094,20499,3208,7133765,1269901,
188,166467,1095727,437996724,154200,154200,15796,600573,150293,20665,3223,7187609,1279619,
189,167799,1104772,443839075,155363,155363,15927,605796,151492,20831,3238,7240905,1289467,
190,169131,1113713,449174744,156521,156521,16037,610925,152712,20997,3251,7295052,1298985,
191,170463,1122768,454305460,157678,157678,16133,616170,153946,21163,3263,7349540,1308533,
192,171795,1131765,459775048,158833,158833,16244,621361,155165,21329,3276,7403724,1318120,
193,173127,1140849,465670260,159982,159982,16373,626651,156366,21495,3291,7457681,1327960,
194,174465,1148898,475087786,161134,161134,16810,630894,157265,21661,3329,7511424,1340351,
195,175801,1157664,480424027,162282,162282,16907,635864,158502,21827,3342,7564749,1349664,
196,177137,1166482,486046747,163429,163429,17011,640888,159732,21993,3355,7618661,1359180,
197,178474,1175248,492300565,164578,164578,17170,645855,160908,22159,3372,7671801,1369178,
198,179810,1184209,497529234,165722,165722,17260,651028,162152,22325,3384,7726248,1378631,
199,181146,1193204,503059434,166868,166868,17362,656231,163384,22491,3397,7780666,1388177,
200,182482,1202260,508659544,168014,168014,17468,661495,164612,22657,3410,7835019,1397794,
201,183818,1211402,514516729,169159,169159,17594,666847,165820,22823,3425,7889067,1407545,
202,185174,1220096,523582605,170330,170330,17942,671676,166826,22992,3459,7944646,1419517,
203,186530,1228950,529521921,171498,171498,18050,676671,168072,23161,3473,7998040,1428941,
204,187886,1238039,534964755,172668,172668,18148,681897,169328,23330,3486,8052394,1438490,
205,189242,1247200,540617453,173836,173836,18245,687199,170585,23499,3499,8106899,1448100,
206,190598,1256276,546630401,175004,175004,18371,692416,171813,23668,3513,8161811,1457919,
207,191954,1265538,552125418,176171,176171,18477,697821,173061,23837,3526,8216921,1467681,
208,193310,1274830,557888222,177339,177339,18591,703254,174301,24006,3540,8271265,1477448,
209,194667,1284132,563935117,178509,178509,18708,708692,175539,24175,3555,8326098,1487361,
