Backup ID, Logical chunk num, Unique chunk num, Base chunk num, Delta chunk num, Logical chunk size, Unique chunk size, Base chunk size, Delta chunk size, LZ4_save size, Delta_save size, 
0,349658,181563,79404,102159,2869463040,1586581660,350097602,85363099,325352748,825768211
1,700527,225166,88412,136754,5748879360,2005085802,388843325,120570696,359054395,1136617386
2,1048641,266111,93404,172707,8606402560,2401076896,408588138,148488686,378165746,1465834326
3,1400928,309641,103685,205956,11506227200,2823542516,453940495,185020425,412052647,1772528949
4,1749773,350273,108169,242104,14379182080,3221877633,471393034,216906317,428468869,2105109413
5,2102412,391624,112499,279125,17284945920,3626123370,488071919,250382638,444804118,2442864695
6,2454706,434179,116852,317327,20191088640,4041790630,504823358,284218150,460974330,2791774792
7,2812109,475940,126245,349695,23129180160,4435403046,541628480,312657176,493314845,3087802545
8,3167314,516183,130937,385246,26049710080,4815972298,561409630,340697436,511192524,3402672708
9,3522400,556670,135313,421357,28969748480,5198324110,579179052,377511391,527728873,3713904794
10,3874982,595347,138495,456852,31867842560,5565605388,592516008,413097251,539925881,4020066248
11,4227381,634533,142410,492123,34764001280,5937267741,610339144,436479882,555705700,4334743015
12,4585507,676861,146796,530065,37705349120,6332317969,627983193,469872771,571178917,4663283088
13,4940662,717180,150326,566854,40626268160,6713959396,642463403,501035284,584507214,4985953495
14,5298219,756126,153007,603119,43568435200,7082753289,653217980,523666183,594413254,5311455872
15,5655036,794396,155491,638905,46505267200,7445443641,663603941,546858210,604019053,5630962437
16,6017260,834554,160241,674313,49483950080,7823476615,682449619,578509931,621294005,5941223060
17,6381829,874758,163981,710777,52483553280,8201432140,696987142,606477153,634872422,6263095423
18,6746630,914145,166754,747391,55485675520,8572341154,708538648,631439074,645686588,6586676844
19,7108426,954067,170594,783473,58467983360,8948973987,725039750,657842609,660357773,6905733855
20,7464498,993174,173254,819920,61400565760,9319044274,735244130,687813217,670212087,7225774840
21,7815621,1032218,176903,855315,64291246080,9690481972,749790984,729753952,683606302,7527330734
22,8163270,1070694,179282,891412,67153766400,10057353438,759396732,761313223,692903401,7843740082
23,8509462,1109121,181922,927199,70005688320,10423757412,770367197,776186401,703282558,8173921256
24,8857126,1147034,184142,962892,72872611840,10785938053,779751764,799558504,711887966,8494739819
25,9205823,1184724,185977,998747,75747768320,11145427019,787083099,841914959,718735897,8797693064
26,9553238,1223126,188348,1034778,78613667840,11511966758,796849304,877069233,727937563,9110110658
27,9900471,1260887,190626,1070261,81478348800,11872768927,806349844,895254071,737045414,9434119598
28,10248239,1299161,192690,1106471,84350238720,12237946237,814251780,926391049,744769015,9752534393
29,10596588,1337206,195003,1142203,87226378240,12600596594,823959934,933577690,753835222,10089223748
30,10946481,1375853,197326,1178527,90117150720,12968055455,833357233,950861590,762787586,10421049046
31,11291923,1413211,198857,1214354,92970352640,13325556050,839184331,1002159065,768556672,10715655982
32,11633491,1450134,200461,1249673,95788369920,13679895037,846023775,1018332340,774983826,11040555096
33,11980449,1491772,202964,1288808,98655385600,14076093037,855444128,1078462982,783856480,11358329447
34,12328874,1532659,205660,1326999,101536942080,14465034928,865847396,1081483605,793788999,11723914928
35,12678852,1573224,209345,1363879,104431165440,14850849290,880306975,1141704319,807170453,12021667543
36,13027926,1613137,212496,1400641,107317770240,15231135114,893063835,1159903879,818797359,12359370041
37,13379379,1652971,215600,1437371,110227466240,15609136396,906115106,1180456235,830831469,12691733586
38,13728163,1691563,217792,1473771,113113917440,15977195134,914443733,1193862197,838719342,13030169862
39,14076885,1730035,220387,1509648,116000757760,16345283035,925132650,1209913715,848701978,13361534692
40,14428208,1769259,223062,1546197,118909593600,16718145370,935694390,1264540549,858897197,13659013234
41,14776888,1807925,225336,1582589,121795717120,17086806716,944482310,1306429696,867414829,13968479881
42,15125521,1846954,227948,1619006,124680949760,17458129194,955329880,1332630492,877554259,14292614563
43,15474430,1885464,230745,1654719,127569377280,17824633621,966705583,1348383940,888242586,14621301512
44,15821608,1923538,232809,1690729,130441646080,18187892099,975117077,1356572467,895939618,14960262937
45,16170670,1961503,234764,1726739,133332664320,18550291606,983208987,1400935575,903538339,15262608705
46,16521828,1999608,236949,1762659,136244039680,18912830265,992145742,1415928886,911920186,15592835451
47,16873063,2038050,239513,1798537,139155404800,19278065298,1002168862,1464054040,921830673,15890011723
48,17225102,2076957,241889,1835068,142071173120,19646653058,1011492571,1498038426,930935910,16206186151
49,17574419,2115318,244036,1871282,144962355200,20012221789,1020228685,1497886235,939278240,16554828629
50,17926301,2154337,246453,1907884,147876433920,20382505558,1029780952,1537239223,948469559,16867015824
51,18271894,2192243,248697,1943546,150738626560,20744929295,1038895390,1574385526,957056474,17174591905
52,18617702,2229865,250627,1979238,153603604480,21104158522,1046650232,1634062272,964279426,17459166592
53,18965640,2267172,253065,2014107,156488765440,21459879139,1057882015,1615919325,974247690,17811830109
54,19314713,2305354,255240,2050114,159383644160,21823151729,1066870758,1677564176,982827359,18095889436
55,19663418,2344057,257694,2086363,162274867200,22191381180,1077093159,1717008353,992472980,18404806688
56,20013675,2383448,260271,2123177,165181665280,22565614286,1087751629,1731966714,1002604929,18743291014
57,20362245,2421236,262101,2159135,168073625600,22926259665,1095020146,1745669230,1009653777,19075916512
58,20711122,2460140,264391,2195749,170970521600,23297321455,1104470947,1798830470,1018576335,19375443703
59,21060301,2497568,266870,2230698,173870110720,23653978445,1115532036,1774052876,1028662123,19735731410
60,21409582,2535174,268719,2266455,176770754560,24012391341,1123274488,1856197221,1035781474,19997138158
61,21758839,2573456,271246,2302210,179671726080,24376710915,1133665297,1849226591,1045538367,20348280660
62,22110179,2612534,273655,2338879,182588170240,24746247844,1142905071,1886753322,1054766168,20661823283
63,22458283,2651107,275931,2375176,185476454400,25113522953,1152299890,1894327420,1063848206,21003047437
64,22807536,2689545,278009,2411536,188373995520,25479224907,1160893954,1964435550,1072020725,21281874678
65,23153242,2727239,279587,2447652,191239946240,25840016130,1167348187,1932737602,1078241665,21661688676
66,23501375,2764639,281214,2483425,194128947200,26197711913,1174263043,1973170806,1084663022,21965615042
67,23849800,2802055,282837,2519218,197020743680,26555483219,1181041872,2046290913,1091025359,22237125075
68,24197521,2840113,284827,2555286,199907051520,26919495546,1189583533,2046971420,1099055086,22583885507
69,24546857,2878491,286685,2591806,202809763840,27285992635,1197073345,2106929083,1106758579,22875231628
70,24897909,2916854,288807,2628047,205728215040,27651087447,1206338536,2105742812,1115440792,23223565307
71,25251386,2955664,290842,2664822,208668569600,28019890005,1214188827,2150239260,1123272242,23532189676
72,25602695,2993999,292796,2701203,211589539840,28385267946,1222384912,2159162319,1130979727,23872740988
73,25952879,3031642,294656,2736986,214500464640,28744357655,1230029730,2174975291,1138071144,24201281490
74,26306780,3069665,296480,2773185,217447301120,29106010902,1237161259,2219150397,1144847833,24504851413
75,26661969,3108343,299754,2808589,220407265280,29473586437,1251515956,2255890452,1157649053,24808530976
76,27016854,3147052,301517,2845535,223364904960,29841213287,1258163420,2280667560,1164496519,25137885788
77,27372834,3185939,303479,2882460,226333276160,30210618529,1266357559,2330652482,1172558973,25441049515
78,27727488,3224888,305648,2919240,229288622080,30580456393,1275104065,2349632884,1180990408,25774729036
79,28083712,3263563,308040,2955523,232259921920,30947402258,1284754621,2343224778,1190335830,26129087029
80,28435875,3301590,309910,2991680,235194050560,31309801095,1292089505,2398051564,1197402401,26422257625
81,28788926,3339470,311597,3027873,238136698880,31670932755,1299171208,2441338772,1203984329,26726438446
82,29143842,3378802,314838,3063964,241094256640,32043527381,1313207733,2456470930,1215929170,27057919548
83,29499437,3417432,316733,3100699,244057620480,32411265351,1320983588,2499281733,1223529327,27367470703
84,29855034,3456001,318631,3137370,247020236800,32778427332,1328760435,2493343154,1231160614,27725163129
