Backup ID, FPindex, SFindex, Deltaindex
0,14525040,13542784,3570400
1,18013280,15114752,4848800
2,21288880,15976384,6117088
3,24771280,17841920,7216576
4,28021840,18633408,8547008
5,31329920,19388672,9794784
6,34734320,20148608,11062912
7,38075200,21574720,12145696
8,41294640,22371200,13401408
9,44533600,23078016,14622752
10,47627760,23596032,15815904
11,50762640,24168192,16993152
12,54148880,24905024,18256224
13,57374400,25476416,19478944
14,60490080,25918208,20686464
15,63551680,26300992,21874336
16,66764320,26958656,23060160
17,69980640,27504128,24277024
18,73131600,27913408,25495008
19,76325360,28424960,26691680
20,79453920,28846016,27898912
21,82577440,29364416,29071872
22,85655520,29743552,30262624
23,88729680,30162880,31441984
24,91762720,30475968,32618816
25,94777920,30756864,33793856
26,97850080,31123776,34980096
27,100870960,31465088,36142752
28,103932880,31809472,37332160
29,106976480,32136576,38503040
30,110068240,32500736,39697440
31,113056880,32756352,40873120
32,116010720,33002112,42027328
33,119341760,33390144,43324192
34,122612720,33835136,44584928
35,125857920,34349184,45814944
36,129050960,34804480,47041984
37,132237680,35261760,48262432
38,135325040,35615616,49468768
39,138402800,36005888,50655648
40,141540720,36425664,51863584
41,144634000,36787264,53067200
42,147756320,37190144,54269312
43,150837120,37601536,55449920
44,153883040,37932032,56639968
45,156920240,38239872,57826816
46,159968640,38563392,59006912
47,163044000,38954944,60189344
48,166156560,39331200,61390112
49,169225440,39668800,62584608
50,172346960,40057856,63793248
51,175379440,40405888,64966496
52,178389200,40690304,66140864
53,181373760,41008960,67289728
54,184428320,41342144,68469952
55,187524560,41732416,69658560
56,190675840,42129472,70865088
57,193698880,42410624,72045952
58,196811200,42770176,73246912
59,199805440,43110656,74399744
60,202813920,43366656,75572192
61,205876480,43714944,76741728
62,209002720,44102400,77948832
63,212088560,44451008,79136480
64,215163600,44781888,80325536
65,218179120,45026752,81506080
66,221171120,45258560,82675040
67,224164400,45483520,83843104
68,227209040,45793152,85021088
69,230279280,46090304,86213408
70,233348320,46402752,87398496
71,236453120,46728128,88599936
72,239519920,47036096,89790944
73,242531360,47304320,90959872
74,245573200,47591488,92142080
75,248667440,47993280,93305856
76,251764160,48271232,94512768
77,254875120,48584576,95716960
78,257991040,48910208,96919104
79,261085040,49267456,98105248
80,264127200,49534720,99287456
81,267157600,49766784,100469216
82,270304160,50187072,101655712
83,273394560,50468800,102857248
84,276480080,50771136,104056512
