Backup ID, Online Delta_save, Offline Delta_save, Offline delta time, Offline dedelta time, Offline delete time, Offline Delta chunk num
0,188302386,637465825,101049,22474,189,78575
1,455108630,681508756,157001,72927,361,84074
2,774174174,691660152,201140,116394,471,84746
3,1065893624,706635325,290393,203497,675,86896
4,1378251838,726857575,384251,295147,907,89104
5,1703900607,738964088,485768,395034,1145,90734
6,2032700902,759073890,594575,501363,1397,93212
7,2304681547,783120998,722002,626368,1699,95634
8,2609021996,793650712,821382,724644,1966,96738
9,2911148999,802755795,941738,842954,2289,98784
10,3216927155,803139093,1050307,950537,2602,99770
11,3511804929,822938086,1196155,1094558,2972,101597
12,3824567112,838715976,1355095,1251208,3362,103887
13,4129876782,856076713,1518320,1412255,3784,106065
14,4432992962,878462910,1677519,1569631,4198,107888
15,4735132289,895830148,1835750,1726405,4604,109345
16,5030343406,910879654,2010382,1899144,5061,111238
17,5334041611,929053812,2182834,2069709,5536,113125
18,5636949260,949727584,2380837,2265635,6036,115202
19,5937251125,968482730,2545351,2428277,6535,117074
20,6233361359,992413481,2773157,2653117,7098,120040
21,6520326624,1007004110,2973183,2850153,7652,123030
22,6818558013,1025182069,3199911,3074415,8231,125496
23,7125339872,1048581384,3403723,3276910,8750,126813
24,7429781318,1064958501,3599069,3470752,9316,128317
25,7734291698,1063401366,3809734,3679743,9896,129991
26,8042085780,1068024878,4002513,3871014,10464,131499
27,8344766424,1089353174,4247758,4114741,11073,133017
28,8648836399,1103697994,4499287,4364214,11755,135073
29,8952131851,1137091897,4756258,4619639,12444,136619
30,9259218929,1161830117,4982636,4844177,13113,138459
31,9569485754,1146170228,5224302,5084620,13789,139682
32,9870916075,1169639021,5474807,5333580,14470,141227
33,10174401900,1183927547,5863406,5717132,15414,146274
34,10492375167,1231539761,6147194,5998579,16200,148615
35,10782691998,1238975545,6525772,6372854,17138,152918
36,11079249821,1280120220,6839252,6683146,18034,156106
37,11365191277,1326542309,7201169,7040668,18981,160501
38,11662028333,1368141529,7587464,7423970,19874,163494
39,11962809320,1398725372,7877271,7711599,20738,165672
40,12271496654,1387516580,8155897,7988287,21565,167610
41,12569498961,1398980920,8497828,8327268,22512,170560
42,12872554290,1420060273,8803316,8630441,23443,172875
43,13169927752,1451373760,9126752,8951744,24359,175008
44,13468778637,1491484300,9471360,9293990,25299,177370
45,13770882473,1491726232,9765103,9585716,26171,179387
46,14079002211,1513833240,10029834,9849165,26986,180669
47,14379414691,1510597032,10357488,10174654,27936,182834
48,14688688019,1517498132,10664421,10479952,28879,184469
49,14992409306,1562419323,11012463,10826063,29855,186400
50,15302064645,1564951179,11311387,11123255,30770,188132
51,15602427913,1572163992,11705874,11515718,31780,190156
52,15898856872,1560309720,12076663,11884105,32835,192558
53,16191789740,1620040369,12418151,12223905,33772,194246
54,16494625523,1601263913,12768222,12572002,34765,196220
55,16796070793,1608735895,13200465,13001933,35871,198532
56,17100057086,1643233928,13575891,13374914,36920,200977
57,17403097108,1672819404,13936370,13733567,37952,202803
58,17709655069,1665788634,14309268,14104354,39042,204914
59,18009613062,1726118348,14703246,14497099,39976,206147
60,18312973479,1684164679,15067666,14859879,41011,207787
61,18618887256,1729393404,15480619,15271498,41901,209121
62,18918408819,1743414464,16021307,15809244,43100,212063
63,19229609167,1773438270,16333254,16119759,44067,213495
64,19541148299,1740726379,16699307,16484400,45087,214907
65,19848087484,1813601192,17125203,16908589,46204,216614
66,20156453022,1809162020,17547669,17329740,47156,217929
67,20461429973,1775695102,17958383,17738801,48220,219582
68,20768543795,1815341712,18357494,18136361,49267,221133
69,21074246352,1800985276,18882299,18658887,50421,223412
70,21385522030,1838043277,19230482,19005850,51426,224632
71,21693360597,1838829079,19754188,19527297,52642,226891
72,22005664145,1867076843,20120003,19891772,53584,228231
73,22316381394,1884900096,20579186,20349918,54668,229268
74,22624680038,1880171375,21004892,20774041,55808,230851
75,22920713826,1887817150,21475511,21242716,56942,232795
76,23220147163,1917738625,22104442,21868537,58258,235905
77,23539724365,1901325150,22416384,22179590,59204,236794
78,23848391409,1926337627,22895927,22657097,60466,238830
79,24159139585,1969947444,23296077,23055911,61539,240166
80,24463424252,1958833373,23804765,23562683,62841,242082
81,24770731102,1955707344,24206604,23962941,63947,243663
82,25063226811,1994692737,24692098,24445543,65386,246555
83,25365332361,2002138342,25189631,24940345,66713,249286
84,25679955750,2045207379,25582982,25332344,67763,250638
