BackupID, OnlineSpeed(MB/s), Encalve ProcessTime(s), BackupSize, OnlineSize, OfflineSize, OfflineTime(s)
0, 130.952, 20.8972, 2869463040, 744576895, 435460701, 154.711
1, 160.166, 17.1449, 2879416320, 530633303, 509414021, 48.5328
2, 178.937, 15.2297, 2857523200, 564440768, 557076824, 34.811
3, 141.787, 19.5045, 2899824640, 644711767, 638960920, 63.2938
4, 160.26, 17.0964, 2872954880, 699419509, 688299351, 66.3907
5, 151.696, 18.2678, 2905763840, 743793874, 738454557, 71.1228
6, 159.248, 17.4038, 2906142720, 798108055, 789041508, 80.7976
7, 143.401, 19.5395, 2938091520, 867921156, 854285656, 91.9788
8, 164.882, 16.8923, 2920529920, 907936450, 902107066, 73.7816
9, 145.788, 19.1015, 2920038400, 957095189, 956690443, 87.7241
10, 157.821, 17.5125, 2898094080, 1001896635, 1005613259, 78.746
11, 152.456, 18.1166, 2896158720, 1059265447, 1046819026, 103.403
12, 144.089, 19.4677, 2941347840, 1103770873, 1097855964, 108.666
13, 143.775, 19.3747, 2920919040, 1151686940, 1143498687, 110.95
14, 139.258, 20.1487, 2942167040, 1191802140, 1176884163, 113.898
15, 148.361, 18.8781, 2936832000, 1221887900, 1210462151, 110.097
16, 140.57, 20.2083, 2978682880, 1267865742, 1260959550, 117.411
17, 146.282, 19.5558, 2999603200, 1313728177, 1303464295, 115.619
18, 133.234, 21.4888, 3002122240, 1351743812, 1339977722, 137.808
19, 136.032, 20.9079, 2982307840, 1393474586, 1382882359, 118.91
20, 131.239, 21.3102, 2932582400, 1434325447, 1423057347, 151.16
21, 131.55, 20.956, 2890680320, 1480897637, 1479544936, 139.187
22, 130.558, 20.9095, 2862520320, 1528576689, 1520709955, 158.842
23, 144.378, 18.8381, 2851921920, 1564639911, 1546553598, 144.749
24, 137.584, 19.8722, 2866923520, 1589369592, 1579310268, 132.519
25, 132.933, 20.6266, 2875156480, 1620335504, 1628998058, 139.781
26, 144.594, 18.9021, 2865899520, 1671622275, 1673918537, 138.178
27, 134.269, 20.3471, 2864680960, 1716450908, 1701603915, 171.482
28, 134.33, 20.389, 2871889920, 1746190410, 1740642829, 174.661
29, 135.173, 20.2918, 2876139520, 1783954464, 1757537624, 172.59
30, 138.656, 19.8827, 2890772480, 1801061731, 1784218823, 163.466
31, 130.705, 20.818, 2853201920, 1820339801, 1841343396, 169.788
32, 132.521, 20.2796, 2818017280, 1881078225, 1864356115, 176.64
33, 128.588, 21.2632, 2867015680, 1927374790, 1933907110, 254.36
34, 134.348, 20.4548, 2881556480, 1984889057, 1947331001, 194.787
35, 128.465, 21.4856, 2894223360, 2011409473, 2022011294, 249.108
36, 134.07, 20.5332, 2886604800, 2080542669, 2052967714, 226.665
37, 125.813, 22.0557, 2909696000, 2114692436, 2086571341, 254.328
38, 131.149, 20.9893, 2886451200, 2137007610, 2108305930, 259.442
39, 132.692, 20.748, 2886840320, 2156544334, 2135046365, 206.625
40, 128.866, 21.5269, 2908835840, 2180922997, 2200234939, 188.096
41, 125.197, 21.9848, 2886123520, 2250202478, 2250912006, 240.803
42, 134.796, 20.4129, 2885232640, 2299409258, 2287960372, 219.405
43, 130.614, 21.0898, 2888427520, 2337709095, 2315089523, 216.872
44, 126.546, 21.6459, 2872268800, 2361580358, 2331689544, 228.644
45, 128.752, 21.4139, 2891018240, 2375880551, 2384144562, 199.052
46, 129.947, 21.3665, 2911375360, 2424902766, 2408074628, 190.458
47, 129.161, 21.4963, 2911365120, 2453696981, 2466222902, 218.303
48, 126.967, 21.9008, 2915768320, 2509685982, 2509530997, 216.835
49, 123.676, 22.2942, 2891182080, 2554951604, 2518114920, 246.23
50, 126.949, 21.8914, 2914078720, 2562113690, 2567020175, 214.961
51, 127.383, 21.4282, 2862192640, 2612176372, 2613280916, 260.847
52, 124.374, 21.968, 2864977920, 2658589015, 2680712504, 262.508
53, 126.929, 21.6774, 2885160960, 2726552661, 2673801340, 242.575
54, 124.022, 22.2603, 2894878720, 2717368096, 2744434934, 246.668
55, 128.125, 21.5203, 2891223040, 2791913042, 2794101512, 302.162
56, 124.697, 22.2309, 2906798080, 2843496475, 2819718343, 265.593
57, 125.16, 22.0356, 2891960320, 2862603202, 2840689376, 242.118
58, 125.193, 22.0675, 2896896000, 2886948095, 2903301417, 263.111
59, 126.47, 21.865, 2899589120, 2944740199, 2889584912, 262.349
60, 124.255, 22.2628, 2900643840, 2930234299, 2979471709, 259.273
61, 128.488, 21.5318, 2900971520, 3022265186, 2982891888, 294.541
62, 120.061, 23.166, 2916444160, 3031721059, 3029658393, 377.673
63, 128.463, 21.4418, 2888284160, 3070514712, 3046627310, 225.688
64, 125.751, 21.9744, 2897541120, 3086547005, 3125329504, 247.752
65, 121.672, 22.4635, 2865950720, 3165754509, 3100085789, 295.301
66, 128.687, 21.4098, 2889000960, 3137247774, 3147433849, 295.868
67, 122.162, 22.5753, 2891796480, 3186365358, 3227332785, 289.95
68, 126.266, 21.7999, 2886307840, 3269417117, 3236554953, 266.645
69, 121.23, 22.8346, 2902712320, 3279408094, 3304002428, 371.369
70, 126.222, 22.0504, 2918451200, 3343913061, 3312081348, 234.073
71, 121.836, 23.0158, 2940354560, 3355174045, 3364428087, 357.711
72, 123.34, 22.5851, 2920970240, 3404042683, 3381547231, 247.395
73, 127.001, 21.8586, 2910924800, 3418593906, 3405005021, 325.346
74, 124.116, 22.6428, 2946836480, 3444728926, 3456311656, 299.59
75, 123.429, 22.8701, 2959964160, 3506406446, 3507406408, 333.269
76, 120.377, 23.4316, 2957639680, 3555604200, 3538830980, 439.401
77, 128.791, 21.9803, 2968371200, 3576519097, 3597010041, 218.98
78, 123.87, 22.7532, 2955345920, 3641044906, 3624736949, 328.653
79, 124.823, 22.7013, 2971299840, 3665844205, 3627979399, 284.349
80, 119.824, 23.3527, 2934128640, 3671093284, 3690141069, 351.208
81, 121.538, 23.0901, 2942648320, 3730651299, 3740509980, 276.109
82, 120.377, 23.4309, 2957557760, 3796325173, 3769678663, 327.625
83, 116.487, 24.2609, 2963363840, 3815759594, 3820265321, 349.454
84, 124.093, 22.7682, 2962616320, 3859394251, 3822103589, 283.788
