Backup ID, Ecall, Inline_Ocall, Offline_Ocall, _Inline_FPOcall, _Inline_SFOcall, _Inline_LocalOcall, _Inline_LoadOcall, _Inline_DeltaOcall, _Inline_RecipeOcall, _Inline_Write_ContainerOcall, _inline_have_similar_chunk_num, _inline_need_load_container_num
0,2734,13593,581513,2732,2732,1858,5056,874,341,191,110251,35274,
1,5478,30382,973875,5474,5474,2117,13277,3357,683,218,145920,54251,
2,8200,45117,1305434,8194,8194,2140,19513,6054,1022,235,182540,70880,
3,10955,63085,1857942,10947,10947,2249,28878,8698,1366,260,216395,89418,
4,13683,79299,2457956,13673,13673,2347,36574,11326,1706,278,252960,106750,
5,16440,96547,3101747,16428,16428,2422,45213,14006,2050,295,290473,125554,
6,19195,113096,3794982,19181,19181,2504,53159,16677,2394,313,329124,143801,
7,21990,133361,4587059,21974,21974,2626,64696,19348,2743,335,363564,162904,
8,24768,149900,5279050,24750,24750,2672,72561,22078,3089,352,399848,180310,
9,27545,168291,6093730,27525,27525,2767,82281,24758,3435,369,436704,199433,
10,30302,185545,6878008,30280,30280,2810,90926,27470,3779,383,472833,217232,
11,33058,203533,7822430,33034,33034,2898,100308,30136,4123,400,509203,236128,
12,35858,221996,8851422,35832,35832,2993,110028,32839,4472,417,547708,255512,
13,38635,240602,9926275,38607,38607,3088,119963,35519,4818,434,585085,274703,
14,41431,259721,10982005,41401,41401,3179,130351,38222,5167,449,621735,294325,
15,44221,278380,12040761,44189,44189,3252,140298,40937,5515,463,658050,313279,
16,47053,298555,13219935,47019,47019,3340,151630,43679,5868,481,694963,332748,
17,49904,317847,14408844,49868,49868,3424,162019,46444,6224,498,732387,351963,
18,52757,338622,15688388,52718,52718,3532,173887,49187,6580,513,769678,372333,
19,55586,358785,16888311,55545,55545,3611,185216,51935,6933,529,807014,391915,
20,58370,379064,18339292,58327,58327,3761,196802,54567,7280,545,843856,412414,
21,61116,399449,19713387,61071,61071,3875,208613,57197,7622,562,880159,432104,
22,63835,419549,21202287,63787,63787,3995,220225,59794,7961,577,916645,452139,
23,66542,437815,22581149,66492,66492,4044,230038,62450,8299,591,953020,469986,
24,69261,457106,23972161,69209,69209,4117,240839,65094,8638,605,989294,488897,
25,71988,476842,25408988,71934,71934,4189,252060,67747,8978,619,1025563,508047,
26,74705,495288,26818809,74649,74649,4242,262022,70409,9317,633,1062060,526060,
27,77420,515116,28425761,77362,77362,4310,273372,73054,9656,647,1098084,545109,
28,80139,534648,30144424,80079,80079,4396,284414,75685,9995,661,1134525,564327,
29,82863,554407,31899353,82801,82801,4458,295667,78345,10335,675,1170924,583181,
30,85599,573695,33560346,85535,85535,4529,306412,81008,10676,689,1207647,601916,
31,88300,593504,35270584,88234,88234,4587,317787,83649,11013,702,1243635,620876,
32,90971,612808,37000703,90903,90903,4653,328751,86252,11346,715,1279292,639649,
33,93684,632520,39384787,93614,93614,4894,339992,88722,11684,734,1318685,660190,
34,96409,651879,41354165,96337,96337,4999,350842,91340,12024,750,1357232,679409,
35,99146,672345,43740971,99072,99072,5212,362762,93862,12365,769,1394954,699736,
36,101876,692114,45872472,101800,101800,5353,374007,96449,12705,786,1432412,719447,
37,104624,713248,48205340,104546,104546,5572,386560,98976,13048,804,1469826,740615,
38,107351,733332,50615919,107271,107271,5714,398129,101559,13388,820,1506520,760390,
39,110078,753313,52657289,109996,109996,5815,409595,104183,13728,835,1543037,779911,
40,112825,773918,54627355,112741,112741,5901,421622,106842,14071,850,1580129,799477,
41,115552,794649,56910195,115466,115466,6058,433838,109410,14411,866,1616822,819975,
42,118278,814464,59075196,118190,118190,6159,445141,112033,14751,881,1653779,839106,
43,121006,834762,61285918,120916,120916,6264,456921,114654,15091,896,1690120,858776,
44,123721,855214,63611446,123629,123629,6377,468895,117254,15430,911,1726459,878774,
45,126451,875475,65719514,126357,126357,6460,480632,119899,15770,925,1762840,898286,
46,129197,896046,67673413,129101,129101,6524,492629,122579,16112,939,1799347,917733,
47,131944,916718,69968758,131846,131846,6618,504723,125230,16455,953,1835735,937177,
48,134697,937677,72193569,134597,134597,6695,517086,127904,16798,967,1872670,956876,
49,137429,958804,74609380,137327,137327,6789,529682,130540,17139,981,1909292,976664,
50,140181,979464,76817449,140077,140077,6859,541749,133220,17482,995,1946278,995809,
51,142883,999800,79434819,142777,142777,6955,553648,135824,17819,1010,1982393,1015027,
52,145587,1020576,81975216,145479,145479,7065,565981,138416,18156,1025,2018485,1034804,
53,148308,1041530,84336637,148198,148198,7150,578439,141050,18495,1040,2054195,1054275,
54,151038,1062528,86768190,150926,150926,7241,590913,143687,18835,1055,2090619,1074047,
55,153765,1083008,89622080,153651,153651,7339,602878,146314,19175,1070,2127261,1093472,
56,156504,1104055,92205674,156388,156388,7444,615372,148946,19517,1085,2164586,1113306,
57,159230,1124749,94727462,159112,159112,7535,627554,151579,19857,1099,2200897,1132772,
58,161958,1145660,97360416,161838,161838,7624,639947,154216,20197,1114,2237929,1152479,
59,164688,1166511,99965683,164566,164566,7681,652274,156887,20537,1127,2273718,1171307,
60,167419,1187741,102500880,167295,167295,7758,664976,159539,20878,1141,2310003,1190945,
61,170150,1208309,105139094,170024,170024,7807,677016,162219,21219,1155,2346534,1209537,
62,172897,1229994,108474831,172769,172769,7947,690123,164824,21562,1170,2383484,1230075,
63,175619,1250404,110848183,175489,175489,8004,702034,167487,21901,1184,2420282,1248725,
64,178350,1271205,113446999,178218,178218,8064,714307,170156,22242,1198,2457041,1267930,
65,181053,1292048,116341439,180919,180919,8146,726710,172775,22579,1212,2493425,1287419,
66,183775,1312419,119126989,183639,183639,8197,738582,175444,22918,1224,2529642,1305738,
67,186500,1333764,121919655,186362,186362,8269,751418,178095,23258,1236,2565870,1325311,
68,189219,1354383,124662656,189079,189079,8329,763547,180752,23597,1250,2602354,1344198,
69,191951,1375848,127998045,191809,191809,8427,776481,183384,23938,1263,2639108,1363766,
70,194696,1396897,130524905,194552,194552,8480,788959,186074,24280,1276,2675906,1382748,
71,197460,1418076,133886914,197314,197314,8581,801507,188735,24625,1289,2712994,1402514,
72,200207,1439218,136438540,200059,200059,8635,814071,191426,24968,1302,2749755,1421792,
73,202945,1460200,139484841,202795,202795,8685,826504,194112,25309,1315,2786025,1440945,
74,205712,1481677,142453381,205560,205560,8754,839341,196808,25654,1328,2822533,1460793,
75,208489,1503965,145606062,208335,208335,8832,852958,199505,26000,1344,2859173,1480771,
76,211264,1526031,149464367,211108,211108,8975,866359,202135,26346,1360,2896309,1501530,
77,214048,1546687,151852256,213890,213890,9012,878322,204880,26693,1373,2933593,1519791,
78,216821,1568362,155124651,216661,216661,9099,891338,207564,27039,1388,2970813,1539938,
79,219606,1589755,157961158,219444,219444,9144,904035,210302,27386,1402,3007668,1558952,
80,222360,1611501,161381267,222196,222196,9241,917182,212957,27729,1416,3044254,1579153,
81,225121,1633169,164289991,224955,224955,9316,930229,215641,28073,1430,3080889,1599083,
82,227896,1655269,167764672,227728,227728,9440,943664,218290,28419,1447,3117956,1619353,
83,230677,1677866,171202498,230507,230507,9564,957577,220945,28766,1461,3155046,1640195,
84,233458,1699237,173998088,233286,233286,9617,970264,223671,29113,1474,3192074,1659413,
