Backup ID, Logical chunk num, Unique chunk num, Base chunk num, Delta chunk num, Logical chunk size, Unique chunk size, Base chunk size, Delta chunk size, LZ4_save size, Delta_save size, 
0,47270,45091,44919,172,374824960,355493664,226854274,110285,127168254,1360851
1,93760,63193,55139,8054,741068800,495103669,277276893,997830,157575601,59253345
2,140254,80435,65151,15284,1108418560,629979924,326834180,1906640,188665663,112573441
3,186916,97135,75199,21936,1477611520,759367472,378615383,2766014,217552857,160433218
4,233561,111930,86600,25330,1846190080,875009206,440214746,3147518,247108617,184538325
5,271616,126584,98475,28109,2149201920,988912863,500935681,3488515,279390492,205098175
6,333509,182509,152539,29970,2647705600,1439024217,757954674,4251701,457389086,219428756
7,375631,217536,181312,36224,2997319680,1732574333,883283591,5179237,573065865,271045640
8,419564,249310,205974,43336,3364526080,1998004082,996860178,6906079,664135102,330102723
9,463497,249332,205985,43347,3731732480,1998126473,996869162,6908883,664185974,330162454
10,511234,257100,212809,44291,4109803520,2059446492,1028697418,7068007,686775542,336905525
11,550375,262844,217409,45435,4422103040,2104629607,1047889518,7188863,704613752,344937474
12,589502,277512,229987,47525,4734248960,2218783128,1111497593,7470992,739030348,360784195
13,652520,280730,231859,48871,5241784320,2241418287,1119290209,7619465,744425725,370082888
14,717905,300858,244139,56719,5764464640,2400783295,1174005579,8518332,784646286,433613098
15,783325,316129,254307,61822,6287237120,2525462985,1223549453,8996175,818907964,474009393
16,829595,341773,275780,65993,6673735680,2745488039,1313082093,9838908,913918853,508648185
17,875466,350721,283084,67637,7057971200,2823472834,1336686959,10063486,955662812,521059577
18,923854,357394,289019,68375,7442227200,2876277470,1361645227,10153958,978153998,526324287
19,971484,363629,294383,69246,7817871360,2924628193,1383971207,10252835,997770433,532633718
20,1019179,369592,299288,70304,8194682880,2971142827,1404479476,10363701,1016163177,540136473
21,1067026,375496,304224,71272,8573368320,3017413239,1425007506,10464963,1034775580,547165190
22,1112897,375519,304236,71283,8957603840,3017536324,1425020445,10468386,1034821656,547225837
23,1158768,375540,304243,71297,9341839360,3017643824,1425027255,10471949,1034847269,547297351
24,1207545,391103,316651,74452,9731287040,3147129212,1489415256,10869671,1074370465,572473820
25,1256392,394790,318851,75939,10121338880,3173146392,1498835847,11001267,1080043137,583266141
26,1305302,398504,320848,77656,10512404480,3198894091,1506847774,11115763,1085516891,595413663
27,1354172,412295,331646,80649,10903429120,3314601417,1561763041,11422187,1121837625,619578564
28,1402940,415863,333847,82016,11293941760,3340115247,1572542479,11523688,1126682323,629366757
29,1443085,436186,351920,84266,11619184640,3504542465,1661226647,11929899,1183981667,647404252
30,1483217,452933,366078,86855,11944468480,3640857118,1730288109,12253960,1230635232,667679817
31,1523363,455386,367921,87465,12269639680,3659050396,1739716103,12301130,1234757721,672275442
32,1563546,457878,369294,88584,12595281920,3677505788,1747288005,12391176,1237451086,680375521
33,1603775,460343,370869,89474,12921047040,3695746745,1756268389,12447270,1240370939,686660147
34,1648884,470364,380497,89867,13298063360,3789919389,1786916498,12620893,1300533312,689848686
35,1694029,478149,387925,90224,13675489280,3861312313,1813095711,12704944,1342624974,692886684
36,1741440,485699,395185,90514,14072944640,3929958353,1838636697,12746876,1383390022,695184758
37,1788524,505702,413955,91747,14468106240,4101652910,1920293696,12942691,1463016679,705399844
38,1835523,513397,421362,92035,14863370240,4171832822,1947049865,13039648,1504190364,707552945
39,1876216,530689,436785,93904,15191316480,4311487807,2023896425,13309782,1551632248,722649352
40,1913449,545953,448204,97749,15492782080,4436563133,2080119707,13853941,1587964980,754624505
41,1950738,563025,461272,101753,15794718720,4575785202,2143780190,14349822,1629444803,788210387
42,1988065,578196,474092,104104,16096768000,4699732147,2209211598,14655512,1668860675,807004362
43,2025433,582690,477429,105261,16399237120,4732139714,2224547309,14789714,1677178616,815624075
44,2074134,597635,491928,105707,16789903360,4856818378,2298210434,14975620,1724617476,819014848
45,2122847,600194,493547,106647,17180590080,4875734367,2307182405,15044234,1727809936,825697792
46,2171519,603472,495659,107813,17570560000,4899115325,2317221371,15126946,1732756725,834010283
47,2220326,618425,509200,109225,17961431040,5021636387,2383516132,15385233,1778342990,844392032
48,2257694,618450,509208,109242,18263900160,5021781860,2383521203,15387713,1778374792,844498152
49,2307202,622086,512030,110056,18659973120,5049354401,2400819891,15455599,1782788829,850290082
50,2356622,624875,513801,111074,19055656960,5069977693,2410358901,15545611,1786431158,857642023
51,2405612,636347,524933,111414,19468840960,5177786411,2448507908,15810615,1853126073,860341815
52,2447006,637794,525948,111846,19802460160,5189341117,2455567523,15863968,1854228270,863681356
53,2484962,639336,527169,112167,20109813760,5201673249,2464204385,15899956,1855436713,866132195
54,2522969,640807,528520,112287,20417689600,5213578195,2474057422,15915535,1856551994,867053244
55,2561009,642051,529673,112378,20725667840,5223559501,2482245045,15932186,1857647867,867734403
56,2599098,643311,530627,112684,21034076160,5233628060,2489071446,15962558,1858548548,870045508
57,2639876,645916,532916,113000,21364449280,5252952705,2500851590,15990652,1863585262,872525201
58,2680677,648640,535028,113612,21695129600,5273120641,2512574576,16037592,1867564824,876943649
59,2721490,651174,537114,114060,22025707520,5292001087,2523691494,16073005,1871872570,880364018
60,2762338,653720,538922,114798,22356746240,5310963607,2533625467,16125062,1875425113,885787965
61,2803249,656273,540704,115569,22687907840,5329807731,2543722644,16173904,1878620116,891291067
62,2850269,667060,551161,115899,23082076160,5426033199,2579733849,16256264,1936145034,893898052
63,2897423,675589,559520,116069,23477360640,5503728992,2609815784,16290749,1982164240,895458219
64,2946849,684080,567718,116362,23892674560,5580869610,2639532091,16493080,2027059096,897785343
65,2995937,692541,576012,116529,24305715200,5657844301,2669350378,16521224,2072900105,899072594
66,3034026,692567,576025,116542,24614123520,5657992401,2669364371,16525884,2072950333,899151813
67,3083892,695994,579045,116949,25014067200,5683878422,2684085840,16565838,2080982592,902244152
68,3133068,710148,591574,118574,25406832640,5802337491,2748368397,16785318,2121677244,915506532
69,3182530,712856,593503,119353,25803069440,5822555219,2758831653,16840190,2125579164,921304212
70,3220619,712881,593511,119370,26111477760,5822699186,2758844902,16843344,2125618651,921392289
71,3263035,735096,614555,120541,26455859200,6005656824,2877287806,17233060,2181029600,930106358
72,3307336,746419,624002,122417,26815508480,6098796294,2928151695,17648350,2208334173,944662076
73,3350218,752391,628881,123510,27163023360,6147772247,2955849845,17847543,2220619186,953455673
74,3393144,753605,629448,124157,27510743040,6157487549,2959899662,17913963,2221203102,958470822
75,3436144,759571,634131,125440,27858503680,6204746036,2984444995,18094114,2234087506,968119421
76,3479144,762358,636480,125878,28206233600,6225611499,2996689006,18145811,2239349655,971427027
77,3523445,770570,643381,127189,28565800960,6291053095,3030937655,18312183,2261010215,980793042
78,3567732,772866,644781,128085,28925265920,6310049010,3040040447,18380678,2263223289,988404596
79,3612081,781297,652027,129270,29285120000,6376027080,3074041733,18607360,2286278979,997099008
80,3656412,784282,654156,130126,29644994560,6399193338,3085410237,18686336,2291055205,1004041560
81,3700674,787566,656717,130849,30004213760,6425556325,3100058621,18755666,2296467649,1010274389
82,3740691,798725,667200,131525,30326528000,6515039713,3156883875,18933889,2323526363,1015695586
83,3783372,805381,673356,132025,30671964160,6567954497,3188504336,19056874,2340824907,1019568380
84,3825950,810353,677768,132585,31016939520,6607659097,3211969127,19162878,2352787532,1023739560
85,3868596,815960,682509,133451,31362539520,6650687784,3239476250,19239791,2361727064,1030244679
86,3910995,819466,685326,134140,31706787840,6677029366,3254809980,19315005,2368037755,1034866626
87,3953403,821838,687176,134662,32051159040,6694505446,3265199504,19378335,2371663258,1038264349
88,3997704,821859,687188,134671,32410808320,6694628515,3265217153,19381072,2371724628,1038305662
89,4042378,824073,689301,134772,32773447680,6712487789,3280760087,19396955,2373297687,1039033060
90,4086956,826102,690869,135233,33135206400,6728833826,3292660515,19444557,2374179735,1042549019
91,4131606,827496,691991,135505,33497640960,6740028415,3300655786,19473911,2375210472,1044688246
92,4176284,834288,697929,136359,33860229120,6794113241,3329147110,19665027,2394286943,1051014161
93,4220932,838026,700595,137431,34222755840,6822115611,3340907795,19789206,2402098459,1059320151
94,4265582,838047,700600,137447,34585190400,6822244413,3340911651,19792204,2402117813,1059422745
