Backup ID, FPindex, SFindex, Deltaindex
0,3607280,8562112,8704
1,5055440,10505472,507264
2,6434800,12390720,807392
3,7770800,14062592,973888
4,8954400,15454912,831520
5,10126720,16903616,848928
6,14600720,26896576,873664
7,17402880,31730624,1211392
8,19944800,35166720,1433120
9,19946560,35168640,1433792
10,20568000,36211840,1422656
11,21027520,36882176,1461408
12,22200960,38347776,1440992
13,22458400,38441920,1494432
14,24068640,40236288,1714752
15,25290320,41386944,1618272
16,27341840,43378880,1550912
17,28057680,43623872,1623936
18,28591520,44421760,1613184
19,29090320,45073536,1630912
20,29567360,45669120,1657120
21,30039680,46244544,1676224
22,30041520,46246848,1676864
23,30043200,46247552,1677344
24,31288240,47904448,1670080
25,31583200,48060160,1685824
26,31880320,48160576,1725024
27,32983600,49264768,1690976
28,33269040,49389120,1691744
29,34894880,51076288,1566912
30,36234640,52294208,1625856
31,36430880,52368448,1621952
32,36630240,52463488,1670208
33,36827440,52553728,1678080
34,37629120,53284736,1694048
35,38251920,53452736,1700640
36,38855920,53551168,1703904
37,40456160,54485696,1640768
38,41071760,54643264,1641184
39,42455120,56307968,1695520
40,43676240,57237440,1824768
41,45042000,58357120,1908064
42,46255680,59495104,1881504
43,46615200,59732224,1910880
44,47810800,61175616,1778944
45,48015520,61287488,1828032
46,48277760,61370880,1837824
47,49474000,62406848,1839328
48,49476000,62408320,1840416
49,49766880,62765632,1859904
50,49990000,62897280,1883360
51,50907760,63663296,1889280
52,51023520,63750464,1911360
53,51146880,63875072,1919488
54,51264560,63966976,1909088
55,51364080,64021888,1900256
56,51464880,64070336,1916608
57,51673280,64180032,1879392
58,51891200,64309440,1900992
59,52093920,64386816,1895392
60,52297600,64465216,1920992
61,52501840,64536960,1936576
62,53364800,64884480,1918496
63,54047120,64976896,1920928
64,54726400,65083200,1926464
65,55403280,65147328,1926336
66,55405360,65149760,1926944
67,55679520,65450944,1912576
68,56811840,66648704,1960800
69,57028480,66790144,1984288
70,57030480,66790784,1984896
71,58807680,70763904,2052064
72,59713520,72476928,2139200
73,60191280,73329728,2186976
74,60288400,73395264,2214976
75,60765680,74078080,2203648
76,60988640,74200576,2171680
77,61645600,75191744,2197984
78,61829280,75268288,2234080
79,62503760,76206912,2236352
80,62742560,76305664,2241824
81,63005280,76465920,2229664
82,63898000,78305216,2247168
83,64430480,79154432,2244864
84,64828240,79798016,2264768
85,65276800,80302400,2272544
86,65557280,80472000,2275296
87,65747040,80523328,2283904
88,65748720,80524032,2284416
89,65925840,80892352,2287712
90,66088160,81105472,2311744
91,66199680,81179392,2308000
92,66743040,81976448,2314624
93,67042080,82099712,2333376
94,67043760,82100672,2334272
