Backup ID, Online Delta_save, Offline Delta_save, Offline delta time, Offline dedelta time, Offline delete time, Offline Delta chunk num
0,1360851,0,0,0,7,0
1,59253345,0,0,0,18,0
2,112573441,0,0,0,34,0
3,160433218,0,0,0,79,0
4,184538325,0,0,0,143,0
5,205098175,0,0,0,222,0
6,219428756,0,0,0,279,0
7,271045640,0,0,0,351,0
8,330102723,0,0,0,443,0
9,330162454,0,0,0,444,0
10,336905525,0,0,0,500,0
11,344937474,0,0,0,555,0
12,360784195,0,0,0,683,0
13,370082888,0,0,0,736,0
14,433613098,0,0,0,819,0
15,474009393,0,0,0,894,0
16,508648185,0,0,0,1016,0
17,521059577,0,0,0,1073,0
18,526324287,0,0,0,1155,0
19,532633718,0,0,0,1233,0
20,540136473,0,0,0,1302,0
21,547165190,0,0,0,1377,0
22,547225837,0,0,0,1377,0
23,547297351,0,0,0,1379,0
24,572473820,0,0,0,1479,0
25,583266141,0,0,0,1557,0
26,595413663,0,0,0,1630,0
27,619578564,0,0,0,1726,0
28,629366757,0,0,0,1802,0
29,647404252,0,0,0,1977,0
30,667679817,0,0,0,2114,0
31,672275442,0,0,0,2170,0
32,680375521,0,0,0,2217,0
33,686660147,0,0,0,2267,0
34,689848686,0,0,0,2311,0
35,692886684,0,0,0,2352,0
36,695184758,0,0,0,2398,0
37,705399844,0,0,0,2534,0
38,707552945,0,0,0,2577,0
39,722649352,0,0,0,2709,0
40,754624505,0,0,0,2823,0
41,788210387,0,0,0,2951,0
42,807004362,0,0,0,3095,0
43,815624075,0,0,0,3167,0
44,819014848,0,0,0,3336,0
45,825697792,0,0,0,3399,0
46,834010283,0,0,0,3487,0
47,844392032,0,0,0,3650,0
48,844498152,0,0,0,3650,0
49,850290082,0,0,0,3707,0
50,857642023,0,0,0,3767,0
51,860341815,0,0,0,3830,0
52,863681356,0,0,0,3865,0
53,866132195,0,0,0,3895,0
54,867053244,0,0,0,3925,0
55,867734403,0,0,0,3960,0
56,870045508,0,0,0,3978,0
57,872525201,0,0,0,4057,0
58,876943649,0,0,0,4129,0
59,880364018,0,0,0,4191,0
60,885787965,0,0,0,4243,0
61,891291067,0,0,0,4296,0
62,893898052,0,0,0,4410,0
63,895458219,0,0,0,4469,0
64,897785343,0,0,0,4527,0
65,899072594,0,0,0,4581,0
66,899151813,0,0,0,4581,0
67,902244152,0,0,0,4652,0
68,915506532,0,0,0,4815,0
69,921304212,0,0,0,4883,0
70,921392289,0,0,0,4887,0
71,930106358,0,0,0,4973,0
72,944662076,0,0,0,5020,0
73,953455673,0,0,0,5058,0
74,958470822,0,0,0,5071,0
75,968119421,0,0,0,5127,0
76,971427027,0,0,0,5190,0
77,980793042,0,0,0,5256,0
78,988404596,0,0,0,5288,0
79,997099008,0,0,0,5372,0
80,1004041560,0,0,0,5422,0
81,1010274389,0,0,0,5458,0
82,1015695586,0,0,0,5547,0
83,1019568380,0,0,0,5616,0
84,1023739560,0,0,0,5687,0
85,1030244679,0,0,0,5781,0
86,1034866626,0,0,0,5838,0
87,1038264349,0,0,0,5891,0
88,1038305662,0,0,0,5895,0
89,1039033060,0,0,0,5928,0
90,1042549019,0,0,0,5958,0
91,1044688246,0,0,0,5991,0
92,1051014161,0,0,0,6083,0
93,1059320151,0,0,0,6151,0
94,1059422745,0,0,0,6151,0
