BackupID, OnlineSpeed(MB/s), Encalve ProcessTime(s), BackupSize, OnlineSize, OfflineSize, OfflineTime(s)
0, 96.8173, 3.69212, 374824960, 226964559, 226964559, 0.1174
1, 185.58, 1.88209, 366243840, 278274723, 278274723, 0.173931
2, 180.884, 1.93678, 367349760, 328740820, 328740820, 0.242835
3, 183.819, 1.91542, 369192960, 381381397, 381381397, 0.594535
4, 208.34, 1.68717, 368578560, 443362264, 443362264, 0.813415
5, 177.097, 1.63173, 303011840, 504424196, 504424196, 0.91077
6, 95.6905, 4.96821, 498503680, 762206375, 762206375, 0.626789
7, 103.999, 3.20596, 349614080, 888462828, 888462828, 0.86204
8, 116.334, 3.01026, 367206400, 1003766257, 1003766257, 1.14486
9, 624.643, 0.560633, 367206400, 1003778045, 1003778045, 0.018739
10, 291.435, 1.23718, 378071040, 1035765425, 1035765425, 0.838721
11, 293.983, 1.01309, 312299520, 1055078381, 1055078381, 0.650208
12, 179.694, 1.65663, 312145920, 1118968585, 1118968585, 1.50675
13, 442.195, 1.09459, 507535360, 1126909674, 1126909674, 0.546937
14, 200.957, 2.48046, 522680320, 1182523911, 1182523911, 0.898659
15, 240.125, 2.07623, 522772480, 1232545628, 1232545628, 0.866885
16, 138.553, 2.6603, 386498560, 1322921001, 1322921001, 1.50748
17, 265.504, 1.38015, 384235520, 1346750445, 1346750445, 0.718385
18, 283.259, 1.29371, 384256000, 1371799185, 1371799185, 0.848863
19, 302.707, 1.18346, 375644160, 1394224042, 1394224042, 0.810405
20, 294.24, 1.2213, 376811520, 1414843177, 1414843177, 0.68578
21, 309.327, 1.16751, 378685440, 1435472469, 1435472469, 0.797196
22, 629.963, 0.581678, 384235520, 1435488831, 1435488831, 0.003856
23, 592.751, 0.618195, 384235520, 1435499204, 1435499204, 0.024385
24, 186.124, 1.99548, 389447680, 1500284927, 1500284927, 0.961698
25, 374.898, 0.992222, 390051840, 1509837114, 1509837114, 0.763207
26, 376.828, 0.989708, 391065600, 1517963537, 1517963537, 0.705706
27, 210.419, 1.77223, 391024640, 1573185228, 1573185228, 0.932458
28, 368.191, 1.01149, 390512640, 1584066167, 1584066167, 0.746624
29, 137.804, 2.25085, 325242880, 1673156546, 1673156546, 2.27323
30, 161.305, 1.92316, 325283840, 1742542069, 1742542069, 1.52722
31, 404.907, 0.765873, 325171200, 1752017233, 1752017233, 0.556246
32, 385.406, 0.805791, 325642240, 1759679181, 1759679181, 0.435575
33, 396.284, 0.783967, 325765120, 1768715659, 1768715659, 0.460923
34, 251.013, 1.4324, 377016320, 1799537391, 1799537391, 0.550394
35, 297.988, 1.20791, 377425920, 1825800655, 1825800655, 0.58271
36, 290.037, 1.30688, 397455360, 1851383573, 1851383573, 0.586282
37, 160.774, 2.34401, 395161600, 1933236387, 1933236387, 1.56268
38, 298.195, 1.26412, 395264000, 1960089513, 1960089513, 0.624645
39, 154.092, 2.02965, 327946240, 2037206207, 2037206207, 1.43231
40, 159.008, 1.80808, 301465600, 2093973648, 2093973648, 1.09874
41, 147.436, 1.95304, 301936640, 2158130012, 2158130012, 1.39348
42, 155.833, 1.8485, 302049280, 2223867110, 2223867110, 1.67537
43, 304.442, 0.947493, 302469120, 2239337023, 2239337023, 0.698737
44, 185.721, 2.00607, 390666240, 2313186054, 2313186054, 2.09504
45, 406.793, 0.915915, 390686720, 2322226639, 2322226639, 0.570993
46, 376.607, 0.987512, 389969920, 2332348317, 2332348317, 0.791468
47, 179.077, 2.08158, 390871040, 2398901365, 2398901365, 1.95733
48, 558.962, 0.516058, 302469120, 2398908916, 2398908916, 0.003239
49, 354.536, 1.06541, 396072960, 2416275490, 2416275490, 0.524415
50, 385.684, 0.978402, 395683840, 2425904512, 2425904512, 0.568784
51, 273.489, 1.4408, 413184000, 2464318523, 2464318523, 0.72986
52, 492.134, 0.646499, 333619200, 2471431491, 2471431491, 0.27296
53, 493.422, 0.594046, 307353600, 2480104341, 2480104341, 0.278012
54, 472.035, 0.622016, 307875840, 2489972957, 2489972957, 0.289572
55, 523.959, 0.560561, 307978240, 2498177231, 2498177231, 0.34445
56, 501.911, 0.586003, 308408320, 2505034004, 2505034004, 0.192455
57, 381.831, 0.825151, 330373120, 2516842242, 2516842242, 0.684014
58, 413.407, 0.762835, 330680320, 2528612168, 2528612168, 0.611821
59, 416.262, 0.757368, 330577920, 2539764499, 2539764499, 0.539811
60, 408.946, 0.771993, 331038720, 2549750529, 2549750529, 0.408393
61, 418.095, 0.75538, 331161600, 2559896548, 2559896548, 0.471418
62, 259.834, 1.44672, 394168320, 2595990113, 2595990113, 1.11834
63, 306.247, 1.23094, 395284480, 2626106533, 2626106533, 0.701889
64, 302.563, 1.30906, 415313920, 2656025171, 2656025171, 0.687816
65, 305.446, 1.28961, 413040640, 2685871602, 2685871602, 0.683095
66, 635.997, 0.462457, 308408320, 2685890255, 2685890255, 0.010076
67, 395.672, 0.96397, 399943680, 2700651678, 2700651678, 0.619942
68, 211.379, 1.77203, 392765440, 2765153715, 2765153715, 1.90521
69, 384.839, 0.981919, 396236800, 2775671843, 2775671843, 0.571987
70, 627.868, 0.468444, 308408320, 2775688246, 2775688246, 0.036915
71, 144.373, 2.27486, 344381440, 2894520866, 2894520866, 0.707827
72, 231.993, 1.47844, 359649280, 2945800045, 2945800045, 0.44573
73, 315.962, 1.04891, 347514880, 2973697388, 2973697388, 0.367006
74, 493.312, 0.672214, 347719680, 2977813625, 2977813625, 0.140963
75, 311.888, 1.06336, 347760640, 3002539109, 3002539109, 0.450841
76, 418.349, 0.79269, 347729920, 3014834817, 3014834817, 0.582993
77, 274.683, 1.24839, 359567360, 3049249838, 3049249838, 0.608642
78, 460.959, 0.743694, 359464960, 3058421125, 3058421125, 0.318763
79, 281.796, 1.21785, 359854080, 3092649093, 3092649093, 0.765187
80, 399.711, 0.858628, 359874560, 3104096573, 3104096573, 0.408784
81, 417.305, 0.820929, 359219200, 3118814287, 3118814287, 0.355965
82, 221.218, 1.3895, 322314240, 3175817764, 3175817764, 0.753684
83, 294.352, 1.11918, 345436160, 3207561210, 3207561210, 0.610813
84, 350.3, 0.939178, 344975360, 3231132005, 3231132005, 0.610169
85, 317.701, 1.03742, 345600000, 3258716041, 3258716041, 0.794087
86, 395.028, 0.831083, 344248320, 3274124985, 3274124985, 0.50102
87, 408.371, 0.804215, 344371200, 3284577839, 3284577839, 0.394899
88, 616.792, 0.556084, 359649280, 3284598225, 3284598225, 0.059235
89, 473.393, 0.730555, 362639360, 3300157042, 3300157042, 0.293372
90, 476.319, 0.724304, 361758720, 3312105072, 3312105072, 0.287692
91, 509.475, 0.678433, 362434560, 3320129697, 3320129697, 0.304452
92, 299.727, 1.15369, 362588160, 3348812137, 3348812137, 0.78817
93, 388.079, 0.890881, 362526720, 3360697001, 3360697001, 0.56881
94, 636.585, 0.542967, 362434560, 3360703855, 3360703855, 0.004166
