Backup ID, Ecall, Inline_Ocall, Offline_Ocall, _Inline_FPOcall, _Inline_SFOcall, _Inline_LocalOcall, _Inline_LoadOcall, _Inline_DeltaOcall, _Inline_RecipeOcall, _Inline_Write_ContainerOcall, _inline_have_similar_chunk_num, _inline_need_load_container_num, _inlineDeltaChunkNum, 
0,372,1113,5725,370,370,2,266,59,46,59,515,162,172
1,738,2192,13620,694,694,6,345,362,91,73,8497,541,8054
2,1104,3280,26608,1016,1016,13,442,657,136,87,15924,1069,15284
3,1471,4351,61971,1334,1334,37,531,934,181,102,23909,1720,21936
4,1838,5343,112763,1622,1622,101,627,1145,226,119,31419,2404,25330
5,2138,6169,171833,1861,1861,172,715,1297,263,136,38484,3012,28109
6,2624,7741,219634,2340,2340,213,1056,1469,323,203,42235,3530,29970
7,2956,9229,282131,2666,2666,273,1613,1647,364,236,52403,4177,36224
8,3302,10573,365798,2992,2992,373,1977,1833,406,266,66209,5076,43336
9,3648,10641,366500,2999,2999,374,1983,1838,448,268,66221,5084,43347
10,4023,11201,411649,3151,3151,408,2056,1941,494,278,68538,5440,44291
11,4331,11701,456149,3283,3283,433,2129,2041,532,284,70783,5735,45435
12,4639,12562,557645,3525,3525,520,2239,2183,570,302,77801,6462,47525
13,5134,13136,598630,3674,3674,551,2305,2301,631,305,80522,6795,48871
14,5647,14350,666696,4017,4017,602,2439,2581,694,320,91276,7531,56719
15,6161,15413,728096,4319,4319,662,2551,2805,757,334,100522,8198,61822
16,6525,16534,838213,4652,4652,823,2639,2966,802,358,115632,9434,65993
17,6886,17175,892096,4833,4833,907,2694,3062,846,366,123128,10237,67637
18,7267,17738,956966,4987,4987,961,2757,3153,893,374,125629,10693,68375
19,7642,18328,1015849,5143,5143,1012,2836,3255,939,381,128453,11158,69246
20,8017,18889,1068124,5295,5295,1057,2899,3358,985,388,131297,11585,70304
21,8393,19447,1125453,5444,5444,1102,2967,3459,1031,395,134192,12010,71272
22,8754,19515,1125606,5451,5451,1102,2971,3465,1075,397,134203,12018,71283
23,9115,19579,1126954,5458,5458,1103,2971,3470,1119,399,134221,12030,71297
24,9499,20377,1201724,5681,5681,1171,3074,3604,1166,417,141135,12635,74452
25,9883,21109,1257940,5880,5880,1220,3162,3754,1213,421,144003,13164,75939
26,10268,21820,1311450,6071,6071,1259,3253,3906,1260,425,147182,13642,77656
27,10652,22616,1381609,6287,6287,1336,3363,4036,1307,440,155194,14279,80649
28,11035,23318,1435687,6477,6477,1385,3449,4176,1354,444,158103,14777,82016
29,11351,24350,1572102,6773,6773,1532,3563,4316,1393,468,169566,15945,84266
30,11667,25275,1678083,7031,7031,1649,3683,4449,1432,487,179914,16837,86855
31,11983,25720,1717669,7147,7147,1686,3743,4526,1471,491,181967,17169,87465
32,12299,26169,1749425,7264,7264,1708,3805,4618,1510,494,183956,17449,88584
33,12616,26613,1782752,7377,7377,1735,3871,4704,1549,498,185946,17741,89474
34,12971,27024,1825407,7489,7489,1815,3903,4735,1593,507,192006,18595,89867
35,13326,27437,1867168,7603,7603,1893,3931,4770,1637,515,198800,19248,90224
36,13699,27839,1911244,7714,7714,1974,3957,4797,1683,523,205790,19921,90514
37,14069,28862,2026913,8007,8007,2164,4060,4896,1728,545,220700,21484,91747
38,14439,29284,2069405,8122,8122,2247,4092,4928,1773,553,227358,22213,92035
39,14759,30198,2166359,8373,8373,2360,4227,5053,1812,574,235925,23076,93904
40,15052,31099,2252062,8624,8624,2457,4344,5202,1848,590,246284,23884,97749
41,15346,32069,2350395,8892,8892,2564,4485,5352,1884,608,257443,24806,101753
42,15640,32980,2457596,9162,9162,2674,4590,5472,1920,626,266645,25669,104104
43,15934,33713,2511857,9407,9407,2714,4663,5566,1956,631,269879,26103,105261
44,16317,34477,2633279,9624,9624,2846,4739,5641,2003,651,277268,27226,105707
45,16700,35139,2673686,9839,9839,2870,4809,5732,2050,655,279236,27529,106647
46,17083,35846,2733615,10027,10027,2922,4905,5868,2097,659,282068,28068,107813
47,17467,36886,2850789,10319,10319,3049,5031,6024,2144,677,291578,29238,109225
48,17761,37183,2850805,10443,10443,3049,5038,6030,2180,679,291596,29246,109242
49,18150,37680,2889087,10564,10564,3075,5127,6122,2228,685,293361,29591,110056
50,18539,38168,2928380,10686,10686,3109,5201,6210,2276,689,295457,29934,111074
51,18924,38637,2984230,10815,10815,3205,5237,6242,2323,700,302810,30964,111414
52,19250,38961,3005579,10921,10921,3218,5267,6271,2363,703,303802,31086,111846
53,19549,39539,3023495,11159,11159,3230,5293,6298,2400,707,304689,31196,112167
54,19848,40064,3041349,11371,11371,3244,5320,6321,2437,711,305675,31305,112287
55,20148,40373,3063787,11477,11477,3259,5343,6343,2474,715,306629,31419,112378
56,20448,40557,3073815,11517,11517,3268,5371,6373,2511,718,307635,31523,112684
57,20769,41334,3124691,11805,11805,3322,5420,6432,2550,722,309656,31995,113000
58,21090,42062,3169307,12065,12065,3362,5479,6502,2589,726,311700,32336,113612
59,21411,42508,3207518,12182,12182,3405,5540,6571,2628,730,313821,32703,114060
60,21733,42960,3239843,12297,12297,3437,5610,6652,2667,734,315946,33030,114798
61,22055,43411,3272782,12411,12411,3468,5682,6733,2706,738,318116,33359,115569
62,22425,44091,3362906,12604,12604,3606,5740,6786,2751,749,326991,34864,115899
63,22796,44549,3415660,12732,12732,3699,5770,6819,2797,758,334902,35754,116069
64,23185,45009,3466168,12859,12859,3790,5803,6853,2845,767,342778,36542,116362
65,23571,45825,3516734,13165,13165,3883,5834,6886,2892,776,350672,37537,116529
66,23871,45946,3517242,13200,13200,3883,5841,6893,2929,778,350686,37548,116542
67,24263,46441,3563842,13328,13328,3935,5908,6965,2977,783,352539,38006,116949
68,24650,47253,3675449,13548,13548,4050,6023,7059,3025,801,360415,38838,118574
69,25039,47947,3715922,13769,13769,4085,6107,7144,3073,805,362375,39226,119353
70,25339,48068,3717328,13803,13803,4086,6116,7150,3110,807,362396,39242,119370
71,25673,48706,3773179,14015,14015,4108,6194,7223,3151,838,363909,39500,120541
72,26022,49422,3803207,14240,14240,4124,6268,7356,3194,852,366308,39789,122417
73,26360,50013,3826945,14429,14429,4137,6333,7450,3235,860,367836,40014,123510
74,26698,50423,3834053,14576,14576,4140,6364,7491,3276,863,368723,40108,124157
75,27036,50953,3871948,14730,14730,4164,6428,7584,3317,871,371128,40410,125440
76,27374,51562,3914909,14922,14922,4210,6495,7655,3358,876,373259,40794,125878
77,27723,52255,3961505,15122,15122,4254,6583,7773,3401,886,376284,41231,127189
78,28071,52770,3981150,15300,15300,4271,6624,7831,3444,890,378178,41432,128085
79,28420,53522,4040285,15521,15521,4321,6720,7952,3487,900,381702,41952,129270
80,28769,54168,4073614,15724,15724,4357,6794,8039,3530,904,384166,42289,130126
81,29117,54703,4097079,15901,15901,4391,6846,8091,3573,909,386604,42565,130849
82,29432,55333,4155199,16080,16080,4430,6932,8199,3612,925,388174,42954,131525
83,29768,55908,4201165,16251,16251,4474,7009,8270,3653,934,390388,43333,132025
84,30103,56455,4249297,16420,16420,4504,7072,8345,3694,941,392003,43648,132585
85,30439,57106,4310841,16614,16614,4563,7152,8428,3735,949,394964,44175,133451
86,30773,57670,4347198,16787,16787,4602,7214,8504,3776,954,397572,44565,134140
87,31107,58208,4379110,16946,16946,4635,7286,8578,3817,958,399667,44925,134662
88,31456,58519,4381987,17073,17073,4637,7293,8583,3860,960,399684,44937,134671
89,31808,58973,4399216,17237,17237,4649,7331,8616,3903,965,399978,45066,134772
90,32159,59285,4416010,17327,17327,4658,7375,8652,3946,969,400896,45185,135233
91,32510,59575,4434582,17409,17409,4669,7413,8686,3989,972,401922,45311,135505
92,32862,60231,4495709,17585,17585,4720,7519,8790,4032,981,404549,45801,136359
93,33213,60820,4539099,17757,17757,4763,7597,8871,4075,985,407624,46196,137431
94,33564,61027,4539112,17832,17832,4763,7604,8878,4118,987,407640,46207,137447
