Backup ID, FPindex, SFindex, Deltaindex
0,1959600,4687040,1728
1,3170080,6024896,522144
2,4374240,7180544,938848
3,5549920,8287104,1320704
4,6816320,9564800,1710848
5,8154720,10969664,2117216
6,9503040,12288128,2551392
7,10912560,13732096,2983296
8,12412080,15231168,3462848
9,13768160,16354048,3938784
10,15173760,17563008,4402880
11,16653200,18957888,4863392
12,18145280,20404288,5331680
13,19850880,22273408,5825024
14,21577520,24277504,6304128
15,23303120,26092416,6838208
16,25078720,28323328,7296032
17,27060000,31131008,7748416
18,29113120,33619136,8305024
19,31204560,35953664,8929024
20,33290880,38102464,9570144
21,35530240,40479936,10226432
22,37786320,42709760,10927360
23,40018960,44685120,11667744
24,42314240,46752128,12413824
25,44586000,48740992,13153024
26,47067120,51192128,13898912
27,49407440,53151168,14687648
28,51906000,55243328,15513216
29,54255280,57079360,16313088
30,58423440,64828416,16796384
31,61156720,67174528,17999072
32,63925360,69422528,18952320
33,66713920,71466240,19924352
34,69578480,73630208,20898016
35,72550800,75985536,21887648
36,75492000,78183872,22892896
37,78438960,80377728,23894496
38,81381440,82303552,24955104
39,84346640,84442880,25959392
40,86683760,86038336,26764576
41,89082720,87722368,27578624
42,91467040,89286528,28418784
43,93898960,90886592,29263968
44,96322160,92442624,30110528
45,98698240,93758592,30980864
46,101150960,95135616,31854880
47,103564320,96273984,32755456
48,105880320,97097664,33645248
49,108787040,99025600,34659968
50,114113600,108053248,35430848
51,117685440,110841856,36982496
52,121672960,114476928,38240672
53,125511200,117374976,39561024
54,129211360,120148352,40804064
55,133035360,122831552,42148256
56,136810240,125457280,43460224
57,140562960,128197312,44738784
58,144248000,130678912,46045504
59,147999360,133312000,47334560
60,150946560,134984384,48384704
61,154733120,137635456,49684864
62,157793840,139502208,50753376
63,160784560,141140224,51833696
64,163834080,142752768,52938592
65,166853040,144152832,54059808
66,169946320,145691776,55175584
67,172992240,146956224,56316224
68,176036000,148202304,57443680
69,178988240,149138112,58573344
70,182762800,151850880,59850368
71,189691440,163853824,60835328
72,194052320,167264256,62801408
73,198172320,169920064,64324032
74,202544480,172911424,65846336
75,206276640,175008064,67195968
76,210035760,177689920,68439648
77,213757120,179806848,69834240
78,217486720,181749184,71193344
79,221265760,183712192,72563840
80,224958080,185327104,73945696
81,228665520,186870784,75329536
82,232464080,188444544,76744192
83,237978160,199731200,77202592
84,242327440,203092032,79418688
85,246323920,204394496,81194464
86,250316400,205460160,82774816
87,254304960,206338368,84342400
88,258295040,207123136,85917696
89,262280160,207908416,87468960
90,266265920,208583808,89035072
91,270251200,209152000,90605280
92,274556800,211101248,92112032
93,278582640,211791360,93812032
94,282610160,212403840,95404544
95,286637600,213016896,96982720
96,290661520,213735872,98541920
97,294682240,214231424,100126752
98,298702800,214686976,101713376
99,302734720,215261824,103284736
100,307033440,217005440,104795744
101,311082400,217764416,106464896
102,315129600,218320256,108067392
103,319175280,218828992,109663840
104,323217040,219352064,111249536
105,327249200,219740864,112848512
106,331288000,220276480,114420224
107,335323200,220629376,116019232
108,339357600,220983488,117613888
109,343741280,222723584,119154304
110,347831760,223311872,120873600
111,351911360,223771968,122492672
112,355993120,224178432,124112000
113,360070160,224584320,125721760
114,364146800,225022080,127325920
115,368233760,225940096,128886528
116,372308160,226292608,130502368
117,377525680,229156736,132239648
118,381677840,229789696,133983968
119,385814400,230270976,135629792
120,389948880,230684224,137267616
121,394082960,231149824,138895008
122,398210880,231555968,140524000
123,402335920,231915840,142157472
124,406483680,232350656,143788768
125,411493040,234685760,145511296
126,415669440,235264448,147244864
127,419854320,235671552,148912352
128,424040080,236132928,150565120
129,428214160,236575424,152209664
130,432387200,236939136,153861888
131,436558720,237268160,155515040
132,440736480,237670720,157158208
133,445899440,240120640,158926432
134,450122720,240658176,160697632
135,454345280,241113792,162374112
136,458561280,241493632,164050112
137,462789680,241866368,165726432
138,466998160,242196032,167395584
139,471204480,242566784,169051392
140,475402320,242887424,170712672
141,479604480,243223040,172369312
142,484679920,245505792,174121920
143,488954000,246101952,175899104
144,493214880,246554112,177588352
145,497464400,246940544,179275392
146,501714000,247305344,180954368
147,505966480,247688064,182630464
148,510214080,248049216,184307776
149,514458800,248426944,185980992
150,518698000,248996352,187622016
151,524127520,251923648,189427104
152,528489600,252656512,191243584
153,532795760,253222080,192943008
154,537090880,253576576,194658464
155,541399840,254003200,196359328
156,545691760,254333824,198062592
157,549980800,254685952,199759360
158,554275680,255084288,201451584
159,559826320,258216640,203274432
160,564192720,258770688,205113248
161,568544160,259204032,206843840
162,572910800,259708928,208560672
163,577264960,260133312,210277088
164,581622960,260473728,212003328
165,585986880,260777984,213734784
166,590340480,261128192,215453536
167,594688720,261511424,217165184
168,600380160,264771712,219013728
169,604817920,265407616,220873632
170,609243280,265883776,222632928
171,613660880,266304768,224380448
172,618077680,266675840,226136608
173,622481040,267004544,227886368
174,626904160,267400384,229626624
175,631320080,267848640,231356928
176,636714160,270271104,233224960
177,641190160,270821504,235092224
178,645657200,271339328,236853056
179,650117840,271745408,238622080
180,654582960,272171072,240385088
181,659040640,272549568,242146240
182,663494960,272860992,243912608
183,667940480,273169664,245673696
184,672407760,273670336,247417312
185,677945520,276601280,249258912
186,682452320,277194752,251141824
187,686947840,277605440,252937088
188,691455520,278054144,254718368
189,695976960,278637568,256484704
190,700470560,278987072,258263808
191,704973600,279304064,260051232
192,709479600,279686784,261828992
193,713975600,280073920,263602272
194,719379520,282693056,265442816
195,723891360,283244224,267331616
196,728418160,283723584,269130816
197,733046560,284589120,270904992
198,737552320,284921856,272698624
199,742059920,285260288,274483040
200,746565200,285612672,276262304
201,751068240,285996160,278036928
202,756597920,288582080,279930432
203,761152720,289229824,281817536
204,765717600,289710912,283627968
205,770268080,290137472,285425824
206,774825040,290501696,287232800
207,779375040,290815936,289042112
208,783926480,291283200,290826144
209,788483920,291652352,292628480
