BackupID, OnlineSpeed(MB/s), Encalve ProcessTime(s), BackupSize, OnlineSize, OfflineSize, OfflineTime(s)
0, 99.5972, 1.99407, 208250880, 100655456, 100655456, 0.000369
1, 143.247, 1.41624, 212725760, 132196507, 132196507, 0.000461
2, 143.687, 1.45642, 219432960, 159613486, 159613486, 0.000354
3, 142.699, 1.49763, 224092160, 186680336, 186680336, 0.000368
4, 137.61, 1.58119, 228157440, 217875765, 217875765, 0.000416
5, 132.569, 1.68301, 233953280, 252265168, 252265168, 0.000494
6, 134.071, 1.68302, 236605440, 285058009, 285058009, 0.000518
7, 129.091, 1.77405, 240138240, 320903698, 320903698, 0.000552
8, 122.24, 1.92284, 246466560, 358301573, 358301573, 0.000673
9, 132.2, 1.80575, 250316800, 387312576, 387312576, 0.00071
10, 118.038, 2.05541, 254402560, 418174970, 418174970, 0.000757
11, 99.513, 2.51969, 262922240, 453195732, 453195732, 0.000803
12, 88.8105, 2.84247, 264704000, 489859847, 489859847, 0.0009
13, 79.1385, 3.28785, 272834560, 536428552, 536428552, 0.000909
14, 75.4797, 3.59653, 284651520, 585946248, 585946248, 0.000943
15, 70.1425, 3.93716, 289576960, 631551737, 631551737, 0.001048
16, 71.2323, 3.93382, 293826560, 686493390, 686493390, 0.001125
17, 71.3998, 4.14411, 310261760, 747778698, 747778698, 0.001157
18, 66.313, 4.83473, 336179200, 808580674, 808580674, 0.001434
19, 67.7928, 4.96789, 353146880, 866093524, 866093524, 0.00138
20, 66.5333, 5.24203, 365711360, 919274344, 919274344, 0.001537
21, 65.7753, 5.54429, 382392320, 977436508, 977436508, 0.001492
22, 63.0331, 5.97776, 395100160, 1033152324, 1033152324, 0.001604
23, 60.0133, 6.4307, 404674560, 1083573471, 1083573471, 0.001782
24, 60.0201, 6.56063, 412897280, 1135510825, 1135510825, 0.001724
25, 57.4087, 6.87164, 413655040, 1185438155, 1185438155, 0.001874
26, 54.6681, 7.52481, 431349760, 1245619514, 1245619514, 0.002063
27, 55.9, 7.515, 440494080, 1295732019, 1295732019, 0.001951
28, 50.858, 8.43072, 449597440, 1349261932, 1349261932, 0.002124
29, 51.1921, 8.40145, 450979840, 1398561419, 1398561419, 0.002185
30, 52.2411, 9.52129, 521564160, 1570158763, 1570158763, 0.002437
31, 74.4901, 6.83829, 534128640, 1628655309, 1628655309, 0.002723
32, 73.989, 7.01144, 543969280, 1684921239, 1684921239, 0.00257
33, 72.2885, 7.25352, 549816320, 1737214508, 1737214508, 0.002637
34, 69.9429, 7.6364, 560056320, 1792472773, 1792472773, 0.002528
35, 67.6146, 8.06097, 571514880, 1851978571, 1851978571, 0.002876
36, 67.5773, 8.16628, 578662400, 1908355554, 1908355554, 0.00284
37, 63.4023, 8.67307, 576604160, 1964760870, 1964760870, 0.003134
38, 61.1424, 9.05321, 580423680, 2016400819, 2016400819, 0.003223
39, 58.2178, 9.5741, 584458240, 2072881484, 2072881484, 0.003108
40, 43.9117, 9.87021, 454471680, 2117218554, 2117218554, 0.003218
41, 41.1653, 10.6779, 460912640, 2163811570, 2163811570, 0.003284
42, 40.5828, 10.9527, 466083840, 2207806496, 2207806496, 0.003373
43, 39.3621, 11.4494, 472565760, 2253046593, 2253046593, 0.003228
44, 40.6269, 11.261, 479723520, 2297013779, 2297013779, 0.00324
45, 41.2299, 11.3157, 489205760, 2335735378, 2335735378, 0.003507
46, 42.7578, 11.1303, 499025920, 2376018588, 2376018588, 0.003604
47, 45.4608, 10.6077, 505661440, 2411097188, 2411097188, 0.00369
48, 49.2652, 9.94676, 513832960, 2438575914, 2438575914, 0.004138
49, 54.2986, 10.3624, 589998080, 2491759826, 2491759826, 0.003478
50, 51.0872, 13.3119, 713103360, 2689909833, 2689909833, 0.00411
51, 66.1063, 10.4199, 722278400, 2760715818, 2760715818, 0.003901
52, 68.6379, 10.8339, 779735040, 2840703150, 2840703150, 0.004094
53, 69.5918, 11.2102, 818032640, 2910564208, 2910564208, 0.004528
54, 69.3962, 11.3383, 825057280, 2981362371, 2981362371, 0.004193
55, 65.2826, 12.1886, 834355200, 3052044314, 3052044314, 0.004316
56, 65.4565, 12.1793, 835942400, 3120894815, 3120894815, 0.004319
57, 65.1264, 12.2099, 833812480, 3191938735, 3191938735, 0.0073
58, 61.9777, 12.7705, 829931520, 3257922937, 3257922937, 0.004706
59, 58.8996, 13.5922, 839464960, 3327708322, 3327708322, 0.005434
60, 44.4142, 12.7959, 595927040, 3376702423, 3376702423, 0.004653
61, 56.3676, 14.4618, 854773760, 3446696184, 3446696184, 0.004947
62, 42.7957, 14.0605, 630958080, 3500113290, 3500113290, 0.005372
63, 42.1438, 14.5016, 640839680, 3548863273, 3548863273, 0.004923
64, 40.416, 15.2989, 648355840, 3596966889, 3596966889, 0.004982
65, 40.5847, 15.4632, 658053120, 3641352208, 3641352208, 0.005108
66, 40.4804, 15.695, 666204160, 3688784132, 3688784132, 0.004961
67, 41.2078, 15.6673, 676976640, 3730184160, 3730184160, 0.005203
68, 43.3728, 15.105, 686970880, 3770713929, 3770713929, 0.005386
69, 48.0225, 13.8135, 695582720, 3803817670, 3803817670, 0.005401
70, 54.6752, 15.0582, 863303680, 3876954024, 3876954024, 0.005451
71, 54.5428, 17.8214, 1019248640, 4131680836, 4131680836, 0.005936
72, 82.9588, 12.234, 1064222720, 4212895762, 4212895762, 0.005676
73, 83.7156, 12.193, 1070325760, 4282626920, 4282626920, 0.005703
74, 80.8004, 12.8862, 1091788800, 4358597675, 4358597675, 0.00604
75, 47.8164, 17.3848, 871659520, 4420544253, 4420544253, 0.006343
76, 49.9047, 16.6491, 871229440, 4494990072, 4494990072, 0.006303
77, 52.025, 16.7424, 913336320, 4557303781, 4557303781, 0.006309
78, 52.003, 17.2043, 938137600, 4615724135, 4615724135, 0.00653
79, 50.9031, 17.7551, 947691520, 4673862132, 4673862132, 0.006612
80, 51.5392, 17.7195, 957614080, 4725286599, 4725286599, 0.006557
81, 51.8768, 17.7543, 965775360, 4775676932, 4775676932, 0.006705
82, 54.0037, 17.3748, 983879680, 4825702287, 4825702287, 0.006726
83, 74.0619, 13.0186, 1011015680, 5020388992, 5020388992, 0.00715
84, 111.318, 8.73526, 1019627520, 5082280713, 5082280713, 0.006989
85, 125.263, 7.75728, 1018900480, 5109976778, 5109976778, 0.007086
86, 122.294, 7.94603, 1018951680, 5134362396, 5134362396, 0.007416
87, 119.902, 8.1054, 1019064320, 5156365507, 5156365507, 0.007069
88, 116.008, 8.37807, 1019136000, 5177296718, 5177296718, 0.006891
89, 112.461, 8.64293, 1019207680, 5198081412, 5198081412, 0.00706
90, 111.472, 8.71971, 1019217920, 5217208474, 5217208474, 0.007312
91, 104.1, 9.33737, 1019238400, 5236486025, 5236486025, 0.007005
92, 94.3072, 10.7587, 1063905280, 5278069101, 5278069101, 0.0073
93, 101.144, 10.0315, 1063905280, 5297730007, 5297730007, 0.007005
94, 96.5337, 10.511, 1063956480, 5316362238, 5316362238, 0.007292
95, 90.7025, 11.1877, 1064048640, 5334893723, 5334893723, 0.007073
96, 87.0846, 11.6529, 1064079360, 5354751473, 5354751473, 0.007506
97, 84.0963, 12.0675, 1064130560, 5371676112, 5371676112, 0.007547
98, 81.8051, 12.4062, 1064192000, 5388041037, 5388041037, 0.007392
99, 79.5148, 12.7638, 1064212480, 5407795687, 5407795687, 0.007461
100, 76.3831, 13.3603, 1070069760, 5447195072, 5447195072, 0.00733
101, 77.1157, 13.2338, 1070110720, 5468471071, 5468471071, 0.007214
102, 75.2632, 13.5603, 1070172160, 5487226989, 5487226989, 0.007499
103, 71.0208, 14.3705, 1070182400, 5505186575, 5505186575, 0.00726
104, 68.6382, 14.8703, 1070254080, 5522885346, 5522885346, 0.00726
105, 68.8574, 14.8232, 1070264320, 5538856681, 5538856681, 0.007747
106, 68.0414, 15.0015, 1070305280, 5556290452, 5556290452, 0.007546
107, 65.3909, 15.6097, 1070315520, 5571750455, 5571750455, 0.007734
108, 63.9899, 15.9515, 1070315520, 5588892599, 5588892599, 0.007601
109, 64.473, 16.1449, 1091471360, 5628919230, 5628919230, 0.007622
110, 67.0013, 15.5361, 1091502080, 5647847456, 5647847456, 0.007651
111, 62.6821, 16.6071, 1091532800, 5665020822, 5665020822, 0.007697
112, 61.2577, 16.9951, 1091655680, 5681632633, 5681632633, 0.007594
113, 59.0549, 17.6296, 1091686400, 5698010284, 5698010284, 0.007505
114, 57.8609, 17.9939, 1091717120, 5714531188, 5714531188, 0.007674
115, 53.9674, 19.293, 1091768320, 5738416400, 5738416400, 0.010413
116, 57.6676, 18.0552, 1091778560, 5755954210, 5755954210, 0.00743
117, 50.1392, 21.4277, 1126553600, 5817090249, 5817090249, 0.007729
118, 57.3764, 18.7249, 1126553600, 5836789180, 5836789180, 0.007603
119, 55.4778, 19.3664, 1126594560, 5854350825, 5854350825, 0.00792
120, 54.5719, 19.689, 1126656000, 5871112377, 5871112377, 0.008042
121, 54.5687, 19.6908, 1126696960, 5888321228, 5888321228, 0.008013
122, 53.2173, 20.1912, 1126717440, 5904707401, 5904707401, 0.007936
123, 52.2376, 20.5701, 1126727680, 5920378302, 5920378302, 0.008055
124, 51.4492, 20.8855, 1126737920, 5939692648, 5939692648, 0.007885
125, 47.4006, 22.8711, 1136762880, 5993303638, 5993303638, 0.00803
126, 52.6669, 20.5849, 1136803840, 6012213142, 6012213142, 0.008183
127, 51.1516, 21.1956, 1136855040, 6029113154, 6029113154, 0.00789
128, 48.6203, 22.3001, 1136906240, 6046872520, 6046872520, 0.010701
129, 48.6924, 22.2677, 1136936960, 6063793497, 6063793497, 0.008275
130, 48.9194, 22.1652, 1136977920, 6079576945, 6079576945, 0.00796
131, 47.3041, 22.9226, 1137008640, 6095079854, 6095079854, 0.008169
132, 47.4498, 22.8525, 1137018880, 6114028131, 6114028131, 0.007907
133, 43.7393, 25.114, 1151825920, 6169988682, 6169988682, 0.008155
134, 47.6032, 23.0765, 1151877120, 6188910981, 6188910981, 0.008212
135, 47.6969, 23.0304, 1151836160, 6206627942, 6206627942, 0.008372
136, 46.4642, 23.6424, 1151887360, 6223304892, 6223304892, 0.008093
137, 45.5386, 24.1242, 1151948800, 6239775628, 6239775628, 0.008466
138, 46.9066, 23.4213, 1151979520, 6255509184, 6255509184, 0.008494
139, 44.9522, 24.44, 1152000000, 6271553947, 6271553947, 0.008207
140, 44.1955, 24.8589, 1152020480, 6287041210, 6287041210, 0.008321
141, 43.8537, 25.0529, 1152030720, 6305522871, 6305522871, 0.007998
142, 42.1982, 26.2068, 1159598080, 6358507140, 6358507140, 0.008466
143, 45.4143, 24.3526, 1159680000, 6378170086, 6378170086, 0.008257
144, 44.495, 24.8573, 1159751680, 6395868102, 6395868102, 0.008091
145, 43.5378, 25.4043, 1159772160, 6412624493, 6412624493, 0.008255
146, 44.1269, 25.0655, 1159792640, 6429354790, 6429354790, 0.008404
147, 43.0169, 25.713, 1159823360, 6445857015, 6445857015, 0.008365
148, 42.4113, 26.0808, 1159854080, 6462036570, 6462036570, 0.008391
149, 42.5806, 25.9785, 1159915520, 6478434812, 6478434812, 0.008524
150, 42.3157, 26.1411, 1159915520, 6500202038, 6500202038, 0.008326
151, 41.7868, 27.7312, 1215088640, 6562588048, 6562588048, 0.008652
152, 44.9022, 25.8078, 1215119360, 6584532667, 6584532667, 0.008283
153, 42.9686, 26.9697, 1215139840, 6604172683, 6604172683, 0.008405
154, 43.0647, 26.9099, 1215160320, 6620609465, 6620609465, 0.008335
155, 43.3745, 26.7184, 1215191040, 6638098877, 6638098877, 0.00872
156, 42.3626, 27.3573, 1215221760, 6654046923, 6654046923, 0.008411
157, 41.999, 27.5948, 1215252480, 6670069293, 6670069293, 0.008459
158, 41.932, 27.6396, 1215283200, 6689733237, 6689733237, 0.009644
159, 40.0426, 30.2225, 1268971520, 6754402235, 6754402235, 0.009128
160, 43.9886, 27.5124, 1269022720, 6773860473, 6773860473, 0.008656
161, 42.6358, 28.3861, 1269053440, 6791467148, 6791467148, 0.00897
162, 42.2859, 28.6223, 1269114880, 6810397817, 6810397817, 0.008794
163, 42.5457, 28.4482, 1269145600, 6827968968, 6827968968, 0.008807
164, 41.5949, 29.0995, 1269186560, 6844322615, 6844322615, 0.009546
165, 40.93, 29.5739, 1269258240, 6860288187, 6860288187, 0.008806
166, 41.6956, 29.0318, 1269299200, 6876858815, 6876858815, 0.008808
167, 40.6802, 29.7565, 1269299200, 6896573909, 6896573909, 0.00868
168, 40.7625, 31.354, 1340149760, 6965536327, 6965536327, 0.008902
169, 44.076, 28.9993, 1340262400, 6988957833, 6988957833, 0.008592
170, 42.8159, 29.8537, 1340303360, 7010209846, 7010209846, 0.008786
171, 42.4938, 30.0809, 1340344320, 7030662830, 7030662830, 0.008917
172, 41.9719, 30.4557, 1340375040, 7050347665, 7050347665, 0.008618
173, 41.456, 30.8347, 1340375040, 7069400328, 7069400328, 0.008947
174, 42.2029, 30.2894, 1340395520, 7089205435, 7089205435, 0.008859
175, 41.5587, 30.7594, 1340416000, 7109777722, 7109777722, 0.009407
176, 39.4633, 32.817, 1357977600, 7167715955, 7167715955, 0.009015
177, 42.3101, 30.6097, 1358008320, 7190081344, 7190081344, 0.008916
178, 42.001, 30.8366, 1358080000, 7211560951, 7211560951, 0.009788
179, 41.6175, 31.1223, 1358151680, 7231750371, 7231750371, 0.008952
180, 40.3121, 32.1313, 1358202880, 7251984560, 7251984560, 0.009137
181, 40.2325, 32.1959, 1358243840, 7271745493, 7271745493, 0.009081
182, 40.1654, 32.2504, 1358274560, 7290554104, 7290554104, 0.00906
183, 40.1727, 32.2451, 1358295040, 7309149777, 7309149777, 0.008892
184, 40.2192, 32.2085, 1358325760, 7331020057, 7331020057, 0.008979
185, 38.982, 33.5369, 1370839040, 7395251861, 7395251861, 0.009177
186, 41.3743, 31.5982, 1370859520, 7417330268, 7417330268, 0.009175
187, 40.3593, 32.396, 1370992640, 7437398557, 7437398557, 0.009242
188, 39.2753, 33.2907, 1371013120, 7458049311, 7458049311, 0.009136
189, 39.4228, 33.1671, 1371054080, 7480300826, 7480300826, 0.009194
190, 39.4262, 33.1649, 1371084800, 7499526438, 7499526438, 0.009344
191, 38.9245, 33.5934, 1371125760, 7518240891, 7518240891, 0.009238
192, 38.9078, 33.6086, 1371156480, 7537851212, 7537851212, 0.009542
193, 38.9141, 33.6036, 1371176960, 7558300961, 7558300961, 0.009176
194, 36.5646, 35.9103, 1376829440, 7618932385, 7618932385, 0.009303
195, 39.886, 32.8852, 1375375360, 7640789112, 7640789112, 0.009449
196, 39.2773, 33.3954, 1375395840, 7661889830, 7661889830, 0.009335
197, 37.9601, 34.5565, 1375488000, 7688869488, 7688869488, 0.010003
198, 37.8676, 34.6414, 1375508480, 7707636283, 7707636283, 0.009402
199, 37.6681, 34.8257, 1375539200, 7726690955, 7726690955, 0.009019
200, 37.5124, 34.9713, 1375580160, 7745781367, 7745781367, 0.009385
201, 37.2409, 35.2265, 1375590400, 7766418377, 7766418377, 0.014957
202, 37.1689, 35.8654, 1397831680, 7826360026, 7826360026, 0.009452
203, 39.2559, 33.9591, 1397852160, 7848805427, 7848805427, 0.009536
204, 38.3357, 34.7758, 1397913600, 7869590967, 7869590967, 0.009427
205, 37.9061, 35.1712, 1397964800, 7889784866, 7889784866, 0.009564
206, 38.453, 34.6723, 1398016000, 7909322432, 7909322432, 0.009553
207, 37.2786, 35.7656, 1398056960, 7928025435, 7928025435, 0.009582
208, 37.6986, 35.3681, 1398097920, 7948591026, 7948591026, 0.009379
209, 37.517, 35.5407, 1398149120, 7969266950, 7969266950, 0.009478
