Backup ID, Ecall, Inline_Ocall, Offline_Ocall, _Inline_FPOcall, _Inline_SFOcall, _Inline_LocalOcall, _Inline_LoadOcall, _Inline_DeltaOcall, _Inline_RecipeOcall, _Inline_Write_ContainerOcall, _inline_have_similar_chunk_num, _inline_need_load_container_num
0,195,637,5,193,193,0,34,193,24,27,64,33,
1,394,1283,10,390,390,0,65,390,48,36,8227,276,
2,599,1957,15,593,593,0,105,593,73,45,17259,727,
3,808,2649,20,800,800,0,151,800,98,54,26191,1378,
4,1020,3368,25,1010,1010,0,214,1010,124,64,35360,2240,
5,1238,4115,30,1226,1226,0,287,1226,150,74,44773,3288,
6,1458,4872,35,1444,1444,0,363,1444,177,84,54758,4548,
7,1681,5662,40,1665,1665,0,463,1665,204,95,64857,6001,
8,1910,6489,45,1892,1892,0,581,1892,232,106,75795,7643,
9,2141,7368,50,2121,2121,0,745,2121,260,115,86902,9423,
10,2377,8387,55,2355,2355,0,1033,2355,289,124,98169,11419,
11,2620,9733,60,2596,2596,0,1626,2596,319,134,109399,13624,
12,2865,11327,65,2839,2839,0,2461,2839,349,145,120515,15959,
13,3117,13213,70,3089,3089,0,3566,3089,380,158,132101,18479,
14,3379,15324,75,3349,3349,0,4865,3349,412,172,143243,21102,
15,3646,17674,80,3614,3614,0,6387,3614,445,186,155350,23886,
16,3917,20073,85,3883,3883,0,7946,3883,478,201,165914,26612,
17,4216,22592,90,4180,4180,0,9537,4180,515,218,176044,29428,
18,4526,25598,95,4488,4488,0,11581,4488,553,236,188771,32598,
19,4851,28674,100,4811,4811,0,13648,4811,593,253,202738,35941,
20,5187,31949,105,5145,5145,0,15880,5145,634,268,217623,39457,
21,5539,35465,110,5495,5495,0,18303,5495,677,285,233219,43198,
22,5903,39373,115,5857,5857,0,21080,5857,722,301,249793,47260,
23,6275,43584,120,6227,6227,0,24135,6227,768,316,267410,51547,
24,6655,47956,125,6605,6605,0,27326,6605,815,331,285334,56019,
25,7037,52607,130,6985,6985,0,30790,6985,862,345,303367,60626,
26,7435,57638,135,7381,7381,0,34584,7381,911,363,321613,65513,
27,7841,62806,140,7785,7785,0,38490,7785,961,378,340656,70543,
28,8256,68653,145,8198,8198,0,43047,8198,1012,394,360990,75966,
29,8672,74527,150,8612,8612,0,47628,8612,1063,409,380793,81462,
30,9153,80103,155,9091,9091,0,51708,9091,1122,454,392527,86631,
31,9644,84470,160,9580,9580,0,54547,9580,1183,472,414471,90730,
32,10144,88908,165,10078,10078,0,57429,10078,1245,489,437385,95109,
33,10650,93636,170,10582,10582,0,60583,10582,1307,505,461596,99964,
34,11165,98597,175,11095,11095,0,63941,11095,1371,521,486130,105171,
35,11691,103847,180,11619,11619,0,67554,11619,1436,538,511015,110736,
36,12223,109336,185,12149,12149,0,71387,12149,1502,555,536325,116603,
37,12754,115192,190,12678,12678,0,75590,12678,1568,572,561736,122875,
38,13288,121412,195,13210,13210,0,80148,13210,1634,588,588485,129441,
39,13825,128068,200,13745,13745,0,85133,13745,1700,605,614407,136308,
40,14245,135281,205,14163,14163,0,91040,14163,1752,618,635310,142663,
41,14670,143153,210,14586,14586,0,97591,14586,1804,632,656526,149398,
42,15100,151410,215,15014,15014,0,104511,15014,1857,645,678183,156411,
43,15537,159891,220,15449,15449,0,111633,15449,1911,658,700248,163634,
44,15980,168336,225,15890,15890,0,118700,15890,1966,671,722434,170961,
45,16431,177024,230,16339,16339,0,125985,16339,2022,684,745281,178428,
46,16891,185441,235,16797,16797,0,132971,16797,2079,697,768768,185912,
47,17357,193494,240,17261,17261,0,139575,17261,2136,709,793006,193166,
48,17830,200969,245,17732,17732,0,145579,17732,2194,719,817667,200037,
49,18373,208481,250,18273,18273,0,151401,18273,2261,735,843958,207429,
50,19025,216871,255,18923,18923,0,157760,18923,2342,788,863567,215189,
51,19685,223766,260,19581,19581,0,162599,19581,2424,809,893689,221763,
52,20394,231256,265,20288,20288,0,167880,20288,2512,832,924733,228794,
53,21133,238937,270,21025,21025,0,173258,21025,2604,853,957615,236318,
54,21878,246828,275,21768,21768,0,178828,21768,2696,874,989422,244118,
55,22631,255219,280,22518,22518,0,184875,22519,2789,895,1023239,252478,
56,23385,263838,285,23259,23259,0,191167,23271,2882,916,1056747,261143,
57,24136,272481,290,23981,23981,0,197524,24020,2975,937,1089389,269858,
58,24884,281754,295,24697,24697,0,204526,24766,3068,957,1122538,278981,
59,25641,291439,300,25423,25423,0,211910,25521,3162,978,1155715,288386,
60,26189,301032,305,25969,25969,0,219797,26067,3230,993,1183846,297019,
61,26958,311417,310,26706,26706,0,227846,26834,3325,1014,1217365,306823,
62,27537,322110,315,27282,27282,0,236738,27411,3397,1031,1245903,316098,
63,28125,333263,320,27867,27867,0,246062,27997,3470,1047,1274757,325734,
64,28720,344941,325,28459,28459,0,255889,28590,3544,1062,1304479,335623,
65,29322,356924,330,29058,29058,0,266000,29190,3618,1076,1334924,345783,
66,29932,369109,335,29665,29665,0,276288,29798,3693,1091,1365574,356160,
67,30551,381422,340,30281,30281,0,286675,30415,3770,1104,1397063,366689,
68,31180,393098,345,30907,30907,0,296394,31042,3848,1117,1428620,376916,
69,31816,403827,350,31540,31540,0,305144,31676,3927,1129,1460650,386544,
70,32593,415010,355,32281,32281,0,313974,32451,4023,1151,1493714,396846,
71,33504,426535,360,33160,33160,0,322719,33360,4136,1219,1517898,407113,
72,34451,434958,365,34073,34073,0,328253,34305,4254,1243,1554660,415030,
73,35404,443481,370,34991,34991,0,333871,35256,4372,1264,1592326,423281,
74,36375,452503,375,35925,35925,0,339935,36225,4493,1287,1631398,432189,
75,37160,465844,380,36671,36671,0,350904,37008,4590,1306,1667129,443671,
76,37943,478447,385,37416,37416,0,361139,37789,4687,1328,1700146,454711,
77,38761,491245,390,38194,38194,0,371464,38605,4788,1347,1735637,465958,
78,39600,504466,395,38994,38994,0,382144,39442,4892,1365,1772139,477479,
79,40450,518085,400,39802,39802,0,393194,40290,4997,1383,1809158,489310,
80,41308,531846,405,40608,40608,0,404381,41146,5103,1399,1846901,501251,
81,42173,545566,410,41412,41412,0,415523,42009,5210,1415,1885204,513233,
82,43055,558991,415,42235,42235,0,426313,42889,5319,1431,1924489,525200,
83,44077,567520,420,43195,43195,0,431775,43909,5446,1484,1934620,532070,
84,45108,573736,425,44161,44161,0,434902,44938,5574,1503,1971480,537047,
85,46138,579503,430,45122,45122,0,437591,45966,5702,1514,2014656,542156,
86,47168,585428,435,46083,46083,0,440438,46994,5830,1524,2059013,547952,
87,48199,591512,440,47046,47046,0,443439,48023,5958,1534,2104292,554281,
88,49230,597822,445,48006,48006,0,446672,49052,6086,1543,2150081,561164,
89,50261,604356,450,48964,48964,0,450133,50081,6214,1552,2195806,568247,
90,51292,611134,455,49922,49922,0,453838,51110,6342,1561,2242110,575731,
91,52323,618324,460,50878,50878,0,457959,52139,6470,1570,2288967,583599,
92,53391,626443,465,51875,51875,0,462885,53205,6603,1585,2332633,592089,
93,54459,634290,470,52871,52871,0,467541,54271,6736,1594,2379361,600518,
94,55527,642614,475,53869,53869,0,472670,55337,6869,1603,2426515,609469,
95,56595,651488,480,54862,54862,0,478359,56403,7002,1612,2473665,618774,
96,57663,660922,485,55853,55853,0,484612,57469,7135,1621,2520220,628556,
97,58731,670612,490,56839,56839,0,491131,58535,7268,1629,2567898,638483,
98,59799,680695,495,57826,57826,0,498041,59601,7401,1637,2615782,648689,
99,60868,691029,500,58809,58809,0,505209,60668,7534,1647,2663187,659066,
100,61942,701723,505,59794,59794,0,512728,61740,7667,1661,2707841,669628,
101,63016,712520,510,60775,60775,0,520358,62812,7800,1670,2754497,680473,
102,64090,723693,515,61756,61756,0,528364,63884,7933,1679,2802192,691498,
103,65164,735612,520,62736,62736,0,537118,64956,8066,1687,2850113,703027,
104,66238,747876,525,63716,63716,0,546217,66028,8199,1695,2897910,714833,
105,67312,760149,530,64696,64696,0,555325,67100,8332,1703,2946286,726617,
106,68386,772673,535,65676,65676,0,564684,68172,8465,1711,2993983,738616,
107,69460,785746,540,66656,66656,0,574592,69244,8598,1719,3042584,750935,
108,70534,799073,545,67636,67636,0,584754,70316,8731,1728,3091170,763399,
109,71627,812216,550,68637,68637,0,594668,71407,8867,1742,3136901,775798,
110,72720,825148,555,69638,69638,0,604371,72498,9003,1751,3184968,788107,
111,73813,838875,560,70638,70638,0,614871,73589,9139,1759,3233567,800919,
112,74906,853006,565,71637,71637,0,625777,74680,9275,1767,3282472,813976,
113,75999,867636,570,72636,72636,0,637182,75771,9411,1775,3331321,827439,
114,77092,882695,575,73635,73635,0,649016,76862,9547,1783,3380000,841163,
115,78186,899048,580,74636,74636,0,662139,77954,9683,1793,3426320,855671,
116,79279,914111,585,75635,75635,0,673977,79045,9819,1802,3475414,869424,
117,80400,931444,590,76661,76661,0,688000,80164,9958,1822,3525750,884846,
118,81521,946968,595,77687,77687,0,700214,81283,10097,1831,3574356,898805,
119,82642,963178,600,78714,78714,0,713112,82402,10236,1840,3623556,913200,
120,83763,979674,605,79740,79740,0,726298,83521,10375,1849,3673085,927773,
121,84884,996221,610,80760,80760,0,739547,84640,10514,1858,3722336,942398,
122,86005,1013232,615,81782,81782,0,753256,85759,10653,1867,3771820,957297,
123,87126,1030658,620,82804,82804,0,767380,86878,10792,1876,3821509,972422,
124,88248,1048355,625,83826,83826,0,781774,87998,10931,1885,3871091,987807,
125,89380,1067315,630,84860,84860,0,797395,89128,11072,1903,3921545,1004250,
126,90512,1084519,635,85892,85892,0,811264,90258,11213,1913,3970736,1019331,
127,91644,1102351,640,86924,86924,0,825761,91388,11354,1922,4020928,1034821,
128,92776,1121168,645,87953,87953,0,841249,92518,11495,1931,4070851,1050850,
129,93908,1140051,650,88981,88981,0,856805,93648,11636,1940,4120721,1067035,
130,95040,1158792,655,90007,90007,0,872223,94778,11777,1949,4170990,1083131,
131,96172,1178249,660,91028,91028,0,888367,95908,11918,1958,4221421,1099672,
132,97304,1197759,665,92049,92049,0,904564,97038,12059,1967,4271545,1116252,
133,98451,1218472,670,93087,93087,0,921913,98183,12202,1985,4323265,1133848,
134,99598,1237956,675,94125,94125,0,938033,99328,12345,1994,4373256,1150442,
135,100745,1257435,680,95161,95161,0,954152,100473,12488,2003,4423667,1167048,
136,101892,1277596,685,96197,96197,0,970953,101618,12631,2012,4474389,1184041,
137,103040,1298253,690,97236,97236,0,988243,102764,12774,2021,4525302,1201475,
138,104187,1318247,695,98272,98272,0,1004877,103909,12917,2030,4576191,1218452,
139,105334,1338954,700,99309,99309,0,1022222,105054,13060,2039,4626838,1235829,
140,106481,1360150,705,100345,100345,0,1040058,106199,13203,2048,4677642,1253505,
141,107628,1381138,710,101382,101382,0,1057684,107344,13346,2057,4728421,1271156,
142,108784,1402929,715,102429,102429,0,1076083,108498,13490,2075,4779970,1289640,
143,109940,1423662,720,103477,103477,0,1093422,109652,13634,2085,4830290,1307203,
144,111096,1444965,725,104523,104523,0,1111335,110806,13778,2094,4881196,1325070,
145,112252,1466885,730,105569,105569,0,1129865,111960,13922,2103,4932302,1343345,
146,113408,1488494,735,106615,106615,0,1148084,113114,14066,2112,4983522,1361434,
147,114564,1510591,740,107660,107660,0,1166793,114268,14210,2121,5034685,1379849,
148,115720,1533046,745,108704,108704,0,1185862,115422,14354,2130,5085899,1398507,
149,116876,1555619,750,109750,109750,0,1205045,116576,14498,2139,5136991,1417194,
150,118032,1578139,755,110792,110792,0,1224183,117730,14642,2149,5187046,1435934,
151,119233,1601544,760,111883,111883,0,1244058,118929,14791,2170,5239700,1455558,
152,120434,1623571,765,112973,112973,0,1262557,120128,14940,2180,5290409,1473978,
153,121635,1646688,770,114063,114063,0,1282146,121327,15089,2190,5341293,1493063,
154,122836,1669955,775,115153,115153,0,1301885,122526,15238,2199,5393134,1512266,
155,124037,1693168,780,116243,116243,0,1321570,123725,15387,2208,5444775,1531403,
156,125238,1716839,785,117330,117330,0,1341719,124924,15536,2217,5496702,1550907,
157,126439,1740759,790,118416,118416,0,1362119,126123,15685,2226,5548481,1570483,
158,127640,1764718,795,119504,119504,0,1382554,127322,15834,2236,5600092,1590215,
159,128885,1790013,800,120636,120636,0,1404187,128565,15989,2257,5653189,1611004,
160,130130,1813503,805,121763,121763,0,1424025,129808,16144,2266,5704882,1630333,
161,131375,1837830,810,122894,122894,0,1444692,131051,16299,2275,5757018,1650186,
162,132620,1862585,815,124025,124025,0,1465787,132294,16454,2284,5808971,1670358,
163,133865,1887124,820,125153,125153,0,1486672,133537,16609,2293,5861190,1690330,
164,135110,1912283,825,126283,126283,0,1508173,134780,16764,2302,5913892,1710826,
165,136355,1937773,830,127409,127409,0,1530013,136023,16919,2311,5966856,1731513,
166,137600,1962887,835,128535,128535,0,1551477,137266,17074,2320,6019451,1751880,
167,138845,1988725,840,129657,129657,0,1573673,138509,17229,2330,6071808,1772877,
168,140147,2015137,845,130838,130838,0,1596261,139809,17391,2352,6126239,1794325,
169,141449,2040220,850,132011,132011,0,1617536,141109,17553,2363,6178399,1814777,
170,142751,2066200,855,133179,133179,0,1639718,142409,17715,2373,6231236,1835732,
171,144054,2092345,860,134347,134347,0,1662064,143710,17877,2383,6284264,1856897,
172,145357,2119072,865,135515,135515,0,1684992,145011,18039,2393,6337541,1878425,
173,146659,2145851,870,136681,136681,0,1707977,146311,18201,2403,6390871,1899977,
174,147962,2172394,875,137847,137847,0,1730725,147612,18363,2413,6444098,1921421,
175,149265,2199404,880,139013,139013,0,1753940,148913,18525,2423,6496967,1943160,
176,150584,2227441,885,140193,140193,0,1778136,150230,18689,2442,6551742,1965904,
177,151903,2254049,890,141373,141373,0,1800903,151547,18853,2452,6604825,1987473,
178,153222,2280860,895,142547,142547,0,1823885,152864,19017,2462,6657969,2009215,
179,154541,2308272,900,143714,143714,0,1847482,154181,19181,2472,6711612,2031267,
180,155861,2336179,905,144881,144881,0,1871573,155499,19345,2482,6765209,2053717,
181,157180,2364357,910,146043,146043,0,1895946,156816,19509,2492,6818959,2076364,
182,158499,2392481,915,147203,147203,0,1920269,158133,19673,2502,6873016,2098833,
183,159819,2420826,920,148363,148363,0,1944812,159451,19837,2512,6926976,2121543,
184,161139,2448995,925,149519,149519,0,1969187,160769,20001,2522,6980210,2144284,
185,162471,2477402,930,150690,150690,0,1993756,162099,20167,2543,7034218,2167320,
186,163803,2504853,935,151861,151861,0,2017369,163429,20333,2553,7087464,2189531,
187,165135,2533180,940,153032,153032,0,2041858,164759,20499,2563,7141519,2212237,
188,166467,2561663,945,154200,154200,0,2066509,166089,20665,2573,7195529,2235147,
189,167799,2590198,950,155363,155363,0,2091222,167419,20831,2584,7249007,2258157,
190,169131,2619110,955,156521,156521,0,2116322,168749,20997,2594,7303357,2281396,
191,170463,2648521,960,157678,157678,0,2141923,170079,21163,2604,7357994,2304855,
192,171795,2677900,965,158833,158833,0,2167496,171409,21329,2614,7412328,2328422,
193,173127,2707029,970,159982,159982,0,2192831,172739,21495,2624,7466517,2351881,
194,174465,2737677,975,161134,161134,0,2219673,174075,21661,2644,7520420,2376627,
195,175801,2765979,980,162282,162282,0,2244179,175409,21827,2654,7573948,2399522,
196,177137,2794873,985,163429,163429,0,2269279,176743,21993,2664,7628036,2422794,
197,178474,2824104,990,164578,164578,0,2294711,178078,22159,2676,7681385,2446428,
198,179810,2853926,995,165722,165722,0,2320745,179412,22325,2686,7735974,2470385,
199,181146,2883896,1000,166868,166868,0,2346923,180746,22491,2696,7790557,2494450,
200,182482,2913849,1005,168014,168014,0,2373084,182080,22657,2706,7845039,2518521,
201,183818,2943909,1010,169159,169159,0,2399354,183414,22823,2716,7899330,2542660,
202,185174,2974549,1015,170330,170330,0,2426129,184768,22992,2736,7955004,2567413,
203,186530,3003923,1020,171498,171498,0,2451644,186122,23161,2747,8008567,2591268,
204,187886,3033819,1025,172668,172668,0,2477677,187476,23330,2757,8063122,2615428,
205,189242,3064005,1030,173836,173836,0,2504004,188830,23499,2767,8117782,2639680,
206,190598,3094221,1035,175004,175004,0,2530361,190184,23668,2777,8172847,2663996,
207,191954,3125307,1040,176171,176171,0,2557590,191538,23837,2787,8228085,2688915,
208,193310,3156053,1045,177339,177339,0,2584477,192892,24006,2797,8282556,2713747,
209,194667,3186795,1050,178509,178509,0,2611355,194247,24175,2807,8337601,2738440,
