Backup ID, Logical chunk num, Unique chunk num, Base chunk num, Delta chunk num, Logical chunk size, Unique chunk size, Base chunk size, Delta chunk size, LZ4_save size, Delta_save size, 
0,24641,24495,24461,34,208250880,207122891,100522795,132661,106250527,216908
1,49838,39626,31436,8190,420976640,343883169,130445276,1751231,137248341,74438321
2,75769,54678,37459,17219,640409600,480951594,155755379,3858107,164226953,157111155
3,102154,69374,43225,26149,864501760,615776387,180429994,6245063,189840323,239261007
4,128934,85204,49883,35321,1092659200,760639837,208875751,8980236,219600888,323182962
5,156457,101934,57196,44738,1326612480,913110906,240150300,12001681,252060244,408898681
6,184290,118788,64019,54769,1563217920,1067086366,269377334,15335352,282130339,500243341
7,212510,136407,71432,64975,1803356160,1227283855,301073891,18654794,314997471,592557699
8,241451,155151,79117,76034,2049822720,1397466120,333866987,22492228,348605476,692501429
9,270745,172102,84826,87276,2300139520,1554665685,358373240,25550718,374485777,796255950
10,300593,189672,91039,98633,2554542080,1715971804,384601705,29004890,402327069,900038140
11,331389,208165,98175,109990,2817464320,1885698253,414656699,32923405,434167494,1003950655
12,362473,226816,105618,121198,3082168320,2056620195,446453599,36910404,467219713,1106036479
13,394467,248136,115154,132982,3355002880,2249505687,487312540,42148620,509381094,1210663433
14,427730,269719,125456,144263,3639654400,2446105951,531521382,46567787,555534253,1312482529
15,461573,291289,134751,156538,3929231360,2642868685,571181169,51732723,597004948,1422949845
16,495907,313484,146255,167229,4223057920,2845343213,620443480,56491260,649326487,1519081986
17,533891,338250,160853,177397,4533319680,3055374134,677043703,61279650,710062302,1606988479
18,573226,363914,173721,190193,4869498880,3288730076,731654196,66513561,769163429,1721398890
19,614460,390057,185731,204326,5222645760,3527677934,782548713,71531749,823711529,1849885943
20,657190,416136,196752,219384,5588357120,3767058441,828765683,76559692,873667330,1988065736
21,701984,444128,208982,235146,5970749440,4022803683,879724230,81824711,929538155,2131716587
22,748244,472329,220454,251875,6365849600,4281805935,927934838,87401915,981884827,2284584355
23,795533,500237,230559,269678,6770524160,4539452538,970253692,93780586,1027633335,2447784925
24,843831,528928,241034,287894,7183421440,4803542209,1013697083,99561949,1075177564,2615105613
25,892453,557325,251186,306139,7597076480,5064122709,1055457396,105143009,1120705140,2782817164
26,943081,588339,263740,324599,8028426240,5347599334,1107240987,111756954,1178139684,2950461709
27,994732,617593,273764,343829,8468920320,5618093235,1148961231,117574980,1223581865,3127975159
28,1047519,648825,284490,364335,8918517760,5905656166,1193735904,124477015,1272748968,3314694279
29,1100481,678191,293853,384338,9369497600,6177498332,1232852126,136909684,1314504257,3493232265
30,1161683,730293,333958,396335,9891061760,6631310292,1396004032,151742601,1497048935,3586514724
31,1224165,764459,346039,418420,10425190400,6949135668,1446488626,157068507,1553401334,3792177201
32,1287906,799067,357615,441452,10969159680,7270247371,1494309806,162709613,1606149686,4007078266
33,1352398,833924,368132,465792,11518976000,7592912324,1537534030,169301744,1654066739,4232009811
34,1418053,869731,379347,490384,12079032320,7925229976,1583389424,176377338,1705498020,4459965194
35,1485051,906885,391386,515499,12650547200,8269312100,1632471239,183816070,1761100705,4691924086
36,1552883,943650,402603,541047,13229209600,8610980264,1678185361,191354980,1812862516,4928577407
37,1620506,980487,413779,566708,13805813760,8953041890,1723706463,198746974,1864415943,5166172510
38,1688546,1017268,423587,593681,14386237440,9294603528,1764161330,206270844,1909014187,5415157167
39,1757006,1054333,434425,619908,14970695680,9640069539,1808921222,214972152,1959152310,5657023855
40,1810412,1083547,442882,640665,15425167360,9911406345,1844389315,226354011,1998098039,5842564980
41,1864540,1113534,451554,661980,15886080000,10189212551,1880687207,234676925,2037837042,6036011377
42,1919273,1143338,459572,683766,16352163840,10465661096,1914194642,243144554,2075108025,6233213875
43,1974837,1173737,467773,705964,16824729600,10747386683,1948485898,252654550,2112735584,6433510651
44,2031182,1204027,475730,728297,17304453120,11028976023,1981620405,261776829,2149451077,6636127712
45,2088613,1233728,482454,751274,17793658880,11306693526,2009550323,270050248,2180558914,6846534041
46,2147190,1264387,489640,774747,18292684800,11593204633,2039396890,279444352,2214307234,7060056157
47,2206496,1294554,495595,798959,18798346240,11876362472,2064243152,288256882,2242069932,7281792506
48,2266715,1323504,499997,823507,19312179200,12150398334,2082413240,296167491,2262580511,7509237092
49,2335940,1359838,510078,849760,19902177280,12489094108,2123844132,317496265,2309525642,7738228069
50,2419066,1426420,556995,869425,20615280640,13077690238,2310149622,338317298,2532292120,7896931198
51,2503193,1471068,571264,899804,21337559040,13492750308,2368879315,346001271,2598550761,8179318961
52,2593570,1520912,590242,930670,22117294080,13956496725,2436966344,355213702,2699545832,8464770847
53,2687808,1568890,605171,963719,22935326720,14407514754,2493619302,364654660,2777341188,8771899604
54,2782874,1615142,619298,995844,23760384000,14838437071,2550366175,378135663,2842636230,9067299003
55,2878878,1662942,632988,1029954,24594739200,15284296250,2606320271,390412683,2906803935,9380759361
56,2975128,1710128,646354,1063774,25430681600,15725714597,2660117150,402301218,2970008658,9693287571
57,3070965,1757037,660321,1096716,26264494080,16164609531,2716441709,412208137,3036513366,9999446319
58,3166442,1803100,672871,1130229,27094425600,16595252208,2767549964,423437562,3095464304,10308800378
59,3262959,1849992,686259,1163733,27933890560,17033027647,2822043293,434261011,3157721717,10619001626
60,3332759,1886832,695389,1191443,28529817600,17377600787,2860062297,444962974,3200403764,10872171752
61,3430872,1934164,708916,1225248,29384591360,17821510252,2914759180,459187638,3265350312,11182213122
62,3504712,1972423,718607,1253816,30015549440,18178220181,2954671876,469302887,3309781482,11444463936
63,3579605,2009807,726970,1282837,30656389120,18529206646,2989228765,479121005,3348918451,11711938425
64,3655420,2047926,735233,1312693,31304744960,18886528805,3023036027,490398601,3387416336,11985677841
65,3732183,2085663,742485,1343178,31962798080,19242462056,3053281961,501494926,3421354461,12266330708
66,3809922,2124329,750499,1373830,32629002240,19606090117,3086791463,513151064,3458834635,12547312955
67,3888789,2162403,757101,1405302,33305978880,19966345083,3114379617,522984012,3489585657,12839395797
68,3968924,2200450,763692,1436758,33992949760,20325995601,3141637022,534348450,3520043133,13129966996
69,4050053,2237353,768733,1468620,34688532480,20677381896,3162498094,544259807,3543633653,13426990342
70,4149217,2284535,782729,1501806,35551836160,21119663880,3218795461,579305011,3610827656,13710735752
71,4265450,2371143,845270,1525873,36571084800,21893659608,3455684319,629955261,3924503032,13883516996
72,4386386,2425654,862735,1562919,37635307520,22408755401,3521296661,639563476,4014836088,14233059176
73,4508081,2477154,876304,1600850,38705633280,22895215145,3575782949,650422209,4079225733,14589784254
74,4632072,2531806,892147,1639659,39797422080,23410168790,3637732095,662070087,4157145331,14953221277
75,4732223,2578458,903073,1675385,40669081600,23848856535,3682796814,664799500,4208536229,15292723992
76,4832181,2625447,916817,1708630,41540311040,24291221580,3738151404,698556880,4273789762,15580723534
77,4936619,2671964,927487,1744477,42453647360,24729783746,3781392724,713856139,4323676724,15910858159
78,5043629,2718584,937307,1781277,43391784960,25170334985,3821017874,727549157,4370141734,16251626220
79,5152164,2765822,947218,1818604,44339476480,25614745161,3860184101,740708250,4416678731,16597174079
80,5261707,2811976,955436,1856540,45297090560,26053001409,3893297563,753171232,4455521751,16951010863
81,5372102,2858319,963326,1894993,46262865920,26494109032,3925409361,765554350,4492809389,17310335932
82,5484739,2905801,971416,1934385,47246745600,26944336428,3957590372,779418246,4530645290,17676682520
83,5615274,2974727,1030225,1944502,48257761280,27443678836,4146253612,794960396,4748824847,17753639981
84,5746948,3029093,1047656,1981437,49277388800,27828197717,4197557079,803865655,4810224380,18016550603
85,5878524,3079049,1054365,2024684,50296289280,28176859675,4214922181,812174062,4832801050,18316962382
86,6010103,3128955,1059881,2069074,51315240960,28525163481,4229010194,820085650,4851542888,18624524749
87,6141701,3178812,1064426,2114386,52334305280,28872958077,4240627999,826309474,4866984023,18939036581
88,6273302,3228688,1068455,2160233,53353441280,29220978790,4251305363,830060391,4881027159,19258585877
89,6404919,3278502,1072606,2205896,54372648960,29568467799,4262189711,833319141,4895774023,19577184924
90,6536540,3328324,1076426,2251898,55391866880,29916062621,4272127294,835208864,4908890947,19899835516
91,6668160,3378140,1079851,2298289,56411105280,30263561394,4280954253,854808049,4920790365,20207008727
92,6804565,3431960,1090209,2341751,57475010560,30644138614,4312641389,856052293,4958251745,20517193187
93,6940979,3482283,1093942,2388341,58538915840,30995265413,4322127823,858961545,4970803264,20843372781
94,7077386,3532627,1097339,2435288,59602872320,31346808615,4330854703,862204249,4982507681,21171241982
95,7213812,3582970,1100743,2482227,60666920960,31698289312,4339524825,866347762,4994249365,21498167360
96,7350241,3633269,1104691,2528578,61731000320,32049460760,4349704600,869856947,5008155267,21821743946
97,7486674,3683528,1107500,2576028,62795130880,32400320490,4356810307,873535051,5017843346,22152131786
98,7623116,3733785,1110176,2623609,63859322880,32751090403,4363561156,877487576,5027075142,22482966529
99,7759591,3784184,1113524,2670660,64923535360,33102591715,4372060506,917034911,5038649168,22774847130
100,7896734,3837918,1122930,2714988,65993605120,33482551991,4400923158,944533004,5072488969,23064606860
101,8033918,3888530,1127009,2761521,67063715840,33836062449,4411469804,932731247,5087057517,23404803881
102,8171098,3939120,1130272,2808848,68133888000,34189542680,4419952517,929158115,5098440486,23741991562
103,8308293,3989691,1133142,2856549,69204070400,34542631238,4427346952,930377138,5108349303,24076557845
104,8445492,4040213,1136188,2904025,70274324480,34895496730,4434880062,932815163,5118782379,24409019126
105,8582680,4090615,1138571,2952044,71344588800,35247383444,4440790952,935832666,5126992134,24743767692
106,8719869,4141100,1141763,2999337,72414894080,35599950429,4448514627,939201351,5137776331,25074458120
107,8857075,4191540,1143943,3047597,73485209600,35952016244,4453922206,942557017,5145218927,25410318094
108,8994276,4241970,1146115,3095855,74555525120,36304049595,4459044280,989734985,5152789850,25702480480
109,9133868,4296766,1155487,3141279,75646996480,36692624072,4488418306,980885334,5187381653,26035938779
110,9273476,4347897,1158801,3189096,76738498560,37049737902,4496895350,983095618,5198527128,26371219806
111,9413087,4398892,1161477,3237415,77830031360,37405820556,4503626994,986001575,5207789653,26708402334
112,9552710,4449914,1163825,3286089,78921687040,37762308541,4509721114,989087264,5215957216,27047542947
113,9692345,4500877,1166270,3334607,80013373440,38118104505,4515983502,992730690,5224389823,27385000490
114,9831983,4551835,1168851,3382984,81105090560,38473884103,4522485822,996650811,5233257803,27721489667
115,9971637,4602922,1173804,3429118,82196858880,38830540205,4536960047,1000612673,5251334435,28041633050
116,10111284,4653852,1176427,3477425,83288637440,39186071420,4543465497,1056187023,5260534207,28325884693
117,10254480,4719071,1191900,3527171,84415191040,39665633935,4592581463,1047043053,5328052258,28697957161
118,10397681,4770973,1195472,3575501,85541744640,40028724542,4601851552,1048521202,5340136317,29038215471
119,10540871,4822680,1198254,3624426,86668339200,40390617824,4609085111,1051703618,5349872562,29379956533
120,10684073,4874361,1200728,3673633,87794995200,40752012280,4615497264,1055434627,5358333740,29722746649
121,10827281,4926037,1203532,3722505,88921692160,41113288654,4622612893,1059883912,5368132537,30062659312
122,10970483,4977636,1205871,3771765,90048409600,41473895648,4628652977,1062894602,5376315247,30406032822
123,11113686,5029199,1208215,3820984,91175137280,41834152531,4634517728,1067373950,5384301372,30747959481
124,11256922,5081046,1210730,3870316,92301875200,42196440001,4640864440,1136882829,5393188990,31025503742
125,11401515,5143663,1223276,3920387,93438638080,42646913920,4682276703,1115653654,5440464297,31408519266
126,11546098,5195868,1226628,3969240,94575441920,43011697796,4690874792,1115214513,5451874528,31753733963
127,11690685,5248179,1229082,4019097,95712296960,43377614779,4697119667,1117888206,5460151412,32102455494
128,11835284,5300501,1231910,4068591,96849203200,43743443888,4704794744,1121222574,5469907938,32447518632
129,11979903,5352677,1234630,4118047,97986140160,44107982046,4711605291,1125308222,5479396156,32791672377
130,12124509,5404840,1236928,4167912,99123118080,44472661525,4717341030,1128991977,5487270009,33139058509
131,12269135,5456984,1238875,4218109,100260126720,44837198007,4722268025,1133606629,5493985058,33487338295
132,12413757,5509206,1241300,4267906,101397145600,45202159037,4728144227,1211499992,5502540275,33759974543
133,12560306,5573743,1254499,4319244,102548971520,45669972107,4771287601,1186665586,5554365566,34157653354
134,12706853,5626534,1257521,4369013,103700848640,46039405097,4779315268,1186915976,5564770273,34508403580
135,12853388,5679316,1260271,4419045,104852684800,46408795222,4786380962,1190525145,5574208048,34857681067
136,12999928,5732016,1262552,4469464,106004572160,46777402158,4792281279,1194181416,5582176265,35208763198
137,13146491,5784871,1264821,4520050,107156520960,47147233419,4798003195,1198437066,5589951208,35560841950
138,13293046,5837477,1266862,4570615,108308500480,47515049838,4803117012,1202090572,5596982900,35912859354
139,13439601,5890056,1269249,4620807,109460500480,47882533659,4808926093,1206128231,5605157895,36262321440
140,13586157,5942529,1271171,4671358,110612520960,48249044660,4813664844,1210240513,5611647453,36613491850
141,13732717,5995056,1273361,4721695,111764551680,48616124200,4818877215,1301882577,5619334814,36876029594
142,13880344,6058499,1285584,4772915,112924149760,49073860100,4859180713,1266744614,5666056900,37281877873
143,14027988,6111925,1289022,4822903,114083829760,49447891995,4867963029,1265420027,5677802812,37636706127
144,14175645,6165186,1291716,4873470,115243581440,49820445302,4874776076,1268860660,5686987651,37989820915
145,14323303,6218305,1294073,4924232,116403353600,50191733991,4880679569,1273025884,5695016137,38343012401
146,14470960,6271425,1296362,4975063,117563146240,50563113252,4886580547,1277350448,5702967472,38696214785
147,14618628,6324581,1298760,5025821,118722969600,50934898919,4892649089,1281085995,5711289612,39049874223
148,14766300,6377676,1301089,5076587,119882823680,51306102127,4898562806,1285387741,5719395185,39402756395
149,14913989,6430735,1303565,5127170,121042739200,51676783287,4904688863,1290473851,5727942620,39753677953
150,15061697,6483725,1307011,5176714,122202654720,52046653921,4913505131,1395447535,5740237370,39997463885
151,15215081,6551594,1322673,5228921,123417743360,52542126172,4961979396,1361279119,5808511029,40410356628
152,15368526,6606120,1326803,5279317,124632862720,52923284157,4972824786,1361363545,5822457342,40766638484
153,15521904,6659947,1330015,5329932,125848002560,53299309398,4981463400,1362165255,5834077957,41121602786
154,15675282,6713636,1332256,5381380,127063162880,53674073370,4987172530,1365668553,5842063089,41479169198
155,15828675,6767498,1334858,5432640,128278353920,54050239508,4993818025,1369710637,5851158761,41835552085
156,15982054,6821147,1337043,5484104,129493575680,54424765409,4999248625,1372913216,5858704536,42193899032
157,16135440,6874760,1339272,5535488,130708828160,54798978754,5004653315,1376667155,5866365268,42551293016
158,16288844,6928446,1341829,5586617,131924111360,55173626794,5010761058,1475173452,5875382897,42812309387
159,16447881,6997829,1358560,5639269,133193082880,55683897240,5061189191,1445186970,5950844177,43226676902
160,16606926,7052409,1361736,5690673,134462105600,56065143765,5069269407,1442417311,5961766864,43591690183
161,16765974,7106802,1364283,5742519,135731159040,56444802879,5075647224,1445011695,5970520360,43953623600
162,16925032,7161385,1367280,5794105,137000273920,56826044878,5083560791,1449558416,5981106046,44311819625
163,17084103,7215812,1369969,5845843,138269419520,57205869603,5090428462,1453809164,5990524350,44671107627
164,17243196,7270287,1372092,5898195,139538606080,57586041595,5095755719,1457132526,5997928930,45035224420
165,17402274,7324836,1374005,5950831,140807864320,57967173406,5100648693,1460418701,6004664558,45401441454
166,17561357,7379256,1376166,6003090,142077163520,58347083586,5106069277,1466533154,6012214101,45762267054
167,17720447,7433609,1378623,6054986,143346462720,58726475359,5111745833,1579131838,6020674944,46014922744
168,17886817,7504752,1396210,6108542,144686612480,59254482293,5163312180,1677212955,6106187915,46307769243
169,18053209,7560224,1399888,6160336,146026874880,59642371034,5172579663,1698968949,6118835437,46651986985
170,18219602,7615541,1402648,6212893,147367178240,60028979932,5179596037,1712342320,6128418316,47008623259
171,18386010,7670761,1405180,6265581,148707522560,60414563771,5185910196,1723386308,6137232532,47368034735
172,18552417,7725971,1407436,6318535,150047897600,60800172108,5191587557,1730798841,6145031561,47732754149
173,18718807,7781013,1409520,6371493,151388272640,61184458625,5196669854,1737877457,6152265402,48097645912
174,18885225,7836302,1412039,6424263,152728668160,61570577496,5202739283,1746446430,6160918656,48460473127
175,19051640,7891501,1414790,6476711,154069084160,61956043340,5209426023,1780123974,6170500301,48795993042
176,19220179,7958927,1427726,6531201,155427061760,62443904441,5250650578,1794783495,6221952777,49176517591
177,19388737,8014877,1430829,6584048,156785070080,62834909536,5258754279,1799703803,6232665696,49543785758
178,19557303,8070715,1433921,6636794,158143150080,63225012328,5266396247,1806345809,6243297309,49908972963
179,19725862,8126473,1436349,6690124,159501301760,63614575920,5272522397,1811929238,6251760639,50278363646
180,19894446,8182287,1438979,6743308,160859504640,64004795765,5278961798,1818666886,6260869349,50646297732
181,20063015,8238008,1441332,6796676,162217748480,64394128344,5284970090,1823287046,6269236897,51016634311
182,20231579,8293687,1443447,6850240,163576023040,64783161592,5290304190,1829050279,6276693001,51387114122
183,20400159,8349256,1445253,6904003,164934318080,65171073852,5294711305,1834832253,6282930349,51758599945
184,20568769,8405097,1448335,6956762,166292643840,65560730580,5302486597,1894011267,6293830459,52070402257
185,20738884,8474319,1464228,7010091,167663482880,66060826530,5350924287,1894619781,6357351638,52457930824
186,20909007,8530654,1467686,7062968,169034342400,66453771629,5359194924,1898232037,6369582432,52826762236
187,21079149,8586848,1470174,7116674,170405335040,66846099255,5365386075,1901938232,6378284102,53200490846
188,21249296,8643194,1472958,7170236,171776348160,67239456128,5372380783,1907777587,6387926379,53571371379
189,21419516,8699712,1476337,7223375,173147402240,67633595012,5380959002,1916938153,6399529081,53936168776
190,21589668,8755882,1478607,7277275,174518487040,68025605366,5386614555,1920335843,6407485399,54311169569
191,21759830,8812170,1480690,7331480,175889612800,68418780233,5391796666,1923839232,6414668635,54688475700
192,21930000,8868495,1483025,7385470,177260769280,68811767293,5397665019,1929135048,6422808946,55062158280
193,22100177,8924695,1485539,7439156,178631946240,69203938386,5403600220,1999143933,6431560783,55369633450
194,22271074,8992244,1499575,7492669,180008775680,69690705773,5448775509,1991423093,6485488172,55765018999
195,22441790,9048642,1502832,7545810,181384151040,70084352759,5457044383,1993362546,6496593984,56137351846
196,22612511,9105227,1505733,7599494,182759546880,70479646678,5464501457,1998336292,6506605786,56510203143
197,22783370,9163082,1510653,7652429,184135034880,70884113696,5477699926,2010077128,6524191854,56872144788
198,22954098,9219404,1512701,7706703,185510543360,71277231023,5482756636,2012055974,6531419286,57250999127
199,23124824,9275749,1514869,7760880,186886082560,71670617640,5488276397,2015919299,6539011001,57627410943
200,23295551,9332065,1517089,7814976,188261662720,72063721272,5493802984,2020826662,6546718332,58002373294
201,23466280,9388353,1519624,7868729,189637253120,72456450053,5499950316,2096728727,6555636534,58304134476
202,23639562,9457474,1533449,7924025,191035084800,72958078126,5543349063,2088081021,6612957189,58713690853
203,23812842,9514409,1537155,7977254,192432936960,73355640238,5552307190,2087830060,6625632853,59089870135
204,23986132,9571470,1540060,8031410,193830850560,73754512241,5559483574,2092757879,6635716238,59466554550
205,24159416,9628351,1542725,8085626,195228815360,74151741452,5566209074,2097145405,6645091852,59843295121
206,24332721,9685313,1545088,8140225,196626831360,74549606383,5572215594,2103950163,6653448718,60219991908
207,24506020,9742188,1547101,8195087,198024888320,74946933668,5577219584,2107049622,6660546502,60602117960
208,24679332,9799081,1549867,8249214,199422986240,75344383951,5584254987,2111763487,6670374830,60977990647
209,24852683,9856049,1552324,8303725,200821135360,75742099691,5590122015,2202284222,6679007100,61270686354
