Backup ID, FPindex, SFindex, Deltaindex
0,1959600,4687040,1728
1,3170080,6024896,522144
2,4374240,7180544,938848
3,5549920,8286656,1320704
4,6816320,9562496,1711232
5,8154720,10961664,2117984
6,9503040,12260288,2553440
7,10912560,13674816,2987872
8,12412080,15141312,3469760
9,13768160,16227904,3947616
10,15173760,17409408,4411456
11,16653200,18768320,4874272
12,18145280,20182080,5342272
13,19850880,22000000,5840224
14,21577520,23964096,6319648
15,23303120,25735040,6855488
16,25078720,27921024,7314208
17,27060000,30704512,7765376
18,29113120,33146496,8324448
19,31204560,35435136,8951200
20,33290880,37538112,9593504
21,35530240,39869248,10252288
22,37786320,42054784,10955520
23,40018960,43973568,11697856
24,42314240,45970048,12448608
25,44586000,47900608,13188736
26,47067120,50291776,13936064
27,49407440,52199936,14725408
28,51906000,54239360,15551200
29,54255280,56025152,16353120
30,58423440,63710400,16841792
31,61156720,66026816,18045088
32,63925360,68242944,19000032
33,66713920,70250304,19971328
34,69578480,72380544,20944096
35,72550800,74672320,21937984
36,75492000,76800704,22945152
37,78438960,78926272,23948768
38,81381440,80787072,25010752
39,84346640,82843392,26018336
40,86683760,84426240,26813760
41,89082720,86056704,27632352
42,91467040,87561216,28473696
43,93898960,89097280,29319744
44,96322160,90588352,30169280
45,98698240,91841664,31039936
46,101150960,93177984,31911168
47,103564320,94276608,32811648
48,105880320,95072896,33699136
49,108787040,96975616,34706560
50,114113600,105935680,35482176
51,117685440,108664576,37039104
52,121672960,112263680,38296096
53,125511200,115105728,39618272
54,129211360,117792896,40866624
55,133035360,120382400,42212320
56,136810240,122912832,43525632
57,140562960,125569920,44806688
58,144248000,127947712,46117216
59,147999360,130487104,47408256
60,150946560,132187584,48443584
61,154733120,134744384,49744736
62,157793840,136554560,50823072
63,160784560,138116864,51908064
64,163834080,139655104,53014144
65,166853040,140996672,54133376
66,169946320,142479360,55248320
67,172992240,143692544,56389504
68,176036000,144903936,57514496
69,178988240,145814656,58642560
70,182762800,148455360,59918080
71,189691440,160374208,60906144
72,194052320,163715456,62879744
73,198172320,166308288,64403936
74,202544480,169253632,65909088
75,206276640,171277824,67251552
76,210035760,173847296,68497184
77,213757120,175844032,69897280
78,217486720,177671936,71258432
79,221265760,179517760,72630208
80,224958080,181039744,74010144
81,228665520,182499456,75392800
82,232464080,183990848,76806464
83,237978160,195250880,77264704
84,242327440,198594688,79482368
85,246323920,199880896,81258560
86,250316400,200931136,82838304
87,254304960,201784896,84405920
88,258295040,202520064,85982080
89,262280160,203252928,87529952
90,266265920,203890624,89085856
91,270251200,204449792,90641280
92,274556800,206347968,92142720
93,278582640,207004992,93842880
94,282610160,207589696,95432256
95,286637600,208178752,97006400
96,290661520,208871872,98561248
97,294682240,209347136,100143520
98,298702800,209798336,101723872
99,302734720,210355392,103290528
100,307033440,212083264,104795136
101,311082400,212809536,106467488
102,315129600,213360576,108062176
103,319175280,213842688,109654688
104,323217040,214348736,111234336
105,327249200,214739008,112826656
106,331288000,215289344,114389824
107,335323200,215644160,115984544
108,339357600,216003264,117573664
109,343741280,217731712,119108672
110,347831760,218304704,120826912
111,351911360,218750016,122442272
112,355993120,219134912,124058080
113,360070160,219534784,125660736
114,364146800,219969536,127260032
115,368233760,220832192,128822656
116,372308160,221319168,130415072
117,377525680,224202944,132147072
118,381677840,224812992,133893600
119,385814400,225277760,135536672
120,389948880,225687872,137168320
121,394082960,226156608,138788576
122,398210880,226538560,140417088
123,402335920,226920064,142040768
124,406483680,227331968,143673152
125,411493040,229654528,145388640
126,415669440,230238016,147119072
127,419854320,230641792,148780704
128,424040080,231117312,150424480
129,428214160,231576128,152062720
130,432387200,231954432,153710080
131,436558720,232262400,155362240
132,440736480,232663872,157002656
133,445899440,235107520,158763488
134,450122720,235617536,160535744
135,454345280,236075776,162205312
136,458561280,236453760,163876960
137,462789680,236821696,165548320
138,466998160,237146880,167213280
139,471204480,237535488,168861888
140,475402320,237836864,170524704
141,479604480,238206400,172172096
142,484679920,240474304,173919424
143,488954000,241072192,175694240
144,493214880,241534784,177377504
145,497464400,241922176,179059520
146,501714000,242298240,180732992
147,505966480,242686720,182402464
148,510214080,243054656,184072512
149,514458800,243465344,185736736
150,518698000,244049856,187372128
151,524127520,246954368,189175968
152,528489600,247684416,190992064
153,532795760,248225920,192688896
154,537090880,248598912,194396704
155,541399840,249027392,196093632
156,545691760,249377600,197788608
157,549980800,249734144,199481152
158,554275680,250154624,201164224
159,559826320,253279552,202981024
160,564192720,253819392,204822400
161,568544160,254236544,206548704
162,572910800,254739264,208259584
163,577264960,255182976,209966848
164,581622960,255521152,211690848
165,585986880,255814528,213420608
166,590340480,256167296,215134656
167,594688720,256564928,216838944
168,600380160,259803456,218684576
169,604817920,260442304,220543584
170,609243280,260904640,222300320
171,613660880,261324544,224042336
172,618077680,261678400,225792224
173,622481040,262014592,227535840
174,626904160,262425856,229267552
175,631320080,262892864,230992672
176,636714160,265282752,232856704
177,641190160,265826624,234722656
178,645657200,266350656,236476448
179,650117840,266749696,238241408
180,654582960,267182912,239998368
181,659040640,267565312,241754016
182,663494960,267909952,243510496
183,667940480,268188608,245273824
184,672407760,268710080,247008256
185,677945520,271672448,248840320
186,682452320,272268864,250722432
187,686947840,272660480,252511712
188,691455520,273112384,254285152
189,695976960,273706944,256044672
190,700470560,274064512,257817632
191,704973600,274400384,259597504
192,709479600,274776960,261372832
193,713975600,275192640,263140160
194,719379520,277769984,264972768
195,723891360,278346304,266860768
196,728418160,278836032,268652928
197,733046560,279712512,270421824
198,737552320,280038144,272213984
199,742059920,280379200,273993600
200,746565200,280732608,275769440
201,751068240,281163136,277534080
202,756597920,283723776,279424608
203,761152720,284362048,281310016
204,765717600,284849216,283113152
205,770268080,285285952,284903136
206,774825040,285654720,286704000
207,779375040,285968448,288510272
208,783926480,286428928,290292928
209,788483920,286845376,292084224
