Backup ID, Online Delta_save, Offline Delta_save, Offline delta time, Offline dedelta time, Offline delete time, Offline Delta chunk num
0,216908,0,0,0,0,0
1,74438321,0,0,0,0,0
2,157111155,0,0,0,0,0
3,237526784,1734223,396,210,21,186
4,316590689,6592273,1640,925,63,715
5,380468640,28430041,8291,5124,132,3167
6,412385954,87857387,27345,17651,220,9694
7,454895650,137662049,44169,28892,328,15277
8,499652273,192849156,63243,41780,454,21463
9,556394614,239861336,80587,53871,597,26716
10,607853394,292184746,102473,69902,755,32571
11,652964896,350985759,128563,89432,929,39131
12,698104506,407931973,154149,108656,1123,45493
13,735408021,475255412,184962,131769,1331,53193
14,778090119,534392410,212231,152339,1559,59892
15,824091998,598857847,242385,175167,1803,67218
16,873392338,645689648,264089,191534,2054,72555
17,911915712,695072767,287112,208756,2334,78356
18,952778649,768620241,319625,232947,2620,86678
19,1010024857,839861086,353083,258471,2926,94612
20,1077707346,910358390,385866,283423,3250,102443
21,1145251224,986465363,422228,311347,3584,110881
22,1215512993,1069071362,462499,342496,3959,120003
23,1279197240,1168587685,515895,384908,4345,130987
24,1351079873,1264025740,564064,422459,4739,141605
25,1420715353,1362101811,620028,467563,5151,152465
26,1481162487,1469299222,682150,517727,5582,164423
27,1566503282,1561471877,737226,562702,5997,174524
28,1615225316,1699468963,819770,629948,6502,189822
29,1704071046,1789161219,880090,679796,6948,200294
30,1717741909,1868772815,941520,730862,7546,210658
31,1899119648,1893057553,952012,738604,7852,213408
32,2083267111,1923811155,968944,752120,8166,216824
33,2236082736,1995927075,1006885,782077,8627,224808
34,2371875022,2088090172,1060368,825430,9106,234938
35,2491426082,2200498004,1121784,874512,9601,247272
36,2600411741,2328165666,1193757,932563,10108,261194
37,2713632828,2452539682,1267537,992715,10630,274822
38,2828314630,2586842537,1351302,1061694,11122,289608
39,2923650329,2733373526,1450237,1144437,11695,305800
40,2932744577,2909820403,1604716,1279134,12472,325582
41,2962922652,3073088725,1743650,1399965,13236,343685
42,3008160622,3225053253,1871555,1510895,13992,360660
43,3046895897,3386614754,2016040,1637283,14774,378757
44,3081518169,3554609543,2169263,1771860,15562,397403
45,3128440568,3718093473,2320973,1905500,16349,415473
46,3159992964,3900063193,2500787,2065128,17152,435659
47,3193845736,4087946770,2684094,2227756,17939,456338
48,3231419972,4277817120,2875429,2398472,18719,476957
49,3257815381,4480412688,3072679,2572293,19602,500386
50,3269049602,4627881596,3222333,2703565,20653,518768
51,3489458022,4689860939,3277950,2752270,21362,525680
52,3689588282,4775182565,3341748,2806588,22097,535160
53,3883421035,4888478569,3431530,2883844,22836,547686
54,4031377890,5035921113,3550809,2986628,23690,564181
55,4158686810,5222072551,3684485,3099751,24570,584734
56,4286446321,5406841250,3822893,3217822,25425,605071
57,4421822103,5577624216,3945716,3321839,26207,623877
58,4535515343,5773285035,4094796,3449477,27087,645319
59,4655480198,5963521428,4242940,3576754,27997,666186
60,4664481585,6207690167,4521109,3828145,29193,692964
61,4746794674,6435418448,4707547,3989436,30169,718111
62,4779227660,6665236276,4961516,4218277,31393,743239
63,4841747048,6870191377,5193342,4427590,32507,765752
64,4889935673,7095742168,5451317,4660750,33680,790567
65,4938202205,7328128503,5718839,4902873,34829,815966
66,4989413780,7557899175,5992770,5151425,35999,841345
67,5041366609,7798029188,6282498,5415140,37142,867358
68,5094147830,8035819166,6586415,5693147,38328,893268
69,5141320357,8285669985,6908969,5988702,39454,920267
70,5174031855,8536703897,7178337,6228278,40767,950059
71,5189490516,8694026480,7339711,6367311,42470,972400
72,5480395589,8752663587,7381099,6402251,43207,978848
73,5758290628,8831493626,7436684,6449059,44027,987625
74,5996735239,8956486038,7518768,6517450,44954,1001318
75,6049435300,9243288692,7801901,6770390,46301,1031511
76,6110082198,9470641336,8026373,6967948,47610,1058425
77,6222927148,9687931011,8210131,7127695,48764,1082436
78,6326471216,9925155004,8409122,7300655,49896,1108467
79,6416347912,10180826167,8632966,7496596,51061,1136370
80,6526138406,10424872457,8858259,7695403,52186,1162856
81,6629918330,10680417602,9097385,7906861,53341,1190524
82,6725209863,10951472657,9355827,8135756,54501,1220071
83,6739038791,11014601190,9388771,8160170,56290,1228601
84,6989596999,11026953604,9391975,8161644,56608,1230331
85,7282491273,11034471109,9394254,8162859,56770,1231395
86,7564254356,11060270393,9405083,8169957,57124,1235126
87,7831118404,11107918177,9429185,8187117,57494,1242068
88,8067144440,11191441437,9481132,8227049,57924,1254083
89,8266780140,11310404784,9569089,8297460,58284,1271629
90,8430148142,11469687374,9701786,8406918,58651,1294868
91,8597993006,11609015721,9848759,8531190,58994,1317569
92,8689546934,11827646253,10064155,8715715,59748,1348440
93,8849973076,11993399705,10242799,8869907,60147,1372892
94,8996584896,12174657086,10454134,9054535,60574,1399599
95,9140703362,12357463998,10686499,9259945,61047,1426554
96,9266984873,12554759073,10954892,9499336,61524,1455556
97,9408695447,12743436339,11231518,9748040,61998,1483478
98,9552812648,12930153881,11522828,10011633,62509,1511195
99,9654123053,13120724077,11897005,10352776,63111,1544229
100,9706748163,13357858697,12331242,10749793,64055,1581449
101,9838305529,13566498352,12657685,11048057,64699,1609628
102,9941507355,13800484207,13062701,11419819,65395,1642882
103,10059068355,14017489490,13467386,11792992,66095,1674394
104,10177673837,14231345289,13885379,12179770,66802,1705609
105,10300624448,14443143244,14321772,12585030,67539,1736742
106,10424275748,14650182372,14770991,13003851,68299,1767140
107,10563871932,14846446162,15212919,13416799,69047,1796120
108,10688529583,15013950897,15706091,13878915,69834,1827176
109,10726328650,15309610129,16367511,14499964,71183,1867547
110,10848108915,15523110891,16870300,14971453,72122,1898847
111,10962267578,15746134756,17414006,15482442,73019,1931564
112,11103815759,15943727188,17908460,15947679,73921,1960781
113,11215631111,16169369379,18496529,16502469,74819,1994060
114,11339672333,16381817334,19068133,17042771,75747,2025362
115,11397590330,16644042720,19745678,17682086,76852,2063592
116,11523683909,16802200784,20343107,18248639,77809,2094468
117,11540565641,17157391520,21211046,19068991,79997,2142055
118,11661363683,17376851788,21820551,19646489,81086,2174062
119,11784326928,17595629605,22441856,20235608,82195,2206248
120,11900434864,17822311785,23107613,20867829,83275,2239784
121,12030560656,18032098656,23744131,21473226,84347,2270905
122,12165446646,18240586176,24379614,22077823,85439,2301791
123,12270028035,18477931446,25152180,22815262,86653,2336918
124,12369988176,18655515566,25938493,23566069,87953,2372424
125,12396243616,19012275650,26937586,24518624,90195,2418962
126,12501134432,19252599531,27720933,25267319,91474,2453614
127,12616820202,19485635292,28494139,26006336,92706,2487803
128,12722430480,19725088152,29304698,26781782,94052,2522916
129,12814647416,19977024961,30189504,27629659,95404,2559845
130,12927534859,20211523650,31033999,28439684,96675,2594315
131,13055679570,20431658725,31849151,29222153,97996,2626998
132,13156378915,20603595628,32758141,30095243,99382,2662898
133,13175822671,20981830683,33945229,31233492,101916,2711737
134,13281277664,21227125916,34845352,32098077,103382,2747275
135,13381967004,21475714063,35774844,32991141,104882,2783703
136,13506136542,21702626656,36627089,33809867,106279,2817222
137,13606821233,21954020717,37608590,34754415,107688,2854175
138,13723253216,22189606138,38553162,35664254,109119,2888908
139,13824107891,22438213549,39572302,36646949,110656,2925353
140,13961547341,22651944509,40463307,37506105,112081,2957202
141,14054736736,22821292858,41557376,38562699,113643,2994677
142,14080617623,23201260250,42883948,39841533,116271,3042415
143,14171347129,23465358998,43969001,40888812,117967,3080189
144,14273222186,23716598729,45033391,41916425,119588,3116966
145,14367402245,23975610156,46157353,43002339,121145,3155014
146,14477452753,24218762032,47226043,44035118,122743,3190925
147,14585587184,24464287039,48327122,45100115,124376,3227007
148,14687139866,24715616529,49464344,46200266,126064,3264078
149,14770557542,24983120411,50712354,47408944,127800,3303410
150,14836341946,25161121939,52023125,48679150,129641,3343975
151,14865299548,25545057080,53459699,50067320,132644,3392379
152,14959912436,25806726048,54621037,51190944,134552,3430093
153,15045182304,26076420482,55833680,52364515,136335,3469165
154,15167269954,26311899244,56932045,53428081,137918,3503964
155,15261147660,26574404425,58169177,54626742,139624,3542435
156,15355674381,26838224651,59443132,55862073,141386,3581059
157,15449498285,27101794731,60731723,57111896,143078,3619827
158,15557291754,27255017633,61949764,58293706,144834,3656058
159,15584636639,27642040263,63518283,59812999,148022,3705284
160,15687726758,27903963425,64749583,61006881,149846,3742702
161,15795131327,28158492273,65993752,62213830,151643,3779922
162,15895469669,28416349956,67267371,63449506,153511,3817865
163,15988088859,28683018768,68608935,64751899,155338,3857036
164,16097978868,28937245552,69895484,66001030,157087,3894454
165,16236769201,29164672253,71046244,67118127,158778,3928117
166,16343710121,29418556933,72383927,68418226,160650,3965701
167,16438125110,29576797634,73802116,69797479,162519,4004637
168,16462402958,29845366285,75522869,71467797,165821,4055072
169,16551591909,30100395076,76928565,72833698,167855,4094867
170,16671892828,30336730431,78200521,74069448,169826,4131073
171,16768123572,30599911163,79629389,75458764,171829,4170625
172,16903144368,30829609781,80832300,76627190,173725,4205110
173,17028501728,31069144184,82137893,77897231,175710,4240662
174,17120269605,31340203522,83639737,79358662,177890,4281075
175,17233705662,31562287380,85012846,80695010,180053,4317836
176,17261547033,31914970558,86826794,82458076,183570,4368718
177,17401341100,32142444658,88065951,83663537,185624,4402414
178,17485604920,32423368043,89618644,85174824,187925,4443820
179,17599166880,32679196766,91041482,86559758,190095,4481724
180,17694775841,32951521891,92589998,88068060,192338,4521938
181,17813146002,33203488309,94019493,89460294,194420,4559199
182,17933428258,33453685864,95465578,90869204,196561,4596374
183,18063593936,33695006009,96873227,92241063,198717,4632164
184,18125661561,33944740696,98659937,93983423,201340,4676514
185,18145667347,34312263477,100617027,95889794,204985,4727233
186,18269223930,34557538306,102033587,97270347,207225,4763240
187,18377267055,34823223791,103574385,98772179,209385,4802206
188,18478177820,35093193559,105175020,100333011,211740,4842009
189,18574593422,35361575354,106800545,101918620,214172,4881925
190,18670439348,35640730221,108487779,103564860,216434,4922919
191,18786405887,35902069813,110042460,105081176,218649,4961284
192,18889214160,36172944120,111703846,106702532,220989,5001314
193,18971546031,36398087419,113523131,108479321,223497,5043810
194,18989933552,36775085447,115513489,110418580,227287,5094909
195,19087953234,37049398612,117168525,112033724,229717,5134801
196,19204139310,37306063833,118721807,113549098,232116,5172709
197,19293699663,37578445125,120375195,115161719,234814,5213476
198,19416484757,37834514370,121945197,116694176,237033,5251021
199,19518692379,38108718564,123667027,118375707,239414,5291320
200,19634856593,38367516701,125276151,119946506,241677,5329645
201,19734714327,38569420149,127040468,121670735,244098,5369733
202,19760923824,38952767029,129210468,123788806,247952,5421662
203,19874900565,39214969570,130801971,125342583,250365,5459388
204,19980135814,39486418736,132505773,127006511,252717,5499262
205,20086841698,39756453423,134254041,128715082,255132,5538959
206,20192692040,40027299868,136013227,130434097,257529,5579130
207,20317657848,40284460112,137674774,132057937,259827,5616837
208,20442011563,40535979084,139294975,133641025,262216,5653950
209,20527665281,40743021073,141233987,135537298,264875,5696689
