BackupID, OnlineSpeed(MB/s), Encalve ProcessTime(s), BackupSize, OnlineSize, OfflineSize, OfflineTime(s)
0, 97.2451, 2.0423, 208250880, 100655456, 100655456, 0.001023
1, 140.299, 1.44599, 212725760, 132196507, 132196507, 0.000304
2, 142.644, 1.46706, 219432960, 159613486, 159613486, 0.000325
3, 142.71, 1.49752, 224092160, 187421452, 186675057, 0.824359
4, 138.928, 1.56619, 228157440, 219941784, 217855987, 1.97934
5, 134.328, 1.66097, 233953280, 262155410, 252151981, 8.10664
6, 130.291, 1.73185, 236605440, 312445409, 284712686, 21.5318
7, 126.856, 1.8053, 240138240, 343042718, 319728685, 18.388
8, 121.128, 1.94051, 246466560, 382632821, 356359215, 20.0791
9, 129.404, 1.84477, 250316800, 405979510, 383923958, 18.0607
10, 126.65, 1.91565, 254402560, 437749253, 413606595, 21.6436
11, 127.135, 1.97225, 262922240, 474542227, 447580104, 24.9465
12, 129.997, 1.9419, 264704000, 509518933, 483364003, 24.4946
13, 118.243, 2.20052, 272834560, 560434287, 529461160, 29.3485
14, 117.899, 2.30252, 284651520, 605309639, 578089169, 26.5633
15, 118.868, 2.32327, 289576960, 652370933, 622913892, 28.8913
16, 115.832, 2.41915, 293826560, 698267698, 676934740, 21.5689
17, 116.608, 2.53747, 310261760, 760049346, 738323353, 23.4338
18, 114.615, 2.79724, 336179200, 832061564, 798167757, 32.4347
19, 120.673, 2.79091, 353146880, 886854252, 854080462, 32.8662
20, 125.751, 2.77349, 365711360, 938065812, 905325375, 32.6493
21, 120.986, 3.0142, 382392320, 996659765, 961548941, 35.7971
22, 124.099, 3.03626, 395100160, 1053123711, 1015336753, 39.1426
23, 127.895, 3.01754, 404674560, 1109623786, 1064034278, 49.1236
24, 126.265, 3.11859, 412897280, 1157794090, 1113259032, 45.8659
25, 126.296, 3.12355, 413655040, 1206418760, 1160600405, 51.1984
26, 125.837, 3.26905, 431349760, 1267903277, 1218997941, 56.1045
27, 128.928, 3.25832, 440494080, 1308339642, 1266536211, 49.5593
28, 124.065, 3.45602, 449597440, 1382259355, 1318212919, 73.3057
29, 128.596, 3.3445, 450979840, 1408050777, 1369761810, 53.8637
30, 96.7192, 5.14275, 521564160, 1579161234, 1547746633, 55.4344
31, 131.885, 3.86233, 534128640, 1614096328, 1603557133, 13.2267
32, 127.441, 4.07065, 543969280, 1670820495, 1657019419, 18.0776
33, 134.833, 3.88886, 549816320, 1739461687, 1706835774, 38.9641
34, 135.728, 3.93515, 560056320, 1801890641, 1759766762, 50.4873
35, 132.47, 4.11442, 571514880, 1867240656, 1816287309, 58.1324
36, 135.15, 4.08328, 578662400, 1927425201, 1869540341, 65.8656
37, 132.146, 4.16126, 576604160, 1979134102, 1922453437, 66.109
38, 133.132, 4.15779, 580423680, 2031575340, 1970432174, 72.7122
39, 133.098, 4.18777, 584458240, 2090402856, 2023893374, 85.0007
40, 134.244, 3.22859, 454471680, 2149521816, 2070743326, 117.644
41, 128.112, 3.43106, 460912640, 2189585357, 2115364132, 118.301
42, 128.978, 3.44627, 466083840, 2226187006, 2157339196, 107.486
43, 129.527, 3.47938, 472565760, 2274546421, 2201140448, 116.678
44, 129.865, 3.52288, 479723520, 2319262411, 2243397234, 124.094
45, 133.101, 3.50518, 489205760, 2353344102, 2279600571, 122.201
46, 135.199, 3.52007, 499025920, 2400936616, 2318841242, 140.63
47, 135.911, 3.54819, 505661440, 2437641841, 2352500034, 144.639
48, 140.41, 3.48998, 513832960, 2464776193, 2378580731, 147.707
49, 132.24, 4.25488, 589998080, 2526907514, 2441340397, 151.898
50, 105.505, 6.44582, 713103360, 2707851246, 2648466920, 126.594
51, 121.923, 5.64963, 722278400, 2741978996, 2714880586, 51.8803
52, 133.408, 5.57398, 779735040, 2829576603, 2792180046, 58.6227
53, 140.823, 5.53984, 818032640, 2908430532, 2858273962, 77.9245
54, 147.917, 5.31946, 825057280, 2992040446, 2928501838, 101.413
55, 145.449, 5.47068, 834355200, 3079238918, 2996732954, 115.176
56, 145.904, 5.46397, 835942400, 3143653482, 3062418368, 116.855
57, 147.446, 5.39305, 833812480, 3204683781, 3128649846, 104.781
58, 147.361, 5.37105, 829931520, 3278891695, 3190987526, 124.512
59, 146.752, 5.45528, 839464960, 3341366138, 3256304304, 124.474
60, 138.396, 4.10648, 595927040, 3415428307, 3305025271, 193.093
61, 146.501, 5.56429, 854773760, 3474058465, 3373946818, 154.76
62, 131.056, 4.59137, 630958080, 3527601059, 3423974763, 194.192
63, 138.966, 4.39787, 640839680, 3560432149, 3468349770, 181.865
64, 135.025, 4.57931, 648355840, 3614919641, 3513434628, 197.893
65, 140.015, 4.48214, 658053120, 3658613062, 3554776887, 204.162
66, 139.137, 4.56629, 666204160, 3702794808, 3599942527, 208.919
67, 141.659, 4.55752, 676976640, 3745577724, 3637363629, 217.767
68, 145.012, 4.51788, 686970880, 3782043568, 3675985472, 226.505
69, 145.301, 4.5654, 695582720, 3819046103, 3706757901, 238.734
70, 149.066, 5.52314, 863303680, 3898051273, 3798100472, 205.251
71, 117.523, 8.27102, 1019248640, 4133128473, 4085639580, 143.039
72, 151.914, 6.68089, 1064222720, 4185170421, 4160860137, 43.303
73, 158.577, 6.43687, 1070325760, 4259425794, 4226205158, 55.0227
74, 156.988, 6.63242, 1091788800, 4354258387, 4299802182, 78.7453
75, 147.839, 5.62287, 871659520, 4480493113, 4347596314, 211.613
76, 145.973, 5.69195, 871229440, 4524976412, 4436708284, 186.009
77, 150.724, 5.77895, 913336320, 4588719006, 4495248863, 156.292
78, 155.259, 5.76249, 938137600, 4651226713, 4548567031, 163.559
79, 154.717, 5.84157, 947691520, 4712299614, 4600892351, 181.805
80, 157.164, 5.81081, 957614080, 4752799959, 4646468795, 179.853
81, 157.742, 5.83888, 965775360, 4802656239, 4690963711, 189.34
82, 159.003, 5.90116, 983879680, 4855302919, 4737008618, 202.608
83, 130.827, 7.36991, 1011015680, 4962433104, 4941214008, 49.969
84, 158.242, 6.14497, 1019627520, 5006680706, 5001422734, 7.72996
85, 179.644, 5.40902, 1018900480, 5030443802, 5027096243, 4.8477
86, 183.939, 5.28298, 1018951680, 5060953277, 5049095844, 15.867
87, 188.27, 5.16204, 1019064320, 5088719923, 5066937473, 29.1578
88, 196.445, 4.94757, 1019136000, 5120410532, 5081365754, 54.9763
89, 196.174, 4.95474, 1019207680, 5150491363, 5095508852, 82.1323
90, 196.206, 4.95398, 1019217920, 5180718773, 5107336158, 114.566
91, 189.518, 5.12892, 1019238400, 5191498949, 5135762302, 121.045
92, 178.199, 5.69373, 1063905280, 5269818148, 5168693682, 176.009
93, 191.849, 5.28865, 1063905280, 5256777546, 5181089368, 141.501
94, 187.059, 5.42433, 1063956480, 5275100615, 5193058952, 165.187
95, 187.962, 5.39874, 1064048640, 5287935086, 5205872587, 177.084
96, 186.907, 5.42937, 1064079360, 5308754593, 5219561547, 200.108
97, 187.077, 5.4247, 1064130560, 5315308273, 5230345358, 203.049
98, 186.09, 5.45378, 1064192000, 5325023690, 5241048732, 212.021
99, 187.405, 5.41561, 1064212480, 5356508331, 5289095417, 266.714
100, 178.884, 5.70482, 1070069760, 5441325428, 5345456162, 310.799
101, 187.105, 5.45434, 1070110720, 5447775825, 5344201051, 240.689
102, 185.582, 5.49944, 1070172160, 5459040113, 5349110632, 289.013
103, 183.063, 5.57516, 1070182400, 5457070882, 5357724090, 287.104
104, 183.904, 5.55003, 1070254080, 5464950881, 5367695225, 295.087
105, 183.248, 5.56996, 1070264320, 5472913951, 5376623618, 304.695
106, 180.522, 5.65427, 1070305280, 5481307449, 5387715978, 311.896
107, 183.272, 5.5695, 1070315520, 5485511280, 5396479223, 305.954
108, 179.715, 5.67973, 1070315520, 5501039694, 5448779265, 337.028
109, 178.813, 5.82123, 1091471360, 5610823983, 5469303640, 446.442
110, 180.891, 5.7545, 1091502080, 5576804389, 5479990968, 355.498
111, 181.502, 5.73529, 1091532800, 5590528791, 5489628569, 377.736
112, 181.588, 5.73323, 1091655680, 5588113357, 5498808378, 342.211
113, 180.105, 5.78058, 1091686400, 5610511895, 5508714192, 396.903
114, 185.435, 5.61458, 1091717120, 5614601331, 5519136633, 386.059
115, 183.938, 5.66054, 1091768320, 5655587274, 5537572720, 458.182
116, 183.499, 5.67416, 1091778560, 5643420464, 5599652520, 405.693
117, 169.042, 6.35563, 1126553600, 5809510352, 5639624516, 582.877
118, 184.699, 5.81685, 1126553600, 5750162329, 5650372754, 436.604
119, 185.42, 5.79444, 1126594560, 5759676671, 5660788729, 429.509
120, 184.875, 5.81185, 1126656000, 5773113865, 5670931891, 450.823
121, 189.266, 5.67721, 1126696960, 5776315586, 5682496805, 433.521
122, 185.835, 5.78211, 1126717440, 5785837960, 5691547579, 431.106
123, 187.524, 5.73012, 1126727680, 5808706899, 5701891678, 509.373
124, 186.551, 5.76003, 1126737920, 5822283419, 5777747269, 532.291
125, 171.087, 6.33654, 1136762880, 5975349792, 5797930357, 670.182
126, 185.209, 5.85362, 1136803840, 5916442039, 5806089305, 552.266
127, 184.951, 5.86203, 1136855040, 5920889251, 5815007873, 528.233
128, 184.874, 5.86473, 1136906240, 5934546698, 5826017318, 548.046
129, 182.783, 5.93198, 1136936960, 5950651588, 5836913513, 591.682
130, 186.721, 5.8071, 1136977920, 5952048998, 5846333007, 576.934
131, 186.287, 5.82077, 1137008640, 5954383104, 5855874654, 547.69
132, 184.946, 5.86305, 1137018880, 5977218239, 5939644219, 604.307
133, 169.702, 6.47291, 1151825920, 6146579450, 5957953187, 784.315
134, 186.1, 5.90284, 1151877120, 6078938532, 5966231244, 624.745
135, 185.531, 5.92072, 1151836160, 6089279691, 5976906107, 634.522
136, 185.254, 5.92983, 1151887360, 6088389570, 5986462695, 575.495
137, 188.183, 5.83784, 1151948800, 6109472943, 5996440261, 646.689
138, 185.496, 5.92259, 1151979520, 6110794289, 6005207584, 631.615
139, 185.128, 5.93445, 1152000000, 6127232946, 6015054324, 675.27
140, 185.642, 5.91812, 1152020480, 6119867122, 6023905357, 594.837
141, 163.442, 6.72203, 1152030720, 6149152948, 6120759792, 712.096
142, 171.86, 6.43475, 1159598080, 6320794486, 6125925327, 868.709
143, 184.563, 5.99229, 1159680000, 6255129395, 6133383056, 737.992
144, 187.213, 5.90785, 1159751680, 6256687186, 6143636736, 714.951
145, 187.219, 5.90776, 1159772160, 6270102374, 6153705453, 745.362
146, 186.338, 5.93579, 1159792640, 6273235355, 6163930995, 712.405
147, 185.522, 5.96206, 1159823360, 6284586302, 6173735084, 724.048
148, 183.749, 6.01974, 1159854080, 6297102195, 6183950547, 745.999
149, 186.648, 5.92657, 1159915520, 6314702366, 6195162714, 809.582
150, 190.715, 5.80017, 1159915520, 6334128980, 6308952666, 856.341
151, 168.38, 6.88205, 1215088640, 6519610681, 6323258515, 947.602
152, 186.301, 6.2202, 1215119360, 6454551991, 6334188331, 790.037
153, 191.227, 6.06007, 1215139840, 6467022786, 6343628655, 803.324
154, 193.324, 5.99442, 1215160320, 6459153282, 6352841083, 728.11
155, 192.585, 6.01757, 1215191040, 6482102436, 6363528662, 807.298
156, 193.7, 5.98309, 1215221760, 6491616280, 6372161841, 834.225
157, 190.041, 6.09844, 1215252480, 6500779698, 6381320470, 853.595
158, 191.517, 6.05162, 1215283200, 6504143589, 6485934510, 798.634
159, 172.99, 6.9957, 1268971520, 6701716505, 6506376161, 1005.63
160, 195.014, 6.2059, 1269022720, 6633558025, 6511686718, 850.831
161, 194.7, 6.21605, 1269053440, 6636136553, 6520658919, 834.222
162, 196.866, 6.14796, 1269114880, 6649091398, 6533119207, 831.6
163, 195.686, 6.18517, 1269145600, 6664011915, 6544237626, 879.434
164, 200.67, 6.03176, 1269186560, 6667574778, 6552888245, 853.988
165, 196.245, 6.16811, 1269258240, 6663330795, 6561067394, 756.033
166, 193.036, 6.27084, 1269299200, 6685395127, 6572602431, 856.09
167, 194.19, 6.23357, 1269299200, 6703591082, 6690877671, 912.165
168, 174.551, 7.32202, 1340149760, 6912471776, 6840525135, 1111.71
169, 196.198, 6.51473, 1340262400, 6976837321, 6871548612, 966.664
170, 198.527, 6.43849, 1340303360, 6993126855, 6891938357, 854.012
171, 201.368, 6.34783, 1340344320, 7023789697, 6909296504, 929.981
172, 200.577, 6.37302, 1340375040, 7023640698, 6922386398, 799.657
173, 199.728, 6.40011, 1340375040, 7040364277, 6934547311, 844.112
174, 199.151, 6.41876, 1340395520, 7069063203, 6949185713, 959.563
175, 200.352, 6.38036, 1340416000, 7074240432, 6989549997, 904.947
176, 184.593, 7.01581, 1357977600, 7200818331, 7045434073, 1172.81
177, 200.073, 6.47314, 1358008320, 7160195175, 7058458082, 853.84
178, 198.606, 6.5213, 1358080000, 7197747202, 7072742056, 1009.25
179, 198.392, 6.52865, 1358151680, 7198973385, 7084451635, 937.114
180, 197.951, 6.54345, 1358202880, 7218596991, 7097628684, 1005.74
181, 200.836, 6.44967, 1358243840, 7220690944, 7108257136, 941.377
182, 200.727, 6.4533, 1358274560, 7231080187, 7119354469, 941.968
183, 198.718, 6.51864, 1358295040, 7236492946, 7129543558, 913.687
184, 201.744, 6.42101, 1358325760, 7279137601, 7196497864, 1132.49
185, 176.739, 7.39698, 1370839040, 7414980526, 7245544068, 1281.75
186, 197.938, 6.60487, 1370859520, 7368190548, 7257426961, 970.486
187, 200.974, 6.50572, 1370992640, 7386761216, 7267324307, 1011.82
188, 200.611, 6.51759, 1371013120, 7400580206, 7280158370, 1052.4
189, 204.651, 6.38912, 1371054080, 7416273709, 7297897155, 1056.21
190, 202.482, 6.4577, 1371084800, 7433229576, 7306950398, 1097.28
191, 202.295, 6.46388, 1371125760, 7433069364, 7315635898, 1022.05
192, 201.378, 6.49345, 1371156480, 7447685342, 7326800067, 1071.12
193, 200.015, 6.5378, 1371176960, 7468660923, 7402744153, 1171.53
194, 179.213, 7.32672, 1376829440, 7618193482, 7440198602, 1299.55
195, 201.332, 6.51492, 1375375360, 7575014976, 7450406929, 1122.09
196, 196.889, 6.66203, 1375395840, 7577506750, 7462837749, 1027.37
197, 198.233, 6.61731, 1375488000, 7605332238, 7487777054, 1071.81
198, 202.044, 6.49257, 1375508480, 7610548553, 7494812610, 1016.94
199, 203.51, 6.44596, 1375539200, 7627503224, 7504195696, 1117.43
200, 198.797, 6.59896, 1375580160, 7629887902, 7514629646, 1052.65
201, 196.482, 6.67678, 1375590400, 7648773133, 7596679043, 1131.33
202, 184.008, 7.24467, 1397831680, 7812679524, 7631430084, 1384.25
203, 200.902, 6.63555, 1397852160, 7760876170, 7640137250, 1090.22
204, 197.926, 6.73563, 1397913600, 7773489917, 7652241453, 1115.73
205, 198.884, 6.70344, 1397964800, 7784426548, 7663354479, 1138.81
206, 197.653, 6.74542, 1398016000, 7796365770, 7676165757, 1146.79
207, 199.486, 6.68362, 1398056960, 7799999708, 7684269206, 1090.47
208, 199.003, 6.70004, 1398097920, 7808104808, 7696018474, 1047.13
209, 201.213, 6.62672, 1398149120, 7838068029, 7792406237, 1223.72
