Backup ID, Ecall, Inline_Ocall, Offline_Ocall, _Inline_FPOcall, _Inline_SFOcall, _Inline_LocalOcall, _Inline_LoadOcall, _Inline_DeltaOcall, _Inline_RecipeOcall, _Inline_Write_ContainerOcall, _inline_have_similar_chunk_num, _inline_need_load_container_num
0,195,637,5,193,193,0,34,193,24,27,64,33,
1,394,1283,10,390,390,0,65,390,48,36,8227,276,
2,599,1957,15,593,593,0,105,593,73,45,17259,727,
3,808,2647,40118,800,800,4,149,796,98,54,26191,1378,
4,1020,3352,108261,1010,1010,16,198,994,124,64,35363,2234,
5,1238,4085,224789,1226,1226,62,257,1164,150,76,44782,3276,
6,1458,4837,400843,1444,1444,194,328,1250,177,93,54813,4478,
7,1681,5623,587756,1665,1665,303,424,1362,204,109,65020,5665,
8,1910,6442,800049,1892,1892,423,534,1469,232,126,76082,6893,
9,2141,7280,1025555,2121,2121,521,657,1600,260,140,87326,8061,
10,2377,8140,1280491,2355,2355,630,786,1725,289,155,98685,9313,
11,2620,9021,1566684,2596,2596,755,914,1841,319,172,110042,10671,
12,2865,9909,1872407,2839,2839,884,1043,1955,349,189,121276,12028,
13,3117,10826,2211158,3089,3089,1043,1179,2046,380,210,133063,13564,
14,3379,11814,2558917,3349,3349,1181,1355,2168,412,230,144358,15049,
15,3646,12809,2934644,3614,3614,1324,1522,2290,445,250,156635,16558,
16,3917,13844,3293504,3883,3883,1450,1717,2433,478,270,167399,18041,
17,4216,14975,3686123,4180,4180,1601,1920,2579,515,292,177596,19706,
18,4526,16187,4117922,4488,4488,1778,2170,2710,553,317,190480,21477,
19,4851,17390,4573292,4811,4811,1938,2364,2873,593,341,204624,23183,
20,5187,18650,5047158,5145,5145,2093,2581,3052,634,363,219684,24963,
21,5539,19950,5547148,5495,5495,2256,2788,3239,677,387,235452,26827,
22,5903,21295,6096102,5857,5857,2435,3002,3422,722,411,252182,28834,
23,6275,22660,6704680,6227,6227,2645,3211,3582,768,436,269995,31018,
24,6655,24049,7308835,6605,6605,2851,3419,3754,815,461,288211,33176,
25,7037,25463,7958785,6985,6985,3057,3646,3928,862,486,306456,35372,
26,7435,26910,8651371,7381,7381,3292,3856,4089,911,514,324918,37755,
27,7841,28422,9317843,7785,7785,3482,4106,4303,961,539,344149,39929,
28,8256,29894,10152273,8198,8198,3766,4288,4432,1012,570,364656,42619,
29,8672,31470,10885815,8612,8612,3963,4571,4649,1063,595,384659,44916,
30,9153,33215,11744003,9091,9091,4305,4820,4786,1122,650,396661,48576,
31,9644,35137,12232599,9580,9580,4353,5214,5227,1183,669,418746,50132,
32,10144,37071,12764182,10078,10078,4415,5592,5663,1245,689,441793,52055,
33,10650,38961,13500813,10582,10582,4563,5908,6019,1307,712,466133,54418,
34,11165,40832,14292000,11095,11095,4750,6176,6345,1371,738,490796,57019,
35,11691,42730,15152966,11619,11619,4986,6437,6633,1436,767,515913,59824,
36,12223,44668,16061815,12149,12149,5254,6719,6895,1502,797,541464,62739,
37,12754,46620,16981702,12678,12678,5521,7018,7157,1568,827,567127,65712,
38,13288,48593,17903667,13210,13210,5788,7329,7422,1634,857,594100,68655,
39,13825,50539,18953188,13745,13745,6094,7604,7651,1700,890,620327,71797,
40,14245,51930,20368065,14163,14163,6482,7689,7681,1752,923,641084,75684,
41,14670,53460,21723355,14586,14586,6823,7898,7763,1804,955,662399,78989,
42,15100,55041,23036314,15014,15014,7135,8142,7879,1857,984,684186,82075,
43,15537,56637,24441156,15449,15449,7465,8379,7984,1911,1015,706384,85367,
44,15980,58243,25874294,15890,15890,7806,8607,8084,1966,1046,728717,88691,
45,16431,59904,27311596,16339,16339,8133,8865,8206,2022,1075,751696,91946,
46,16891,61515,28862761,16797,16797,8501,9045,8296,2079,1107,775173,95632,
47,17357,63185,30381577,17261,17261,8866,9266,8395,2136,1139,799385,99250,
48,17830,64872,31919386,17732,17732,9226,9482,8506,2194,1169,823934,102813,
49,18373,66736,33593141,18273,18273,9688,9656,8585,2261,1208,850188,107187,
50,19025,69161,35284739,18923,18923,10202,10050,8721,2342,1277,870021,112783,
51,19685,71875,36421080,19581,19581,10326,10708,9255,2424,1303,900405,115327,
52,20394,74736,37598942,20288,20288,10504,11360,9784,2512,1335,931573,118332,
53,21133,77510,38888366,21025,21025,10725,11831,10300,2604,1367,964650,121738,
54,21878,80191,40368519,21768,21768,11039,12191,10729,2696,1403,996781,125531,
55,22631,82870,41915219,22518,22518,11428,12526,11091,2789,1443,1030899,129582,
56,23385,85548,43449513,23259,23259,11804,12877,11467,2882,1482,1064741,133540,
57,24136,88200,44872181,23981,23981,12168,13243,11852,2975,1520,1097686,137477,
58,24884,90820,46481602,24697,24697,12568,13592,12198,3068,1560,1131202,141556,
59,25641,93498,48137101,25423,25423,12959,13969,12562,3162,1600,1164722,145713,
60,26189,95314,50414554,25969,25969,13470,14079,12597,3230,1642,1192432,151304,
61,26958,97996,52293758,26706,26706,13955,14425,12879,3325,1687,1226239,156001,
62,27537,100031,54560928,27282,27282,14420,14659,12991,3397,1727,1254807,160750,
63,28125,102177,56674981,27867,27867,14826,14976,13171,3470,1763,1283830,164940,
64,28720,104309,58925287,28459,28459,15268,15257,13322,3544,1802,1313686,169307,
65,29322,106447,61174327,29058,29058,15715,15523,13475,3618,1840,1344171,173764,
66,29932,108620,63492284,29665,29665,16166,15799,13632,3693,1879,1374823,178338,
67,30551,110827,65795060,30281,30281,16620,16080,13795,3770,1917,1406295,182909,
68,31180,113080,68205761,30907,30907,17080,16376,13962,3848,1955,1437751,187676,
69,31816,115348,70582388,31540,31540,17559,16665,14117,3927,1993,1469613,192446,
70,32593,117923,73000773,32281,32281,18163,16887,14288,4023,2043,1502800,198179,
71,33504,121301,75490557,33160,33160,18843,17485,14517,4136,2130,1527239,206315,
72,34451,125030,76752113,34073,34073,18961,18325,15344,4254,2158,1564324,209289,
73,35404,128629,78122806,34991,34991,19116,19019,16140,4372,2186,1602255,212741,
74,36375,132144,79711593,35925,35925,19368,19576,16857,4493,2222,1641586,216824,
75,37160,134842,82281048,36671,36671,19932,19902,17076,4590,2269,1677312,222432,
76,37943,137564,84667234,37416,37416,20460,20256,17329,4687,2315,1710559,227655,
77,38761,140526,86753427,38194,38194,20898,20745,17707,4788,2356,1746406,232250,
78,39600,143498,88840592,38994,38994,21365,21176,18077,4892,2398,1783211,236999,
79,40450,146460,91056987,39802,39802,21866,21569,18424,4997,2442,1820542,241896,
80,41308,149464,93202759,40608,40608,22336,21999,18810,5103,2483,1858484,246703,
81,42173,152472,95411498,41412,41412,22821,22429,19188,5210,2525,1896942,251559,
82,43055,155519,97656507,42235,42235,23343,22841,19546,5319,2569,1936334,256781,
83,44077,159326,99864155,43195,43195,23999,23581,19910,5446,2629,1946484,263437,
84,45108,163439,100399197,44161,44161,24042,24605,20896,5574,2649,1983423,266037,
85,46138,167234,100726219,45122,45122,24061,25322,21905,5702,2660,2026678,268811,
86,47168,170904,101394347,46083,46083,24126,25914,22868,5830,2672,2071069,272222,
87,48199,174465,102142701,47046,47046,24235,26392,23788,5958,2686,2116381,276052,
88,49230,177868,103098074,48006,48006,24433,26718,24619,6086,2703,2162229,280269,
89,50261,181241,104085698,48964,48964,24707,27018,25374,6214,2724,2207892,284653,
90,51292,184588,105224704,49922,49922,25069,27292,26041,6342,2749,2254026,289306,
91,52323,187967,106393676,50878,50878,25423,27602,26716,6470,2773,2300627,294002,
92,53391,191583,108282551,51875,51875,26003,28025,27202,6603,2810,2344099,299685,
93,54459,195190,109668319,52871,52871,26384,28441,27887,6736,2836,2390693,304506,
94,55527,198867,111183704,53869,53869,26806,28923,28531,6869,2863,2437648,309518,
95,56595,202538,112848591,54862,54862,27242,29409,29161,7002,2890,2484591,314660,
96,57663,206206,114621591,55853,55853,27717,29896,29752,7135,2919,2530947,320008,
97,58731,209881,116428218,56839,56839,28162,30400,30373,7268,2946,2578397,325184,
98,59799,213618,118340968,57826,57826,28596,30964,31005,7401,2973,2625980,330339,
99,60868,217262,120636348,58809,58809,29139,31442,31529,7534,3005,2673094,336073,
100,61942,220834,123479863,59794,59794,29835,31839,31905,7667,3046,2717484,342759,
101,63016,224527,125643752,60775,60775,30292,32365,32520,7800,3075,2764018,348004,
102,64090,228187,128115126,61756,61756,30835,32858,33049,7933,3107,2811354,353698,
103,65164,231906,130601576,62736,62736,31334,33412,33622,8066,3137,2859059,359243,
104,66238,235629,133143832,63716,63716,31836,33970,34192,8199,3167,2906570,364805,
105,67312,239401,135782724,64696,64696,32328,34577,34772,8332,3197,2954634,370361,
106,68386,243178,138519627,65676,65676,32811,35189,35361,8465,3226,3001937,375805,
107,69460,246960,141207803,66656,66656,33257,35806,35987,8598,3254,3050251,381143,
108,70534,250810,144106873,67636,67636,33741,36491,36575,8731,3283,3098510,386683,
109,71627,254397,148122102,68637,68637,34510,36849,36897,8867,3326,3143934,394137,
110,72720,258277,151241131,69638,69638,35006,37500,37492,9003,3356,3191762,399788,
111,73813,262119,154452913,70638,70638,35522,38115,38067,9139,3387,3240082,405536,
112,74906,265954,157531835,71637,71637,35978,38725,38702,9275,3415,3288818,410896,
113,75999,269773,160915652,72636,72636,36501,39319,39270,9411,3446,3337352,416635,
114,77092,273592,164305490,73635,73635,36997,39913,39865,9547,3476,3385730,422268,
115,78186,277264,168196569,74636,74636,37689,40355,40265,9683,3513,3431864,429253,
116,79279,281059,171748151,75635,75635,38175,40925,40870,9819,3542,3480171,434820,
117,80400,284666,177330515,76661,76661,39037,41222,41127,9958,3598,3530005,444974,
118,81521,288575,181118705,77687,77687,39545,41821,41738,10097,3629,3578360,450765,
119,82642,292488,184959232,78714,78714,40051,42422,42351,10236,3660,3627300,456564,
120,83763,296344,188923043,79740,79740,40575,42968,42946,10375,3691,3676507,462354,
121,84884,300155,192843940,80760,80760,41054,43481,43586,10514,3721,3725380,468029,
122,86005,304043,196774851,81782,81782,41536,44067,44223,10653,3750,3774650,473705,
123,87126,307902,201185744,82804,82804,42099,44624,44779,10792,3783,3823884,479751,
124,88248,311769,205732530,83826,83826,42671,45188,45327,10931,3816,3873217,485853,
125,89380,315416,211857363,84860,84860,43506,45496,45622,11072,3869,3923290,495187,
126,90512,319337,216426965,85892,85892,44066,46082,46192,11213,3902,3972146,501164,
127,91644,323294,220987983,86924,86924,44608,46704,46780,11354,3934,4022014,507148,
128,92776,327202,225721868,87953,87953,45171,47283,47347,11495,3967,4071508,513155,
129,93908,331129,230711234,88981,88981,45775,47883,47873,11636,4002,4120968,519527,
130,95040,335038,235568160,90007,90007,46320,48469,48458,11777,4034,4170849,525452,
131,96172,338975,240344818,91028,91028,46832,49093,49076,11918,4064,4221057,531211,
132,97304,342879,245523451,92049,92049,47407,49684,49631,12059,4097,4270854,537521,
133,98451,346496,252530772,93087,93087,48275,49937,49908,12202,4152,4322205,547359,
134,99598,350432,257779891,94125,94125,48851,50509,50477,12345,4186,4371977,553601,
135,100745,354362,263246588,95161,95161,49439,51079,51034,12488,4220,4422009,559924,
136,101892,358359,268372189,96197,96197,49969,51716,51649,12631,4251,4472428,565950,
137,103040,362240,273906698,97236,97236,50560,52230,52204,12774,4285,4523015,572115,
138,104187,366173,279330399,98272,98272,51102,52803,52807,12917,4317,4573580,578196,
139,105334,370126,285054685,99309,99309,51689,53394,53365,13060,4351,4623772,584512,
140,106481,374171,290279826,100345,100345,52181,54079,54018,13203,4381,4674326,590338,
141,107628,378168,296271558,101382,101382,52780,54714,54564,13346,4416,4724663,596759,
142,108784,381860,303865967,102429,102429,53630,55014,54868,13490,4469,4775883,606120,
143,109940,385878,309989892,103477,103477,54248,55638,55404,13634,4505,4825871,612766,
144,111096,389843,316013360,104523,104523,54842,56213,55964,13778,4539,4876438,619051,
145,112252,393808,322197060,105569,105569,55457,56788,56503,13922,4574,4927200,625544,
146,113408,397822,328247557,106615,106615,56025,57412,57089,14066,4607,4978031,631892,
147,114564,401799,334446016,107660,107660,56605,58001,57663,14210,4641,5028838,638050,
148,115720,405775,340753835,108704,108704,57199,58591,58223,14354,4675,5079611,644662,
149,116876,409709,347452061,109750,109750,57847,59135,58729,14498,4710,5130200,651460,
150,118032,413537,354444298,110792,110792,58549,59581,59181,14642,4747,5179786,658483,
151,119233,417494,362809934,111883,111883,59416,60008,59513,14791,4803,5232102,668419,
152,120434,421618,369574077,112973,112973,60040,60604,60088,14940,4839,5282499,675229,
153,121635,425713,376337146,114063,114063,60691,61171,60636,15089,4876,5333150,682133,
154,122836,429834,382636004,115153,115153,61234,61764,61292,15238,4908,5384654,688293,
155,124037,433897,389480363,116243,116243,61864,62299,61861,15387,4944,5435923,695008,
156,125238,437966,396439922,117330,117330,62483,62846,62441,15536,4980,5487398,701643,
157,126439,442075,403400832,118416,118416,63103,63435,63020,15685,5016,5538784,708268,
158,127640,446149,410231964,119504,119504,63685,63985,63637,15834,5050,5589922,714775,
159,128885,450171,419285914,120636,120636,64579,64345,63986,15989,5107,5642615,725058,
160,130130,454439,426282335,121763,121763,65185,64961,64623,16144,5142,5694019,731717,
161,131375,458691,433284211,122894,122894,65789,65553,65262,16299,5177,5745868,738112,
162,132620,462884,440475749,124025,124025,66419,66086,65875,16454,5213,5797461,744867,
163,133865,467131,447815843,125153,125153,67056,66679,66481,16609,5249,5849240,751546,
164,135110,471321,454981755,126283,126283,67647,67211,67133,16764,5283,5901592,757965,
165,136355,475585,461699526,127409,127409,68171,67825,67852,16919,5314,5954265,764033,
166,137600,479865,469047850,128535,128535,68780,68455,68486,17074,5349,6006525,770551,
167,138845,484114,476711331,129657,129657,69410,69062,69099,17229,5385,6058426,777255,
168,140147,488447,486376053,130838,130838,70322,69571,69487,17391,5444,6112580,787613,
169,141449,492911,494179934,132011,132011,70976,70227,70133,17553,5482,6164374,794550,
170,142751,497387,501525217,133179,133179,71555,70905,70854,17715,5516,6216933,801005,
171,144054,501783,509361145,134347,134347,72204,71502,71506,17877,5553,6269623,807852,
172,145357,506273,516429145,135515,135515,72749,72193,72262,18039,5585,6322642,814049,
173,146659,510727,523799912,136681,136681,73315,72853,72996,18201,5618,6375629,820286,
174,147962,515145,531952515,137847,137847,73975,73476,73637,18363,5655,6428403,827201,
175,149265,519598,539700804,139013,139013,74570,74134,74343,18525,5689,6480851,833912,
176,150584,523798,549856879,140193,140193,75480,74493,74750,18689,5745,6535377,843973,
177,151903,528369,557242756,141373,141373,76017,75223,75530,18853,5777,6588224,850174,
178,153222,532813,565702724,142547,142547,76707,75838,76157,19017,5815,6640974,857333,
179,154541,537292,573691933,143714,143714,77315,76502,76866,19181,5850,6694304,864015,
180,155861,541746,582112198,144881,144881,77972,77140,77527,19345,5887,6747491,871115,
181,157180,546228,590084271,146043,146043,78568,77817,78248,19509,5921,6800904,877682,
182,158499,550682,598138932,147203,147203,79153,78470,78980,19673,5955,6854521,884110,
183,159819,555205,606049147,148363,148363,79724,79191,79727,19837,5988,6908289,890509,
184,161139,559525,615434323,149519,149519,80485,79717,80284,20001,6028,6961049,898322,
185,162471,563728,626207419,150690,150690,81418,80082,80681,20167,6086,7014443,908961,
186,163803,568268,634357536,151861,151861,82002,80784,81427,20333,6120,7067381,915552,
187,165135,572740,642903570,153032,153032,82633,81418,82126,20499,6156,7121138,922219,
188,166467,577214,651714458,154200,154200,83283,82060,82806,20665,6193,7174748,929373,
189,167799,581594,660694678,155363,155363,83961,82618,83458,20831,6231,7227887,936459,
190,169131,586002,669690536,156521,156521,84623,83214,84126,20997,6269,7281788,943515,
191,170463,590402,678263460,157678,157678,85246,83804,84833,21163,6304,7335993,950177,
192,171795,594846,687245400,158833,158833,85891,84442,85518,21329,6341,7389983,957189,
193,173127,599267,696812163,159982,159982,86592,85069,86147,21495,6380,7443669,964612,
194,174465,603395,707918127,161134,161134,87532,85391,86543,21661,6437,7497182,975582,
195,175801,607836,717031705,162282,162282,88192,86036,87217,21827,6474,7550327,982568,
196,177137,612330,725862523,163429,163429,88806,86736,87937,21993,6509,7604015,989484,
197,178474,616718,735293635,164578,164578,89513,87325,88565,22159,6548,7656965,997032,
198,179810,621159,744054404,165722,165722,90111,87978,89301,22325,6582,7711239,1003556,
199,181146,625515,753358575,166868,166868,90760,88542,89986,22491,6619,7765424,1010426,
200,182482,629985,762306306,168014,168014,91373,89220,90707,22657,6654,7819520,1017297,
201,183818,634448,771763849,169159,169159,92021,89893,91393,22823,6691,7873277,1024404,
202,185174,638691,783568082,170330,170330,92959,90271,91809,22992,6748,7928608,1034953,
203,186530,643233,792650935,171498,171498,93581,90954,92541,23161,6784,7981839,1041727,
204,187886,647810,802032017,172668,172668,94230,91668,93246,23330,6821,8035997,1048746,
205,189242,652337,811574067,173836,173836,94871,92336,93959,23499,6858,8090252,1055790,
206,190598,656886,821127451,175004,175004,95523,93026,94661,23668,6895,8144895,1062938,
207,191954,661435,830323080,176171,176171,96129,93718,95409,23837,6929,8199764,1069618,
208,193310,666062,839486249,177339,177339,96734,94486,96158,24006,6963,8253899,1076420,
209,194667,670503,849712998,178509,178509,97459,95063,96788,24175,7002,8308411,1083709,
