Backup ID, Logical chunk num, Unique chunk num, Base chunk num, Delta chunk num, Logical chunk size, Unique chunk size, Base chunk size, Delta chunk size, LZ4_save size, Delta_save size, 
0,349658,181563,159486,22077,2869463040,1586581660,731502089,19387446,656035388,179656737
1,700527,225166,195388,29778,5748879360,2005085802,924927078,26439497,803565607,250153620
2,1048641,266111,226583,39528,8606402560,2401076896,1096322995,33569024,932560493,338624384
3,1400928,309641,261111,48530,11506227200,2823542516,1283876136,43718494,1075012357,420935529
4,1749773,350273,292560,57713,14379182080,3221877633,1458483665,50761227,1205986536,506646205
5,2102412,391624,323677,67947,17284945920,3626123370,1630201452,57007934,1336225601,602688383
6,2454706,434179,356288,77891,20191088640,4041790630,1809726952,62857200,1473108255,696098223
7,2812109,475940,390548,85392,23129180160,4435403046,1994835932,69435200,1612764943,758366971
8,3167314,516183,421400,94783,26049710080,4815972298,2167232341,74964181,1741630046,832145730
9,3522400,556670,451483,105187,28969748480,5198324110,2334604852,88171263,1866724887,908823108
10,3874982,595347,481739,113608,31867842560,5565605388,2505810986,91212325,1993114250,975467827
11,4227381,634533,512561,121972,34764001280,5937267741,2679055518,95216587,2121414894,1041580742
12,4585507,676861,545884,130977,37705349120,6332317969,2862661765,99541108,2257488633,1112626463
13,4940662,717180,578063,139117,40626268160,6713959396,3041559627,102783724,2391455244,1178160801
14,5298219,756126,608175,147951,43568435200,7082753289,3211978036,107712649,2517537470,1245525134
15,5655036,794396,638557,155839,46505267200,7445443641,3382531370,109679404,2644173483,1309059384
16,6017260,834554,671050,163504,49483950080,7823476615,3563100300,114155510,2779474345,1366746460
17,6381829,874758,702881,171877,52483553280,8201432140,3741031409,118277703,2912321119,1429801909
18,6746630,914145,734890,179255,55485675520,8572341154,3919560493,121523451,3045467366,1485789844
19,7108426,954067,767861,186206,58467983360,8948973987,4103143948,122740302,3183021846,1540067891
20,7464498,993174,801534,191640,61400565760,9319044274,4286352914,124441343,3320203328,1588046689
21,7815621,1032218,833296,198922,64291246080,9690481972,4464883819,127498889,3453779323,1644319941
22,8163270,1070694,866812,203882,67153766400,10057353438,4648997405,127773767,3591270728,1689311538
23,8509462,1109121,897153,211968,70005688320,10423757412,4819982982,133018569,3718632085,1752123776
24,8857126,1147034,927208,219826,72872611840,10785938053,4990460704,135875883,3844469760,1815131706
25,9205823,1184724,957011,227713,75747768320,11145427019,5159247617,138807169,3969260543,1878111690
26,9553238,1223126,988022,235104,78613667840,11511966758,5334842686,142215242,4099847626,1935061204
27,9900471,1260887,1018260,242627,81478348800,11872768927,5506616863,145516686,4226990194,1993645184
28,10248239,1299161,1049303,249858,84350238720,12237946237,5681779813,147583742,4357087528,2051495154
29,10596588,1337206,1079542,257664,87226378240,12600596594,5852049273,149405700,4483332366,2115809255
30,10946481,1375853,1110092,265761,90117150720,12968055455,6024480681,153506903,4611354767,2178713104
31,11291923,1413211,1139455,273756,92970352640,13325556050,6192118893,156909508,4734847264,2241680385
32,11633491,1450134,1168620,281514,95788369920,13679895037,6359414896,160394447,4857587217,2302498477
33,11980449,1491772,1202749,289023,98655385600,14076093037,6552772361,163805622,4999219975,2360295079
34,12328874,1532659,1235484,297175,101536942080,14465034928,6737537042,170191930,5135055132,2422250824
35,12678852,1573224,1268946,304278,104431165440,14850849290,6925650501,175039761,5274449747,2475709281
36,13027926,1613137,1303862,309275,107317770240,15231135114,7117471552,173576763,5417002333,2523084466
37,13379379,1652971,1336716,316255,110227466240,15609136396,7302291835,177663960,5553934709,2575245892
38,13728163,1691563,1367533,324030,113113917440,15977195134,7476798872,183479868,5682481871,2634434523
39,14076885,1730035,1398491,331544,116000757760,16345283035,7652522690,187014949,5812305130,2693440266
40,14428208,1769259,1430509,338750,118909593600,16718145370,7832797322,189836793,5946047857,2749463398
41,14776888,1807925,1461697,346228,121795717120,17086806716,8009244689,193853874,6076462509,2807245644
42,15125521,1846954,1494055,352899,124680949760,17458129194,8190880066,195103013,6211376917,2860769198
43,15474430,1885464,1526397,359067,127569377280,17824633621,8368196443,199283522,6342940579,2914213077
44,15821608,1923538,1557342,366196,130441646080,18187892099,8543429398,202517459,6472324655,2969620587
45,16170670,1961503,1587709,373794,133332664320,18550291606,8716314770,208006424,6599787298,3026183114
46,16521828,1999608,1618669,380939,136244039680,18912830265,8891649014,211104710,6729332644,3080743897
47,16873063,2038050,1649722,388328,139155404800,19278065298,9066536117,214933653,6858951057,3137644471
48,17225102,2076957,1681923,395034,142071173120,19646653058,9246165852,216679136,6992348256,3191459814
49,17574419,2115318,1713233,402085,144962355200,20012221789,9423298189,219103984,7123519390,3246300226
50,17926301,2154337,1745016,409321,147876433920,20382505558,9601990616,222001643,7255911860,3302601439
51,18271894,2192243,1774588,417655,150738626560,20744929295,9769731650,230603299,7380096227,3364498119
52,18617702,2229865,1804791,425074,153603604480,21104158522,9940604563,232776832,7506429925,3424347202
53,18965640,2267172,1834062,433110,156488765440,21459879139,10106727242,236532452,7628563336,3488056109
54,19314713,2305354,1865970,439384,159383644160,21823151729,10282188639,239730472,7758826815,3542405803
55,19663418,2344057,1896950,447107,162274867200,22191381180,10457300756,243126330,7888867664,3602086430
56,20013675,2383448,1928812,454636,165181665280,22565614286,10635851120,246360838,8022412399,3660989929
57,20362245,2421236,1959335,461901,168073625600,22926259665,10808746196,248905897,8150493449,3718114123
58,20711122,2460140,1991143,468997,170970521600,23297321455,10987396351,250914346,8284044523,3774966235
59,21060301,2497568,2021596,475972,173870110720,23653978445,11159424758,251988604,8411321345,3831243738
60,21409582,2535174,2051559,483615,176770754560,24012391341,11329485256,256314671,8537093071,3889498343
61,21758839,2573456,2082866,490590,179671726080,24376710915,11505163756,258484464,8667955349,3945107346
62,22110179,2612534,2114663,497871,182588170240,24746247844,11682625116,261326853,8800314268,4001981607
63,22458283,2651107,2146028,505079,185476454400,25113522953,11858848159,263587951,8931414132,4059672711
64,22807536,2689545,2177062,512483,188373995520,25479224907,12033671869,266280646,9061287078,4117985314
65,23153242,2727239,2206694,520545,191239946240,25840016130,12202242405,270115320,9185895580,4181762825
66,23501375,2764639,2237783,526856,194128947200,26197711913,12374290784,272699361,9313087515,4237634253
67,23849800,2802055,2267803,534252,197020743680,26555483219,12545020465,275947631,9439215917,4295299206
68,24197521,2840113,2298134,541979,199907051520,26919495546,12717318580,281107437,9567017515,4354052014
69,24546857,2878491,2329919,548572,202809763840,27285992635,12895661492,281234696,9700476348,4408620099
70,24897909,2916854,2361879,554975,205728215040,27651087447,13073801426,279189891,9833366958,4464729172
71,25251386,2955664,2392023,563641,208668569600,28019890005,13242466161,288103641,9959085565,4530234638
72,25602695,2993999,2424663,569336,211589539840,28385267946,13421463470,288721869,10092645063,4582437544
73,25952879,3031642,2454178,577464,214500464640,28744357655,13589015171,294213638,10216262746,4644866100
74,26306780,3069665,2485867,583798,217447301120,29106010902,13762605221,295810616,10345368891,4702226174
75,26661969,3108343,2517475,590868,220407265280,29473586437,13940059306,300365448,10477668124,4755493559
76,27016854,3147052,2552074,594978,223364904960,29841213287,14127445775,296085602,10618550822,4799131088
77,27372834,3185939,2582520,603419,226333276160,30210618529,14298118877,302210047,10746155091,4864134514
78,27727488,3224888,2613507,611381,229288622080,30580456393,14472470161,306882238,10876229373,4924874621
79,28083712,3263563,2644687,618876,232259921920,30947402258,14647232998,309610373,11006710456,4983848431
80,28435875,3301590,2675673,625917,235194050560,31309801095,14821232263,312549299,11136410059,5039609474
81,28788926,3339470,2706331,633139,238136698880,31670932755,14993937930,314753048,11264792647,5097449130
82,29143842,3378802,2738372,640430,241094256640,32043527381,15173593158,320710988,11398417035,5150806200
83,29499437,3417432,2771019,646413,244057620480,32411265351,15355845947,319912267,11534708249,5200798888
84,29855034,3456001,2802354,653647,247020236800,32778427332,15531917341,322749161,11665808227,5257952603
