Backup ID, FPindex, SFindex, Deltaindex
0,14525040,13223936,856192
1,18013280,14700928,1170816
2,21288880,15474752,1541312
3,24771280,17283776,1854976
4,28021840,18025280,2203808
5,31329920,18743296,2568192
6,34734320,19473920,2907200
7,38075200,20862336,3172288
8,41294640,21575552,3511968
9,44533600,22228608,3884640
10,47627760,22715520,4119360
11,50762640,23227200,4374848
12,54148880,23981312,4674624
13,57374400,24542336,4899648
14,60490080,24978048,5211264
15,63551680,25344640,5370240
16,66764320,25802752,5630144
17,69980640,26351552,5924576
18,73131600,26869824,6122400
19,76325360,27309568,6284064
20,79453920,27821504,6457504
21,82577440,28196672,6703616
22,85655520,28714240,6813216
23,88729680,29123328,7100192
24,91762720,29451712,7321120
25,94777920,29743232,7556544
26,97850080,30092864,7797216
27,100870960,30466624,8034272
28,103932880,30802688,8229088
29,106976480,31126912,8421120
30,110068240,31486976,8703232
31,113056880,31779968,8952576
32,116010720,32035840,9171712
33,119341760,32462400,9420384
34,122612720,32880768,9694528
35,125857920,33231552,9930912
36,129050960,33674880,10022400
37,132237680,34244928,10257696
38,135325040,34635840,10525056
39,138402800,35016512,10750336
40,141540720,35425344,10974464
41,144634000,35814592,11226592
42,147756320,36202880,11392416
43,150837120,36574336,11609568
44,153883040,36954560,11839040
45,156920240,37255808,12099424
46,159968640,37574912,12313312
47,163044000,37973888,12559712
48,166156560,38357440,12738016
49,169225440,38702400,12968512
50,172346960,39087936,13214080
51,175379440,39412608,13511584
52,178389200,39723264,13707840
53,181373760,40027520,13980224
54,184428320,40357440,14183616
55,187524560,40742144,14429216
56,190675840,41134912,14661344
57,193698880,41410240,14879712
58,196811200,41783872,15067168
59,199805440,42050432,15245248
60,202813920,42341504,15509792
61,205876480,42642240,15705792
62,209002720,43077888,15948288
63,212088560,43416640,16151296
64,215163600,43769280,16393280
65,218179120,44030976,16643296
66,221171120,44267392,16833632
67,224164400,44510912,17057216
68,227209040,44790912,17320768
69,230279280,45124544,17347872
70,233348320,45426880,17160352
71,236453120,45776768,17482400
72,239519920,46064704,17622144
73,242531360,46336256,17912256
74,245573200,46644800,18089312
75,248667440,46949952,18332928
76,251764160,47337536,18006592
77,254875120,47653952,18322176
78,257991040,47997632,18600864
79,261085040,48331648,18828672
80,264127200,48572672,19023552
81,267157600,48859136,19220640
82,270304160,49158400,19473728
83,273394560,49573504,19486496
84,276480080,49870272,19741472
