Backup ID, Online Delta_save, Offline Delta_save, Offline delta time, Offline dedelta time, Offline delete time, Offline Delta chunk num
0,8209543,171447194,22028,1008,213,21020
1,35682974,214470646,36864,11019,482,25845
2,87317115,251307269,57896,27766,718,30130
3,124970806,295964723,85872,50448,986,35424
4,171711876,334934329,117979,78025,1240,39954
5,231091298,371597085,159271,115148,1500,44123
6,286355538,409742685,202785,154229,1773,48556
7,307983266,450383705,245148,191817,2110,53331
8,345445557,486700173,290516,232914,2444,57602
9,379368526,529454582,349175,285806,2823,63369
10,412132590,563335237,407267,340144,3104,67123
11,442928311,598652431,472038,400829,3446,71209
12,476591291,636035172,534559,459038,3821,75521
13,506646081,671514720,613986,534499,4162,79487
14,538079980,707445154,684967,601176,4590,83791
15,569246580,739812804,754362,667151,4861,87211
16,589216637,777529823,829101,737370,5386,91731
17,615606233,814195676,922313,826244,5838,96069
18,635445659,850344185,1025577,925334,6241,100243
19,654587920,885479971,1129011,1024927,6573,104084
20,666537232,921509457,1217704,1109582,7040,108122
21,686913505,957406436,1321002,1208739,7554,112263
22,697162648,992148890,1436115,1320149,7938,115966
23,723634328,1028489448,1548088,1427778,8456,120310
24,753263145,1061868561,1667711,1543720,8825,123991
25,782946995,1095164695,1795988,1668282,9228,127706
26,804152391,1130908813,1931938,1800082,9706,131856
27,828178323,1165466861,2066903,1931107,10120,135796
28,852101100,1199394054,2207665,2068145,10545,139520
29,884299138,1231510117,2353436,2210521,10902,142915
30,911548857,1267164247,2503222,2356097,11478,147125
31,940697322,1300983063,2618687,2467699,11920,150988
32,967904809,1334593668,2776047,2621245,12312,154802
33,986430392,1373864687,2903982,2744610,12974,159372
34,1008247149,1414003675,3031529,2867242,13655,164287
35,1022221616,1453487665,3199322,3030327,14406,168995
36,1035335762,1487748704,3359234,3186747,14808,172487
37,1048864922,1526380970,3496999,3319901,15444,177098
38,1070457392,1563977131,3677852,3496228,16071,181624
39,1094129910,1599310356,3811716,3626103,16565,185613
40,1114414501,1635048897,3948014,3758389,17092,189625
41,1136135170,1671110474,4083588,3889733,17675,193855
42,1155071461,1705697737,4272371,4074801,18173,197570
43,1171685361,1742527716,4405765,4203878,18791,201887
44,1191551316,1778069271,4598701,4392679,19376,206022
45,1210926397,1815256717,4791488,4580927,20003,210561
46,1230227928,1850515969,4934006,4719384,20515,214622
47,1251484862,1886159609,5075560,4856774,21084,218786
48,1270371925,1921087889,5277650,5055076,21594,222574
49,1290337883,1955962343,5424401,5197923,22149,226478
50,1310940165,1991661274,5624312,5393793,22722,230519
51,1333863290,2030634829,5820325,5584877,23314,235448
52,1360645492,2063701710,6018767,5779764,23774,239003
53,1390557727,2097498382,6218084,5975202,24315,242882
54,1409356172,2133049631,6424462,6177489,24814,246973
55,1433623889,2168462541,6637489,6386453,25367,251036
56,1456503157,2204486772,6857594,6602431,25846,255163
57,1479423908,2238690215,7074568,6815619,26304,258949
58,1501637000,2273329235,7299300,7036563,26759,262737
59,1525618327,2305625411,7526044,7259949,27210,266095
60,1548183473,2341314870,7757432,7487068,27777,270364
61,1569263849,2375843497,7997153,7722983,28278,274170
62,1590921886,2411059721,8233944,7955776,28842,278168
63,1614326490,2445346221,8481047,8199170,29302,281877
64,1637705931,2480279383,8727897,8442088,29870,285809
65,1667501975,2514260850,8981057,8691400,30366,289657
66,1689164877,2548469376,9236064,8942587,30857,293477
67,1712428575,2582870631,9496744,9199370,31347,297374
68,1734487273,2619564741,9767321,9465541,31942,301780
69,1756343364,2652276735,10035248,9730193,32364,305055
70,1782401271,2682327901,10294739,9986985,32722,307754
71,1808570570,2721664068,10560764,10248076,33403,312688
72,1827127116,2755310428,10835797,10519624,33896,316173
73,1853726946,2791139154,11107222,10786800,34507,320422
74,1877647956,2824578218,11381274,11057293,35026,323981
75,1893523466,2861970093,11660169,11331808,35724,328361
76,1906590152,2892540936,11932971,11602005,36045,330966
77,1934589949,2929544565,12210422,11875034,36708,335388
78,1958549594,2966325027,12492133,12152398,37332,339735
79,1982993596,3000854835,12776495,12432906,37808,343589
80,2004318747,3035290727,13067592,12720168,38301,347424
81,2028829989,3068619141,13368632,13017602,38748,351030
82,2043019086,3107787114,13571355,13215558,39468,355797
83,2060167330,3140631558,13879818,13520795,39923,359023
84,2082138963,3175813640,14190408,13827465,40542,362943
