BackupID, OnlineSpeed(MB/s), Encalve ProcessTime(s), BackupSize, OnlineSize, OfflineSize, OfflineTime(s)
0, 154.671, 17.6926, 2869463040, 834323475, 750889535, 44.6118
1, 309.406, 8.87516, 2879416320, 973642535, 951366575, 20.2964
2, 313.355, 8.69667, 2857523200, 1149731725, 1129892019, 24.0918
3, 305.933, 9.03951, 2899824640, 1349567259, 1327594630, 30.3785
4, 316.079, 8.66829, 2872954880, 1529429432, 1509244892, 32.0532
5, 315.086, 8.79492, 2905763840, 1706983368, 1687209386, 37.993
6, 310.639, 8.92196, 2906142720, 1893184102, 1872584152, 39.7795
7, 312.906, 8.95472, 2938091520, 2085572407, 2064271132, 40.7583
8, 316.197, 8.80855, 2920529920, 2261970388, 2242196522, 40.241
9, 315.596, 8.82384, 2920038400, 2442842801, 2422776115, 51.679
10, 319.4, 8.65322, 2898094080, 2616384183, 2597023311, 49.4178
11, 315.308, 8.75965, 2896158720, 2793971967, 2774272105, 51.7986
12, 309.748, 9.05603, 2941347840, 2983087601, 2962202873, 54.1899
13, 315.617, 8.8259, 2920919040, 3164583112, 3144343351, 60.3569
14, 319.087, 8.79342, 2942167040, 3339173870, 3319690685, 61.1062
15, 315.375, 8.8808, 2936832000, 3511384406, 3492210774, 53.5688
16, 315.957, 8.99077, 2978682880, 3697819358, 3677255810, 64.6426
17, 320.974, 8.91239, 2999603200, 3879540604, 3859309112, 72.8492
18, 320.763, 8.92574, 3002122240, 4061281198, 4041083944, 78.4157
19, 321.908, 8.8353, 2982307840, 4246418591, 4225884250, 81.1858
20, 320.16, 8.73541, 2932582400, 4431341850, 4410794257, 72.3792
21, 316.706, 8.70451, 2890680320, 4612562122, 4592382708, 83.5203
22, 321.122, 8.50117, 2862520320, 4797260936, 4776771172, 85.5139
23, 319.48, 8.51322, 2851921920, 4972584894, 4953001551, 86.7223
24, 320.129, 8.54067, 2866923520, 5145603389, 5126336587, 86.8329
25, 319.743, 8.57553, 2875156480, 5317138120, 5298054786, 93.2341
26, 319.929, 8.54295, 2865899520, 5496947307, 5477057928, 102.576
27, 318.774, 8.57024, 2864680960, 5671592770, 5652133549, 103.52
28, 321.67, 8.51445, 2871889920, 5849056610, 5829363555, 100.985
29, 317.189, 8.64753, 2876139520, 6020580659, 6001454973, 104.897
30, 317.585, 8.6807, 2890772480, 6197603383, 6177987584, 116.119
31, 322.631, 8.43385, 2853201920, 6368034221, 6349028401, 89.9681
32, 311.911, 8.61615, 2818017280, 6538793658, 6519809343, 117.321
33, 308.238, 8.87041, 2867015680, 6738446267, 6716577983, 99.6388
34, 312.559, 8.79215, 2881556480, 6928973211, 6907728972, 97.6191
35, 317.914, 8.68205, 2894223360, 7122131732, 7100690262, 124.917
36, 312.97, 8.79598, 2886604800, 7312203324, 7291048315, 121.6
37, 322.226, 8.61168, 2909696000, 7500948108, 7479955795, 106.783
38, 320.99, 8.57577, 2886451200, 7680318906, 7660278740, 138.173
39, 321.514, 8.56293, 2886840320, 7859460371, 7839537639, 103.087
40, 319.941, 8.67059, 2908835840, 8042979094, 8022634115, 105.088
41, 315.851, 8.7143, 2886123520, 8223151026, 8203098563, 105.982
42, 318.418, 8.64139, 2885232640, 8406306361, 8385983079, 131.693
43, 319.911, 8.61057, 2888427520, 8587647006, 8567479965, 104.726
44, 322.776, 8.48641, 2872268800, 8765779513, 8745946857, 135.723
45, 320.553, 8.60104, 2891018240, 8944141749, 8924321194, 146.292
46, 322.143, 8.61886, 2911375360, 9122580475, 9102753724, 108.931
47, 322.154, 8.61852, 2911365120, 9301328110, 9281469770, 108.488
48, 325.323, 8.54748, 2915768320, 9483002299, 9462844988, 148.342
49, 323.039, 8.53534, 2891182080, 9662354450, 9642402173, 110.752
50, 319.399, 8.70098, 2914078720, 9844169571, 9823992259, 141.406
51, 322.486, 8.46424, 2862192640, 10019928618, 10000334949, 150.969
52, 322.936, 8.46068, 2864977920, 10192609887, 10173381395, 141.18
53, 324.997, 8.46626, 2885160960, 10362138291, 10343259694, 158.39
54, 319.793, 8.63299, 2894878720, 10541772495, 10521919111, 159.575
55, 320.791, 8.59526, 2891223040, 10720266527, 10700427086, 164.809
56, 321.111, 8.63296, 2906798080, 10902416886, 10882211958, 159.528
57, 320.403, 8.60789, 2891960320, 11077145548, 11057652093, 164.93
58, 317.868, 8.69132, 2896896000, 11258384575, 11238310697, 169.314
59, 321.926, 8.58975, 2899589120, 11430653649, 11411413362, 171.742
60, 323.557, 8.54957, 2900643840, 11605180719, 11585799927, 165.983
61, 322.272, 8.58462, 2900971520, 11783413129, 11763648220, 180.598
62, 318.34, 8.73701, 2916444160, 11963990785, 11943951969, 180.102
63, 317.468, 8.67641, 2888284160, 12142270983, 12122436110, 184.66
64, 320.964, 8.60942, 2897541120, 12319677594, 12299952515, 186.376
65, 318.227, 8.5888, 2865950720, 12491518195, 12472357725, 180.356
66, 324.023, 8.50299, 2889000960, 12666396302, 12646990145, 189.286
67, 323.017, 8.53772, 2891796480, 12840300251, 12820968096, 187.638
68, 319.128, 8.62538, 2886307840, 13018144702, 12998426017, 204.078
69, 317.368, 8.7225, 2902712320, 13196728514, 13176896188, 197.515
70, 321.829, 8.64822, 2918451200, 13372557700, 13352991317, 189.511
71, 311.551, 9.00059, 2940354560, 13550303516, 13530569802, 202.917
72, 321.948, 8.6525, 2920970240, 13730144285, 13710185339, 192.926
73, 320.527, 8.66097, 2910924800, 13902457777, 13883228809, 206.411
74, 321.218, 8.74894, 2946836480, 14077886680, 14058415837, 203.479
75, 324.906, 8.68817, 2959964160, 14260649907, 14240424754, 198.101
76, 328.025, 8.59882, 2957639680, 14443883454, 14423531377, 187.163
77, 321.913, 8.79385, 2968371200, 14619977431, 14600328924, 212.454
78, 324.463, 8.68648, 2955345920, 14799249492, 14779352399, 202.143
79, 324.518, 8.73189, 2971299840, 14976571838, 14956843371, 210.497
80, 322.853, 8.66712, 2934128640, 15153447228, 15133781562, 215.69
81, 323.167, 8.68382, 2942648320, 15328133681, 15308690978, 223.075
82, 321.903, 8.76209, 2957557760, 15514930252, 15494304146, 149.498
83, 325.258, 8.68874, 2963363840, 15695926047, 15675758214, 211.127
84, 322.554, 8.75937, 2962616320, 15874546095, 15854666502, 220.134
