Backup ID, Ecall, Inline_Ocall, Offline_Ocall, _Inline_FPOcall, _Inline_SFOcall, _Inline_LocalOcall, _Inline_LoadOcall, _Inline_DeltaOcall, _Inline_RecipeOcall, _Inline_Write_ContainerOcall, _inline_have_similar_chunk_num, _inline_need_load_container_num
0,2734,9961,356338,2732,2732,2641,1424,91,341,213,109954,37110,
1,5478,18911,653494,5474,5474,5144,1806,330,683,270,145483,57113,
2,8200,27683,943077,8194,8194,7412,2079,782,1022,321,182008,73584,
3,10955,36605,1276862,10947,10947,9810,2398,1137,1366,377,215653,90240,
4,13683,45335,1613950,13673,13673,12237,2610,1436,1706,429,252011,106858,
5,16440,54216,1984008,16428,16428,14558,2882,1870,2050,480,289288,122132,
6,19195,63064,2375746,19181,19181,16944,3127,2237,2394,533,327669,137880,
7,21990,73081,2800984,21974,21974,19424,4416,2550,2743,588,361845,154860,
8,24768,82008,3238163,24750,24750,21820,4669,2930,3089,639,397903,170520,
9,27545,90972,3749963,27525,27525,24254,4962,3271,3435,690,434382,186683,
10,30302,99840,4187429,30280,30280,26671,5221,3609,3779,739,470050,202953,
11,33058,108727,4690602,33034,33034,29114,5502,3920,4123,789,505919,219196,
12,35858,117711,5210601,35832,35832,31568,5743,4264,4472,842,543817,236121,
13,38635,126611,5767561,38607,38607,34057,5972,4550,4818,894,580721,252724,
14,41431,135599,6353424,41401,41401,36524,6229,4877,5167,944,616951,269529,
15,44221,144581,6835427,44189,44189,38988,6499,5201,5515,993,652851,285622,
16,47053,153747,7495763,47019,47019,41598,6822,5421,5868,1046,689482,304130,
17,49904,163017,8187806,49868,49868,44133,7189,5735,6224,1098,726405,321928,
18,52757,172174,8862735,52718,52718,46773,7439,5946,6580,1150,762965,341278,
19,55586,181247,9511022,55545,55545,49387,7678,6159,6933,1203,799882,359908,
20,58370,190155,10181683,58327,58327,51993,7893,6335,7280,1256,836066,379429,
21,61116,198971,10944245,61071,61071,54532,8135,6540,7622,1308,872123,398294,
22,63835,207633,11660969,63787,63787,57097,8309,6692,7961,1361,907919,417651,
23,66542,216307,12466616,66492,66492,59575,8530,6919,8299,1411,943868,434495,
24,69261,225031,13199176,69209,69209,62004,8764,7207,8638,1460,979666,450955,
25,71988,233797,13985259,71934,71934,64444,9015,7492,8978,1509,1015426,467353,
26,74705,242487,14850426,74649,74649,66959,9221,7692,9317,1560,1051505,484457,
27,77420,251213,15667072,77362,77362,69435,9469,7929,9656,1610,1086992,501266,
28,80139,259924,16513277,80079,80079,71923,9690,8158,9995,1660,1123043,518519,
29,82863,268707,17341780,82801,82801,74334,9967,8469,10335,1709,1159025,534410,
30,85599,277502,18324144,85535,85535,76809,10219,8728,10676,1759,1195281,551803,
31,88300,286182,19105014,88234,88234,79236,10465,9000,11013,1808,1230779,567790,
32,90971,294798,19993186,90903,90903,81642,10741,9263,11346,1857,1265998,584045,
33,93684,303422,20945876,93614,93614,84200,10894,9416,11684,1913,1304928,603053,
34,96409,312107,21920746,96337,96337,86747,11070,9592,12024,1967,1343116,621516,
35,99146,320773,23080182,99072,99072,89364,11190,9710,12365,2022,1380498,641484,
36,101876,329482,24007558,101800,101800,91926,11375,9876,12705,2076,1417543,660771,
37,104624,338211,24997338,104546,104546,94557,11523,9991,13048,2130,1454244,680573,
38,107351,346922,26139292,107271,107271,97082,11719,10191,13388,2181,1490460,698456,
39,110078,355620,27023040,109996,109996,99590,11902,10408,13728,2232,1526549,715907,
40,112825,364406,27941389,112741,112741,102148,12110,10595,14071,2284,1563216,733863,
41,115552,373142,28886708,115466,115466,104673,12331,10795,14411,2335,1599430,751820,
42,118278,381836,29973409,118190,118190,107223,12513,10969,14751,2387,1635973,769864,
43,121006,390544,30940029,120916,120916,109747,12703,11171,15091,2439,1671891,788056,
44,123721,399219,32101856,123629,123629,112286,12900,11345,15430,2490,1707652,806288,
45,126451,407935,33290928,126357,126357,114831,13092,11528,15770,2541,1743577,824066,
46,129197,416708,34215503,129101,129101,117397,13291,11706,16112,2592,1779597,842000,
47,131944,425486,35175088,131846,131846,119948,13491,11900,16455,2643,1815468,860101,
48,134697,434274,36323644,134597,134597,122527,13683,12072,16798,2695,1851929,878176,
49,137429,443031,37289394,137327,137327,125062,13909,12267,17139,2746,1888047,896698,
50,140181,451820,38495367,140077,140077,127612,14105,12467,17482,2798,1924583,914428,
51,142883,460493,39700242,142777,142777,130085,14341,12694,17819,2848,1960262,931467,
52,145587,469155,40820991,145479,145479,132531,14560,12950,18156,2897,1995877,948022,
53,148308,477903,41992931,148198,148198,134962,14812,13238,18495,2945,2031119,963911,
54,151038,486641,43162733,150926,150926,137453,15026,13475,18835,2996,2067105,980988,
55,153765,495385,44382899,153651,153651,139937,15255,13716,19175,3047,2103342,997847,
56,156504,504163,45588747,156388,156388,142455,15480,13935,19517,3099,2140243,1015186,
57,159230,512904,46769016,159112,159112,144952,15709,14162,19857,3149,2176130,1032484,
58,161958,521634,47971412,161838,161838,147470,15921,14370,20197,3200,2212707,1049827,
59,164688,530422,49174142,164566,164566,149950,16185,14618,20537,3249,2248026,1066589,
60,167419,539156,50476354,167295,167295,152473,16391,14824,20878,3299,2283819,1084045,
61,170150,547876,51756850,170024,170024,155007,16583,15019,21219,3350,2319928,1101630,
62,172897,556689,53073249,172769,172769,157537,16818,15234,21562,3401,2356325,1119645,
63,175619,565430,54364264,175489,175489,160026,17060,15465,21901,3452,2392692,1136331,
64,178350,574182,55727080,178218,178218,162533,17284,15687,22242,3503,2428950,1153416,
65,181053,582874,57065029,180919,180919,164944,17536,15977,22579,3552,2464932,1169209,
66,183775,591628,58400452,183639,183639,167394,17791,16247,22918,3602,2500732,1185865,
67,186500,600367,59760153,186362,186362,169891,18021,16473,23258,3652,2536539,1202767,
68,189219,609056,61226172,189079,189079,172406,18220,16675,23597,3703,2572589,1219484,
69,191951,617798,62568022,191809,191809,174933,18431,16878,23938,3754,2608891,1236563,
70,194696,626591,63844349,194552,194552,177445,18653,17109,24280,3804,2645268,1253660,
71,197460,635449,65364727,197314,197314,179962,18880,17354,24625,3855,2681874,1270860,
72,200207,644259,66793542,200059,200059,182472,19112,17589,24968,3906,2718278,1287898,
73,202945,653077,68294710,202795,202795,184946,19381,17851,25309,3955,2754103,1304919,
74,205712,661949,69738388,205560,205560,187418,19613,18144,25654,4005,2790069,1321175,
75,208489,670815,71312907,208335,208335,190028,19808,18309,26000,4057,2826228,1339645,
76,211264,679676,72624551,211108,211108,192625,20004,18485,26346,4109,2862755,1358661,
77,214048,688604,74198515,213890,213890,195139,20239,18753,26693,4159,2899628,1375399,
78,216821,697484,75750431,216661,216661,197679,20460,18984,27039,4210,2936410,1392427,
79,219606,706409,77226155,219444,219444,200216,20689,19230,27386,4261,2972947,1409655,
80,222360,715231,78720941,222196,222196,202772,20912,19426,27729,4311,3009076,1427015,
81,225121,724094,80230285,224955,224955,205291,21154,19666,28073,4361,3045236,1444162,
82,227896,732948,81536690,227728,227728,207928,21343,19802,28419,4414,3081865,1463474,
83,230677,741819,83071799,230507,230507,210543,21530,19966,28766,4466,3118335,1482833,
84,233458,750726,84732696,233286,233286,213109,21753,20179,29113,4517,3154939,1500381,
