Backup ID, Logical chunk num, Unique chunk num, Base chunk num, Delta chunk num, Logical chunk size, Unique chunk size, Base chunk size, Delta chunk size, LZ4_save size, Delta_save size, 
0,47270,45091,44973,118,374824960,355493664,227085881,54250,127310286,1043247
1,93760,63193,55269,7924,741068800,495103669,277886528,897576,158038388,58281177
2,140254,80435,65424,15011,1108418560,629979924,328049363,1745341,189647140,110538080
3,186916,97135,74637,22498,1477611520,759367472,373772455,2683702,218309582,164601733
4,233561,111930,82479,29451,1846190080,875009206,411430419,3408433,244446252,215724102
5,271616,126584,90629,35955,2149201920,988912863,448584729,4219347,272327267,263781520
6,333509,182509,143505,39004,2647705600,1439024217,699867191,5235953,447764747,286156326
7,375631,217536,169722,47814,2997319680,1732574333,815823453,12907837,550365662,353477381
8,419564,249310,188590,60720,3364526080,1998004082,908134326,20158294,610726523,458984939
9,463497,249332,188612,60720,3731732480,1998126473,908157981,20158294,610825259,458984939
10,511234,257100,194400,62700,4109803520,2059446492,936328151,20330006,630127535,472660800
11,550375,262844,198205,64639,4422103040,2104629607,953101261,20487415,645200191,485840740
12,589502,277512,206580,70932,4734248960,2218783128,993067510,21275559,672536336,531903723
13,652520,280730,207332,73398,5241784320,2241418287,996002824,21535708,675001047,548878708
14,717905,300858,217297,83561,5764464640,2400783295,1040428676,22691806,708056494,629606319
15,783325,316129,223935,92194,6287237120,2525462985,1072026903,23490619,731044471,698900992
16,829595,341773,235421,106352,6673735680,2745488039,1122100898,33750865,778439747,811196529
17,875466,350721,237893,112828,7057971200,2823472834,1130672901,40316782,788910201,863572950
18,923854,357394,242320,115074,7442227200,2876277470,1150048785,40475489,806672036,879081160
19,971484,363629,246157,117472,7817871360,2924628193,1165862159,40692809,822294208,895779017
20,1019179,369592,249734,119858,8194682880,2971142827,1180136656,40908334,837549784,912548053
21,1067026,375496,253224,122272,8573368320,3017413239,1193893377,41109161,852919708,929490993
22,1112897,375519,253247,122272,8957603840,3017536324,1193918602,41109161,853017568,929490993
23,1158768,375540,253263,122277,9341839360,3017643824,1193932602,41109485,853078341,929523396
24,1207545,391103,262531,128572,9731287040,3147129212,1242722748,41758093,881448706,981199665
25,1256392,394790,263888,130902,10121338880,3173146392,1248841842,41964217,884905888,997434445
26,1305302,398504,265006,133498,10512404480,3198894091,1252816975,42296012,888583023,1015198081
27,1354172,412295,271418,140877,10903429120,3314601417,1284566258,43003760,910731690,1076299709
28,1402940,415863,272714,143149,11293941760,3340115247,1290758798,43216527,913897714,1092242208
29,1443085,436186,282457,153729,11619184640,3504542465,1338089711,44565619,945595542,1176291593
30,1483217,452933,289878,163055,11944468480,3640857118,1372416472,45620971,971648291,1251171384
31,1523363,455386,290651,164735,12269639680,3659050396,1376023004,45797664,973737337,1263492391
32,1563546,457878,291579,166299,12595281920,3677505788,1380498053,45980561,976112637,1274914537
33,1603775,460343,292494,167849,12921047040,3695746745,1385036644,46153332,978494988,1286061781
34,1648884,470364,297059,173305,13298063360,3789919389,1398742489,56918232,1007757469,1326501199
35,1694029,478149,298780,179369,13675489280,3861312313,1405016890,65431117,1015244682,1375619624
36,1741440,485699,299875,185824,14072944640,3929958353,1409594750,73773452,1019687482,1426902669
37,1788524,505702,306197,199505,14468106240,4101652910,1440246828,82807394,1040727137,1537871551
38,1835523,513397,308748,204649,14863370240,4171832822,1449401107,88358903,1056281440,1577791372
39,1876216,530689,318431,212258,15191316480,4311487807,1497035956,89341035,1085839538,1639271278
40,1913449,545953,324392,221561,15492782080,4436563133,1525889621,90750453,1105222958,1714700101
41,1950738,563025,331501,231524,15794718720,4575785202,1560625250,92251966,1127685159,1795222827
42,1988065,578196,338722,239474,16096768000,4699732147,1597355923,93384833,1148913444,1860077947
43,2025433,582690,340791,241899,16399237120,4732139714,1606070410,93882435,1155243604,1876943265
44,2074134,597635,349173,248462,16789903360,4856818378,1649550387,94687907,1182203794,1930376290
45,2122847,600194,350124,250070,17180590080,4875734367,1654648569,94819316,1184314048,1941952434
46,2171519,603472,351083,252389,17570560000,4899115325,1658863341,95014152,1187216641,1958021191
47,2220326,618425,357643,260782,17961431040,5021636387,1688269299,95918018,1211387786,2026061284
48,2257694,618450,357668,260782,18263900160,5021781860,1688303576,95918018,1211498982,2026061284
49,2307202,622086,359979,262107,18659973120,5049354401,1703289737,96026508,1214589182,2035448974
50,2356622,624875,361148,263727,19055656960,5069977693,1709633942,96188063,1217002770,2047152918
51,2405612,636347,366288,270059,19468840960,5177786411,1728740737,107268014,1245290543,2096487117
52,2447006,637794,366896,270898,19802460160,5189341117,1732511237,107364329,1246380698,2103084853
53,2484962,639336,367723,271613,20109813760,5201673249,1738004751,107446910,1247562111,2108659477
54,2522969,640807,368384,272423,20417689600,5213578195,1742203492,107537374,1248640536,2115196793
55,2561009,642051,368828,273223,20725667840,5223559501,1744756234,107633238,1249663525,2121506504
56,2599098,643311,369264,274047,21034076160,5233628060,1747232611,107733524,1250592664,2128069261
57,2639876,645916,370329,275587,21364449280,5252952705,1752701239,107926146,1253100297,2139225023
58,2680677,648640,371516,277124,21695129600,5273120641,1758916957,108125985,1255719770,2150357929
59,2721490,651174,372403,278771,22025707520,5292001087,1763233148,108325391,1258046839,2162395709
60,2762338,653720,373344,280376,22356746240,5310963607,1767968486,108519468,1260402489,2174073164
61,2803249,656273,374289,281984,22687907840,5329807731,1772369302,108709645,1262859342,2185869442
62,2850269,667060,377067,289993,23082076160,5426033199,1782005627,118777168,1277624893,2247625511
63,2897423,675589,378497,297092,23477360640,5503728992,1787844943,127969003,1284174142,2303740904
64,2946849,684080,380155,303925,23892674560,5580869610,1794123769,136545420,1292007682,2358192739
65,2995937,692541,381593,310948,24305715200,5657844301,1799682789,144527552,1299105689,2414528271
66,3034026,692567,381619,310948,24614123520,5657992401,1799717369,144527552,1299219209,2414528271
67,3083892,695994,383580,312414,25014067200,5683878422,1809876839,144639897,1304298143,2425063543
68,3133068,710148,390979,319169,25406832640,5802337491,1848129148,145325536,1327958646,2480924161
69,3182530,712856,392232,320624,25803069440,5822555219,1855482601,145450801,1330394491,2491227326
70,3220619,712881,392257,320624,26111477760,5822699186,1855516585,145450801,1330504474,2491227326
71,3263035,735096,413211,321885,26455859200,6005656824,1973325846,145814449,1385877412,2500639117
72,3307336,746419,422435,323984,26815508480,6098796294,2022965933,146227397,1412600135,2517002829
73,3350218,752391,427157,325234,27163023360,6147772247,2049158481,146417867,1425117794,2527078105
74,3393144,753605,427622,325983,27510743040,6157487549,2052014406,146501361,1425972749,2532999033
75,3436144,759571,431542,328029,27858503680,6204746036,2071162676,146727324,1438236842,2548619194
76,3479144,762358,432698,329660,28206233600,6225611499,2076546041,146915659,1441657932,2560491867
77,3523445,770570,438514,332056,28565800960,6291053095,2104164282,147249208,1461332057,2578307548
78,3567732,772866,439191,333675,28925265920,6310049010,2107557998,147398520,1463455063,2591637429
79,3612081,781297,444823,336474,29285120000,6376027080,2133414351,147867994,1483050028,2611694707
80,3656412,784282,445921,338361,29644994560,6399193338,2137949603,148062171,1486831752,2626349812
81,3700674,787566,447112,340454,30004213760,6425556325,2144085120,148247735,1490010093,2643213377
82,3740691,798725,457141,341584,30326528000,6515039713,2198574505,148531866,1516000917,2651932425
83,3783372,805381,462042,343339,30671964160,6567954497,2223632482,148743605,1530352516,2665225894
84,3825950,810353,465843,344510,31016939520,6607659097,2243008994,148926884,1541769373,2673953846
85,3868596,815960,469092,346868,31362539520,6650687784,2262894316,149188361,1547557948,2691047159
86,3910995,819466,470536,348930,31706787840,6677029366,2270213556,149382224,1551479712,2705953874
87,3953403,821838,471258,350580,32051159040,6694505446,2273130224,149522451,1553841958,2718010813
88,3997704,821859,471274,350585,32410808320,6694628515,2273149116,149522782,1553918999,2718037618
89,4042378,824073,473363,350710,32773447680,6712487789,2288553575,149536623,1555521587,2718876004
90,4086956,826102,474635,351467,33135206400,6728833826,2297964670,149611655,1556486174,2724771327
91,4131606,827496,475184,352312,33497640960,6740028415,2301317980,149700508,1557443419,2731566508
92,4176284,834288,480068,354220,33860229120,6794113241,2323675573,149968755,1574843851,2745625062
93,4220932,838026,481383,356643,34222755840,6822115611,2328622088,150299416,1579267451,2763926656
94,4265582,838047,481404,356643,34585190400,6822244413,2328647958,150299416,1579370383,2763926656
