Backup ID, FPindex, SFindex, Deltaindex
0,3607280,8569536,0
1,5055440,10521408,0
2,6434800,12423168,0
3,7770800,14120512,0
4,8954400,15546624,0
5,10126720,17031168,0
6,14600720,27058496,0
7,17402880,31907200,0
8,19944800,35402752,0
9,19946560,35405760,0
10,20568000,36466496,0
11,21027520,37150848,0
12,22200960,38655872,0
13,22458400,38757888,0
14,24068640,40586048,0
15,25290320,41768192,0
16,27341840,43836416,0
17,28057680,44169728,0
18,28591520,44979200,0
19,29090320,45652992,0
20,29567360,46269760,0
21,30039680,46864576,0
22,30041520,46868160,0
23,30043200,46869952,0
24,31288240,48557056,0
25,31583200,48729472,0
26,31880320,48850048,0
27,32983600,49984448,0
28,33269040,50129216,0
29,34894880,51871488,0
30,36234640,53145920,0
31,36430880,53233856,0
32,36630240,53344192,0
33,36827440,53449024,0
34,37629120,54228544,0
35,38251920,54452480,0
36,38855920,54573376,0
37,40456160,55590016,0
38,41071760,55909184,0
39,42455120,57621568,0
40,43676240,58607936,0
41,45042000,59788608,0
42,46255680,60993024,0
43,46615200,61271808,0
44,47810800,62757632,0
45,48015520,62883264,0
46,48277760,62984448,0
47,49474000,64068160,0
48,49476000,64071168,0
49,49766880,64442560,0
50,49990000,64592192,0
51,50907760,65441728,0
52,51023520,65534784,0
53,51146880,65667584,0
54,51264560,65768128,0
55,51364080,65828800,0
56,51464880,65883904,0
57,51673280,66010368,0
58,51891200,66157632,0
59,52093920,66249984,0
60,52297600,66346688,0
61,52501840,66437056,0
62,53364800,66786624,0
63,54047120,66929216,0
64,54726400,67079488,0
65,55403280,67197184,0
66,55405360,67200640,0
67,55679520,67515200,0
68,56811840,68766528,0
69,57028480,68926080,0
70,57030480,68928704,0
71,58807680,72916416,0
72,59713520,74644736,0
73,60191280,75508224,0
74,60288400,75575936,0
75,60765680,76275328,0
76,60988640,76419328,0
77,61645600,77439680,0
78,61829280,77526400,0
79,62503760,78502656,0
80,62742560,78625024,0
81,63005280,78799744,0
82,63898000,80665856,0
83,64430480,81540864,0
84,64828240,82205824,0
85,65276800,82736512,0
86,65557280,82927552,0
87,65747040,82993920,0
88,65748720,82995712,0
89,65925840,83371008,0
90,66088160,83589952,0
91,66199680,83667072,0
92,66743040,84496064,0
93,67042080,84650368,0
94,67043760,84652736,0
