Backup ID, Online Delta_save, Offline Delta_save, Offline delta time, Offline dedelta time, Offline delete time, Offline Delta chunk num
0,1043247,0,0,0,0,0
1,58281177,0,0,0,0,0
2,110538080,0,0,0,0,0
3,164601733,0,0,0,0,0
4,215724102,0,0,0,0,0
5,263781520,0,0,0,0,0
6,286156326,0,0,0,0,0
7,353477381,0,0,0,0,0
8,458984939,0,0,0,0,0
9,458984939,0,0,0,0,0
10,472660800,0,0,0,0,0
11,485840740,0,0,0,0,0
12,531903723,0,0,0,0,0
13,548878708,0,0,0,0,0
14,629606319,0,0,0,0,0
15,698900992,0,0,0,0,0
16,811196529,0,0,0,0,0
17,863572950,0,0,0,0,0
18,879081160,0,0,0,0,0
19,895779017,0,0,0,0,0
20,912548053,0,0,0,0,0
21,929490993,0,0,0,0,0
22,929490993,0,0,0,0,0
23,929523396,0,0,0,0,0
24,981199665,0,0,0,0,0
25,997434445,0,0,0,0,0
26,1015198081,0,0,0,0,0
27,1076299709,0,0,0,0,0
28,1092242208,0,0,0,0,0
29,1176291593,0,0,0,0,0
30,1251171384,0,0,0,0,0
31,1263492391,0,0,0,0,0
32,1274914537,0,0,0,0,0
33,1286061781,0,0,0,0,0
34,1326501199,0,0,0,0,0
35,1375619624,0,0,0,0,0
36,1426902669,0,0,0,0,0
37,1537871551,0,0,0,0,0
38,1577791372,0,0,0,0,0
39,1639271278,0,0,0,0,0
40,1714700101,0,0,0,0,0
41,1795222827,0,0,0,0,0
42,1860077947,0,0,0,0,0
43,1876943265,0,0,0,0,0
44,1930376290,0,0,0,0,0
45,1941952434,0,0,0,0,0
46,1958021191,0,0,0,0,0
47,2026061284,0,0,0,0,0
48,2026061284,0,0,0,0,0
49,2035448974,0,0,0,0,0
50,2047152918,0,0,0,0,0
51,2096487117,0,0,0,0,0
52,2103084853,0,0,0,0,0
53,2108659477,0,0,0,0,0
54,2115196793,0,0,0,0,0
55,2121506504,0,0,0,0,0
56,2128069261,0,0,0,0,0
57,2139225023,0,0,0,0,0
58,2150357929,0,0,0,0,0
59,2162395709,0,0,0,0,0
60,2174073164,0,0,0,0,0
61,2185869442,0,0,0,0,0
62,2247625511,0,0,0,0,0
63,2303740904,0,0,0,0,0
64,2358192739,0,0,0,0,0
65,2414528271,0,0,0,0,0
66,2414528271,0,0,0,0,0
67,2425063543,0,0,0,0,0
68,2480924161,0,0,0,0,0
69,2491227326,0,0,0,0,0
70,2491227326,0,0,0,0,0
71,2500639117,0,0,0,0,0
72,2517002829,0,0,0,0,0
73,2527078105,0,0,0,0,0
74,2532999033,0,0,0,0,0
75,2548619194,0,0,0,0,0
76,2560491867,0,0,0,0,0
77,2578307548,0,0,0,0,0
78,2591637429,0,0,0,0,0
79,2611694707,0,0,0,0,0
80,2626349812,0,0,0,0,0
81,2643213377,0,0,0,0,0
82,2651932425,0,0,0,0,0
83,2665225894,0,0,0,0,0
84,2673953846,0,0,0,0,0
85,2691047159,0,0,0,0,0
86,2705953874,0,0,0,0,0
87,2718010813,0,0,0,0,0
88,2718037618,0,0,0,0,0
89,2718876004,0,0,0,0,0
90,2724771327,0,0,0,0,0
91,2731566508,0,0,0,0,0
92,2745625062,0,0,0,0,0
93,2763926656,0,0,0,0,0
94,2763926656,0,0,0,0,0
