BackupID, OnlineSpeed(MB/s), Encalve ProcessTime(s), BackupSize, OnlineSize, OfflineSize, OfflineTime(s)
0, 96.0637, 3.72108, 374824960, 227140131, 227140131, 2.6e-05
1, 181.282, 1.92671, 366243840, 278784104, 278784104, 3.9e-05
2, 184.939, 1.89431, 367349760, 329794704, 329794704, 2.4e-05
3, 187.51, 1.87771, 369192960, 376456157, 376456157, 2.2e-05
4, 209.138, 1.68072, 368578560, 414838852, 414838852, 2e-05
5, 172.208, 1.67805, 303011840, 452804076, 452804076, 2.6e-05
6, 95.9444, 4.95506, 498503680, 705103144, 705103144, 2.7e-05
7, 101.5, 3.2849, 349614080, 828731290, 828731290, 3.8e-05
8, 114.024, 3.07124, 367206400, 928292620, 928292620, 2.5e-05
9, 625.796, 0.5596, 367206400, 928316275, 928316275, 2.4e-05
10, 312.257, 1.15468, 378071040, 956658157, 956658157, 2.2e-05
11, 285.621, 1.04275, 312299520, 973588676, 973588676, 2.5e-05
12, 183.276, 1.62425, 312145920, 1014343069, 1014343069, 2.7e-05
13, 461.985, 1.0477, 507535360, 1017538532, 1017538532, 2.6e-05
14, 205.809, 2.42199, 522680320, 1063120482, 1063120482, 4.1e-05
15, 244.282, 2.0409, 522772480, 1095517522, 1095517522, 2.8e-05
16, 137.166, 2.68721, 386498560, 1155851763, 1155851763, 2.7e-05
17, 255.874, 1.43209, 384235520, 1170989683, 1170989683, 1.9e-05
18, 287.73, 1.27361, 384256000, 1190524274, 1190524274, 2.7e-05
19, 306.519, 1.16874, 375644160, 1206554968, 1206554968, 2.7e-05
20, 300.473, 1.19597, 376811520, 1221044990, 1221044990, 2.5e-05
21, 303.26, 1.19087, 378685440, 1235002538, 1235002538, 2.4e-05
22, 608.945, 0.601755, 384235520, 1235027763, 1235027763, 2.1e-05
23, 590.093, 0.620979, 384235520, 1235042087, 1235042087, 2.3e-05
24, 192.538, 1.929, 389447680, 1284480841, 1284480841, 2.5e-05
25, 395.965, 0.939432, 390051840, 1290806059, 1290806059, 1.9e-05
26, 389.193, 0.958264, 391065600, 1295112987, 1295112987, 1.9e-05
27, 216.528, 1.72223, 391024640, 1327570018, 1327570018, 4.2e-05
28, 380.489, 0.978797, 390512640, 1333975325, 1333975325, 2e-05
29, 142.236, 2.18071, 325242880, 1382655330, 1382655330, 2.1e-05
30, 162.314, 1.91121, 325283840, 1418037443, 1418037443, 6.4e-05
31, 394.136, 0.786803, 325171200, 1421820668, 1421820668, 2.2e-05
32, 413.473, 0.751093, 325642240, 1426478614, 1426478614, 2e-05
33, 419.757, 0.740127, 325765120, 1431189976, 1431189976, 2.1e-05
34, 230.935, 1.55693, 377016320, 1455660721, 1455660721, 2.6e-05
35, 279.359, 1.28845, 377425920, 1470448007, 1470448007, 2.6e-05
36, 272.92, 1.38884, 397455360, 1483368202, 1483368202, 2.5e-05
37, 159.791, 2.35843, 395161600, 1523054222, 1523054222, 2.6e-05
38, 276.59, 1.36286, 395264000, 1537760010, 1537760010, 2.6e-05
39, 155.922, 2.00584, 327946240, 1586376991, 1586376991, 3.8e-05
40, 162.076, 1.77385, 301465600, 1616640074, 1616640074, 0.0001
41, 142.464, 2.02121, 301936640, 1652877216, 1652877216, 2.6e-05
42, 149.889, 1.9218, 302049280, 1690740756, 1690740756, 2.7e-05
43, 299.662, 0.962609, 302469120, 1699952845, 1699952845, 3.1e-05
44, 198.565, 1.8763, 390666240, 1744238294, 1744238294, 3.6e-05
45, 429.469, 0.867554, 390686720, 1749467885, 1749467885, 2.2e-05
46, 396.018, 0.939109, 389969920, 1753877493, 1753877493, 2.5e-05
47, 199.993, 1.86388, 390871040, 1784187317, 1784187317, 2.1e-05
48, 553.825, 0.520845, 302469120, 1784221594, 1784221594, 2.3e-05
49, 376.98, 1.00198, 396072960, 1799316245, 1799316245, 2.3e-05
50, 411.714, 0.916543, 395683840, 1805822005, 1805822005, 2.4e-05
51, 222.329, 1.77234, 413184000, 1836008751, 1836008751, 4e-05
52, 446.151, 0.713131, 333619200, 1839875566, 1839875566, 2e-05
53, 437.506, 0.669968, 307353600, 1845451661, 1845451661, 2.4e-05
54, 439.599, 0.667912, 307875840, 1849740866, 1849740866, 2.4e-05
55, 465.199, 0.631366, 307978240, 1852389472, 1852389472, 2.6e-05
56, 465.213, 0.632229, 308408320, 1854966135, 1854966135, 2.5e-05
57, 376.748, 0.836285, 330373120, 1860627385, 1860627385, 2.4e-05
58, 379.355, 0.83131, 330680320, 1867042942, 1867042942, 2.1e-05
59, 392.163, 0.803909, 330577920, 1871558539, 1871558539, 2.5e-05
60, 390.416, 0.808632, 331038720, 1876487954, 1876487954, 2.5e-05
61, 388.858, 0.812173, 331161600, 1881078947, 1881078947, 2.4e-05
62, 220.287, 1.70645, 394168320, 1900782795, 1900782795, 2.7e-05
63, 242.411, 1.5551, 395284480, 1915813946, 1915813946, 2.5e-05
64, 251.215, 1.57664, 415313920, 1930669189, 1930669189, 2.5e-05
65, 248.763, 1.58346, 413040640, 1944210341, 1944210341, 2.4e-05
66, 551.384, 0.533423, 308408320, 1944244921, 1944244921, 2.1e-05
67, 394.198, 0.967574, 399943680, 1954516736, 1954516736, 2.4e-05
68, 199.199, 1.88039, 392765440, 1993454684, 1993454684, 2.4e-05
69, 378.399, 0.998631, 396236800, 2000933402, 2000933402, 2.6e-05
70, 611.589, 0.480913, 308408320, 2000967386, 2000967386, 2.3e-05
71, 146.117, 2.24771, 344381440, 2119140295, 2119140295, 2.1e-05
72, 224.472, 1.52798, 359649280, 2169193330, 2169193330, 2.5e-05
73, 299.679, 1.1059, 347514880, 2195576348, 2195576348, 2.4e-05
74, 451.83, 0.733929, 347719680, 2198515767, 2198515767, 2.6e-05
75, 287.123, 1.15508, 347760640, 2217890000, 2217890000, 2.6e-05
76, 389.943, 0.850434, 347729920, 2223461700, 2223461700, 2.3e-05
77, 275.742, 1.24359, 359567360, 2251413490, 2251413490, 2.8e-05
78, 436.767, 0.784887, 359464960, 2254956518, 2254956518, 2.6e-05
79, 251.836, 1.36272, 359854080, 2281282345, 2281282345, 2.6e-05
80, 390.984, 0.877793, 359874560, 2286011774, 2286011774, 2e-05
81, 362.862, 0.944101, 359219200, 2292332855, 2292332855, 2.4e-05
82, 208.098, 1.4771, 322314240, 2347106371, 2347106371, 2.1e-05
83, 301.132, 1.09398, 345436160, 2372376087, 2372376087, 2.3e-05
84, 326.517, 1.00759, 344975360, 2391935878, 2391935878, 1.9e-05
85, 298.23, 1.10515, 345600000, 2412082677, 2412082677, 2.5e-05
86, 330.448, 0.993501, 344248320, 2419595780, 2419595780, 4.4e-05
87, 455.464, 0.721063, 344371200, 2422652675, 2422652675, 2.7e-05
88, 531.946, 0.64478, 359649280, 2422671898, 2422671898, 2.3e-05
89, 451.92, 0.765268, 362639360, 2438090198, 2438090198, 2.9e-05
90, 435.75, 0.791739, 361758720, 2447576325, 2447576325, 2.4e-05
91, 482.547, 0.716292, 362434560, 2451018488, 2451018488, 2.5e-05
92, 290.927, 1.18858, 362588160, 2473644328, 2473644328, 2.5e-05
93, 371.202, 0.931387, 362526720, 2478921504, 2478921504, 2.5e-05
94, 529.957, 0.652213, 362434560, 2478947374, 2478947374, 2.3e-05
