Backup ID, Ecall, Inline_Ocall, Offline_Ocall, _Inline_FPOcall, _Inline_SFOcall, _Inline_LocalOcall, _Inline_LoadOcall, _Inline_DeltaOcall, _Inline_RecipeOcall, _Inline_Write_ContainerOcall, _inline_have_similar_chunk_num, _inline_need_load_container_num
0,372,1088,0,0,0,0,0,0,46,59,0,0,
1,738,9684,0,0,0,0,0,0,91,73,0,0,
2,1104,17574,0,0,0,0,0,0,136,87,0,0,
3,1471,25865,0,0,0,0,0,0,181,100,0,0,
4,1838,33603,0,0,0,0,0,0,226,111,0,0,
5,2138,40757,0,0,0,0,0,0,263,122,0,0,
6,2624,45112,0,0,0,0,0,0,323,187,0,0,
7,2956,55517,0,0,0,0,0,0,364,220,0,0,
8,3302,69559,0,0,0,0,0,0,406,247,0,0,
9,3648,69952,0,0,0,0,0,0,448,248,0,0,
10,4023,72536,0,0,0,0,0,0,494,257,0,0,
11,4331,74987,0,0,0,0,0,0,532,263,0,0,
12,4639,81954,0,0,0,0,0,0,570,275,0,0,
13,5134,85169,0,0,0,0,0,0,631,277,0,0,
14,5647,96344,0,0,0,0,0,0,694,290,0,0,
15,6161,105927,0,0,0,0,0,0,757,299,0,0,
16,6525,121005,0,0,0,0,0,0,802,316,0,0,
17,6886,128627,0,0,0,0,0,0,846,322,0,0,
18,7267,131485,0,0,0,0,0,0,893,328,0,0,
19,7642,134496,0,0,0,0,0,0,939,334,0,0,
20,8017,137496,0,0,0,0,0,0,985,339,0,0,
21,8393,140524,0,0,0,0,0,0,1031,344,0,0,
22,8754,140934,0,0,0,0,0,0,1075,345,0,0,
23,9115,141350,0,0,0,0,0,0,1119,347,0,0,
24,9499,148361,0,0,0,0,0,0,1166,361,0,0,
25,9883,151381,0,0,0,0,0,0,1213,364,0,0,
26,10268,154660,0,0,0,0,0,0,1260,367,0,0,
27,10652,162747,0,0,0,0,0,0,1307,377,0,0,
28,11035,165705,0,0,0,0,0,0,1354,380,0,0,
29,11351,177037,0,0,0,0,0,0,1393,394,0,0,
30,11667,187076,0,0,0,0,0,0,1432,404,0,0,
31,11983,189271,0,0,0,0,0,0,1471,406,0,0,
32,12299,191353,0,0,0,0,0,0,1510,409,0,0,
33,12616,193415,0,0,0,0,0,0,1549,412,0,0,
34,12971,199459,0,0,0,0,0,0,1593,419,0,0,
35,13326,206319,0,0,0,0,0,0,1637,424,0,0,
36,13699,213356,0,0,0,0,0,0,1683,429,0,0,
37,14069,227919,0,0,0,0,0,0,1728,441,0,0,
38,14439,233995,0,0,0,0,0,0,1773,446,0,0,
39,14759,242355,0,0,0,0,0,0,1812,460,0,0,
40,15052,252390,0,0,0,0,0,0,1848,469,0,0,
41,15346,263180,0,0,0,0,0,0,1884,480,0,0,
42,15640,271891,0,0,0,0,0,0,1920,491,0,0,
43,15934,275029,0,0,0,0,0,0,1956,495,0,0,
44,16317,282292,0,0,0,0,0,0,2003,507,0,0,
45,16700,284579,0,0,0,0,0,0,2050,510,0,0,
46,17083,287568,0,0,0,0,0,0,2097,513,0,0,
47,17467,296780,0,0,0,0,0,0,2144,522,0,0,
48,17761,297232,0,0,0,0,0,0,2180,523,0,0,
49,18150,299160,0,0,0,0,0,0,2228,528,0,0,
50,18539,301376,0,0,0,0,0,0,2276,531,0,0,
51,18924,308341,0,0,0,0,0,0,2323,540,0,0,
52,19250,309668,0,0,0,0,0,0,2363,542,0,0,
53,19549,310972,0,0,0,0,0,0,2400,545,0,0,
54,19848,312347,0,0,0,0,0,0,2437,548,0,0,
55,20148,313609,0,0,0,0,0,0,2474,550,0,0,
56,20448,314832,0,0,0,0,0,0,2511,552,0,0,
57,20769,317067,0,0,0,0,0,0,2550,555,0,0,
58,21090,319272,0,0,0,0,0,0,2589,558,0,0,
59,21411,321443,0,0,0,0,0,0,2628,561,0,0,
60,21733,323571,0,0,0,0,0,0,2667,564,0,0,
61,22055,325703,0,0,0,0,0,0,2706,567,0,0,
62,22425,334507,0,0,0,0,0,0,2751,573,0,0,
63,22796,342205,0,0,0,0,0,0,2797,578,0,0,
64,23185,349768,0,0,0,0,0,0,2845,583,0,0,
65,23571,357623,0,0,0,0,0,0,2892,588,0,0,
66,23871,357993,0,0,0,0,0,0,2929,589,0,0,
67,24263,360059,0,0,0,0,0,0,2977,593,0,0,
68,24650,367540,0,0,0,0,0,0,3025,604,0,0,
69,25039,369698,0,0,0,0,0,0,3073,607,0,0,
70,25339,370067,0,0,0,0,0,0,3110,608,0,0,
71,25673,371950,0,0,0,0,0,0,3151,639,0,0,
72,26022,374701,0,0,0,0,0,0,3194,653,0,0,
73,26360,376550,0,0,0,0,0,0,3235,661,0,0,
74,26698,377835,0,0,0,0,0,0,3276,663,0,0,
75,27036,380448,0,0,0,0,0,0,3317,669,0,0,
76,27374,382690,0,0,0,0,0,0,3358,672,0,0,
77,27723,385730,0,0,0,0,0,0,3401,680,0,0,
78,28071,387942,0,0,0,0,0,0,3444,682,0,0,
79,28420,391420,0,0,0,0,0,0,3487,690,0,0,
80,28769,393943,0,0,0,0,0,0,3530,693,0,0,
81,29117,396623,0,0,0,0,0,0,3573,696,0,0,
82,29432,398352,0,0,0,0,0,0,3612,711,0,0,
83,29768,400683,0,0,0,0,0,0,3653,719,0,0,
84,30103,402430,0,0,0,0,0,0,3694,725,0,0,
85,30439,405405,0,0,0,0,0,0,3735,731,0,0,
86,30773,408056,0,0,0,0,0,0,3776,734,0,0,
87,31107,410267,0,0,0,0,0,0,3817,736,0,0,
88,31456,410790,0,0,0,0,0,0,3860,738,0,0,
89,31808,411481,0,0,0,0,0,0,3903,743,0,0,
90,32159,412732,0,0,0,0,0,0,3946,747,0,0,
91,32510,414064,0,0,0,0,0,0,3989,749,0,0,
92,32862,416603,0,0,0,0,0,0,4032,756,0,0,
93,33213,419645,0,0,0,0,0,0,4075,759,0,0,
94,33564,420112,0,0,0,0,0,0,4118,760,0,0,
