Backup ID, Logical chunk num, Unique chunk num, Base chunk num, Delta chunk num, Logical chunk size, Unique chunk size, Base chunk size, Delta chunk size, LZ4_save size, Delta_save size, 
0,349658,181563,180507,1056,2869463040,1586581660,833234035,1091919,744051278,8204428
1,700527,225166,221353,3813,5748879360,2005085802,1054155550,3499493,912571010,34859749
2,1048641,266111,256086,10025,8606402560,2401076896,1244045805,8264329,1055279819,93486943
3,1400928,309641,295830,13811,11506227200,2823542516,1460026869,11636251,1220003682,131875714
4,1749773,350273,331862,18411,14379182080,3221877633,1659724055,14089538,1370052827,178011213
5,2102412,391624,368370,23254,17284945920,3626123370,1860259387,17119223,1522217793,226526967
6,2454706,434179,406340,27839,20191088640,4041790630,2068011757,19819829,1680473207,273485837
7,2812109,475940,445268,30672,23129180160,4435403046,2278066391,21858819,1838979275,296498561
8,3167314,516183,480105,36078,26049710080,4815972298,2471382523,25002783,1983193310,336393682
9,3522400,556670,515813,40857,28969748480,5198324110,2668643453,27979455,2130490760,371210442
10,3874982,595347,549828,45519,31867842560,5565605388,2859523431,30460665,2271197422,404423870
11,4227381,634533,585278,49255,34764001280,5937267741,3057520555,32396172,2417644198,429706816
12,4585507,676861,622965,53896,37705349120,6332317969,3264001684,35100678,2570416142,462799465
13,4940662,717180,659291,57889,40626268160,6713959396,3465416746,37229451,2720750717,490562482
14,5298219,756126,693598,62528,43568435200,7082753289,3657617928,39536330,2863052122,522546909
15,5655036,794396,727343,67053,46505267200,7445443641,3845926051,42125038,3002194330,555198222
16,6017260,834554,764681,69873,49483950080,7823476615,4052030650,43474224,3156364808,571606933
17,6381829,874758,800580,74178,52483553280,8201432140,4250640377,45843042,3304393160,600555561
18,6746630,914145,836976,77169,55485675520,8572341154,4452328817,47202145,3454402531,618407661
19,7108426,954067,873723,80344,58467983360,8948973987,4655833566,48681532,3606303054,638155835
20,7464498,993174,909728,83446,61400565760,9319044274,4856022754,50232946,3755476662,657311912
21,7815621,1032218,945540,86678,64291246080,9690481972,5055866370,51900909,3904382301,678332392
22,8163270,1070694,981541,89153,67153766400,10057353438,5257763369,53014791,4054138376,692436902
23,8509462,1109121,1015882,93239,70005688320,10423757412,5450278600,55148919,4196962994,721366899
24,8857126,1147034,1049738,97296,72872611840,10785938053,5640791471,57344956,4337333357,750468269
25,9205823,1184724,1083366,101358,75747768320,11145427019,5830637274,59337564,4477027151,778425030
26,9553238,1223126,1118026,105100,78613667840,11511966758,6025048062,61208788,4621255826,804454082
27,9900471,1260887,1151936,108951,81478348800,11872768927,6216264387,63094238,4762259134,831151168
28,10248239,1299161,1186384,112777,84350238720,12237946237,6409532767,65111840,4905122306,858179324
29,10596588,1337206,1220686,116520,87226378240,12600596594,6602281162,66917212,5047329435,884068785
30,10946481,1375853,1255808,120045,90117150720,12968055455,6798828636,68466251,5193093704,907666864
31,11291923,1413211,1289126,124085,92970352640,13325556050,6987373734,70515210,5331806632,935860474
32,11633491,1450134,1322065,128069,95788369920,13679895037,7175001848,72505386,5469158454,963229349
33,11980449,1491772,1360666,131106,98655385600,14076093037,7391378608,74058257,5627528588,983127584
34,12328874,1532659,1398832,133827,101536942080,14465034928,7605367788,75406987,5784740646,999519507
35,12678852,1573224,1437001,136223,104431165440,14850849290,7818402067,76693688,5942084907,1013668628
36,13027926,1613137,1474144,138993,107317770240,15231135114,8026682036,77991537,6095407455,1031054086
37,13379379,1652971,1511483,141488,110227466240,15609136396,8235082787,78975278,6249550113,1045528218
38,13728163,1691563,1547109,144454,113113917440,15977195134,8435495549,80372225,6396956051,1064371309
39,14076885,1730035,1582246,147789,116000757760,16345283035,8633804715,81986806,6543101399,1086390115
40,14428208,1769259,1618316,150943,118909593600,16718145370,8835721260,83602379,6692265947,1106555784
41,14776888,1807925,1653633,154292,121795717120,17086806716,9033989615,85382783,6838409841,1129024477
42,15125521,1846954,1689582,157372,124680949760,17458129194,9235012191,86890237,6987106729,1149120037
43,15474430,1885464,1725007,160457,127569377280,17824633621,9433711600,88645608,7133425487,1168850926
44,15821608,1923538,1759868,163670,130441646080,18187892099,9629428366,90142297,7277713938,1190607498
45,16170670,1961503,1794601,166902,133332664320,18550291606,9825089319,91681365,7421890619,1211630303
46,16521828,1999608,1829517,170091,136244039680,18912830265,10021656444,93158149,7566361209,1231654463
47,16873063,2038050,1864686,173364,139155404800,19278065298,10218089986,94918952,7711506562,1253549798
48,17225102,2076957,1900861,176096,142071173120,19646653058,10419258313,96205072,7860414220,1270775453
49,17574419,2115318,1936153,179165,144962355200,20012221789,10617700548,97614621,8006800402,1290106218
50,17926301,2154337,1971617,182720,147876433920,20382505558,10815877017,99540788,8153234869,1313852884
51,18271894,2192243,2005887,186356,150738626560,20744929295,11008928718,101425073,8295942561,1338632943
52,18617702,2229865,2040139,189726,153603604480,21104158522,11201627186,103101563,8437968310,1361461463
53,18965640,2267172,2073823,193349,156488765440,21459879139,11391696939,104846679,8577585857,1385749664
54,19314713,2305354,2108204,197150,159383644160,21823151729,11584616025,106703437,8719976732,1411855535
55,19663418,2344057,2143404,200653,162274867200,22191381180,11781857297,108441872,8866199489,1434882522
56,20013675,2383448,2179544,203904,165181665280,22565614286,11983015052,110010962,9015998898,1456589374
57,20362245,2421236,2213507,207729,168073625600,22926259665,12174476053,111967260,9157303217,1482513135
58,20711122,2460140,2248555,211585,170970521600,23297321455,12370280288,114036535,9302927117,1510077515
59,21060301,2497568,2282416,215152,173870110720,23653978445,12561178821,115775598,9443401903,1533622123
60,21409582,2535174,2316867,218307,176770754560,24012391341,12754801216,117213699,9586362167,1554014259
61,21758839,2573456,2351755,221701,179671726080,24376710915,12949847745,118823791,9731251085,1576788294
62,22110179,2612534,2387414,225120,182588170240,24746247844,13147798124,120583083,9878038908,1599827729
63,22458283,2651107,2422385,228722,185476454400,25113522953,13343777342,122327960,10023231865,1624185786
64,22807536,2689545,2457437,232108,188373995520,25479224907,13540048621,123946369,10168540791,1646689126
65,23153242,2727239,2491409,235830,191239946240,25840016130,13732256758,125700413,10310122682,1671936277
66,23501375,2764639,2525170,239469,194128947200,26197711913,13923153185,127340304,10450679926,1696538498
67,23849800,2802055,2558791,243264,197020743680,26555483219,14113462272,129156462,10590624719,1722239766
68,24197521,2840113,2593473,246640,199907051520,26919495546,14308541326,130761667,10735054727,1745137826
69,24546857,2878491,2628470,250021,202809763840,27285992635,14504843465,132466559,10881167652,1767514959
70,24897909,2916854,2663041,253813,205728215040,27651087447,14698426778,134282007,11024429106,1793949556
71,25251386,2955664,2698203,257461,208668569600,28019890005,14894614407,136016333,11169962130,1819297135
72,25602695,2993999,2732964,261035,211589539840,28385267946,15090042607,137564833,11314416159,1843244347
73,25952879,3031642,2766549,265093,214500464640,28744357655,15279378671,139609471,11453693892,1871675621
74,26306780,3069665,2800564,269101,217447301120,29106010902,15470137041,141603689,11594836577,1899433595
75,26661969,3108343,2836617,271726,220407265280,29473586437,15671317861,142867124,11744496463,1914904989
76,27016854,3147052,2872258,274794,223364904960,29841213287,15870147252,144296053,11892166473,1934603509
77,27372834,3185939,2907116,278823,226333276160,30210618529,16064185367,146212001,12036819483,1963401678
78,27727488,3224888,2941915,282973,229288622080,30580456393,16258630371,148179864,12181793448,1991852710
79,28083712,3263563,2976456,287107,232259921920,30947402258,16451115970,150323602,12324926777,2021035909
80,28435875,3301590,3011515,290075,235194050560,31309801095,16647618488,151718302,12470418062,2040046243
81,28788926,3339470,3046107,293363,238136698880,31670932755,16842085476,153136913,12614338342,2061372024
82,29143842,3378802,3082864,295938,241094256640,32043527381,17046694425,154322262,12766101977,2076408717
83,29499437,3417432,3118854,298578,244057620480,32411265351,17247866906,155506427,12915596169,2092295849
84,29855034,3456001,3154082,301919,247020236800,32778427332,17445325843,156984685,13062120288,2113996516
