Backup ID, FPindex, SFindex, Deltaindex
0,14525040,13220160,2528
1,18013280,14696448,63872
2,21288880,15471808,151680
3,24771280,17280128,116960
4,28021840,18021632,234144
5,31329920,18736256,220224
6,34734320,19465728,254112
7,38075200,20852096,271648
8,41294640,21559040,375968
9,44533600,22214784,327808
10,47627760,22699968,358272
11,50762640,23210240,343136
12,54148880,23961920,408384
13,57374400,24524672,363424
14,60490080,24957760,454624
15,63551680,25323008,510176
16,66764320,25782976,529664
17,69980640,26333248,447872
18,73131600,26850496,409184
19,76325360,27284864,423776
20,79453920,27779904,473792
21,82577440,28164800,436224
22,85655520,28682496,419680
23,88729680,29090752,465312
24,91762720,29419584,475424
25,94777920,29706240,488480
26,97850080,30061312,493248
27,100870960,30431040,500608
28,103932880,30774656,507328
29,106976480,31093504,516256
30,110068240,31454016,521216
31,113056880,31747136,595008
32,116010720,32002112,555136
33,119341760,32426368,565184
34,122612720,32846208,601024
35,125857920,33202432,492640
36,129050960,33648128,510624
37,132237680,34209728,551072
38,135325040,34601216,520000
39,138402800,34985856,581696
40,141540720,35401920,634304
41,144634000,35788032,684352
42,147756320,36176704,549376
43,150837120,36549760,607424
44,153883040,36928384,566368
45,156920240,37228352,572736
46,159968640,37551616,632736
47,163044000,37947456,686016
48,166156560,38331904,585216
49,169225440,38676928,645504
50,172346960,39061056,706976
51,175379440,39383552,637216
52,178389200,39691712,638688
53,181373760,39995456,658976
54,184428320,40329088,671296
55,187524560,40714688,676480
56,190675840,41108160,670560
57,193698880,41383424,701024
58,196811200,41749760,704832
59,199805440,42013504,716352
60,202813920,42306816,705536
61,205876480,42608832,717696
62,209002720,43043520,726816
63,212088560,43377088,744672
64,215163600,43737024,744672
65,218179120,43998400,765248
66,221171120,44233472,777408
67,224164400,44472512,787808
68,227209040,44761280,779296
69,230279280,45078976,776960
70,233348320,45383616,800928
71,236453120,45735552,804192
72,239519920,46027648,807520
73,242531360,46304768,835296
74,245573200,46608064,843776
75,248667440,46910912,818624
76,251764160,47299968,818208
77,254875120,47618816,847200
78,257991040,47958528,863392
79,261085040,48293632,882464
80,264127200,48535616,854976
81,267157600,48829184,872384
82,270304160,49124672,900160
83,273394560,49534720,850880
84,276480080,49834048,879552
