Backup ID, Online Delta_save, Offline Delta_save, Offline delta time, Offline dedelta time, Offline delete time, Offline Delta chunk num
0,8204428,0,0,0,0,0
1,34859749,0,0,0,0,0
2,93486943,0,0,0,0,0
3,131875714,0,0,0,0,0
4,178011213,0,0,0,0,0
5,226526967,0,0,0,0,0
6,273485837,0,0,0,0,0
7,296498561,0,0,0,0,0
8,336393682,0,0,0,0,0
9,371210442,0,0,0,0,0
10,404423870,0,0,0,0,0
11,429706816,0,0,0,0,0
12,462799465,0,0,0,0,0
13,490562482,0,0,0,0,0
14,522546909,0,0,0,0,0
15,555198222,0,0,0,0,0
16,571606933,0,0,0,0,0
17,600555561,0,0,0,0,0
18,618407661,0,0,0,0,0
19,638155835,0,0,0,0,0
20,657311912,0,0,0,0,0
21,678332392,0,0,0,0,0
22,692436902,0,0,0,0,0
23,721366899,0,0,0,0,0
24,750468269,0,0,0,0,0
25,778425030,0,0,0,0,0
26,804454082,0,0,0,0,0
27,831151168,0,0,0,0,0
28,858179324,0,0,0,0,0
29,884068785,0,0,0,0,0
30,907666864,0,0,0,0,0
31,935860474,0,0,0,0,0
32,963229349,0,0,0,0,0
33,983127584,0,0,0,0,0
34,999519507,0,0,0,0,0
35,1013668628,0,0,0,0,0
36,1031054086,0,0,0,0,0
37,1045528218,0,0,0,0,0
38,1064371309,0,0,0,0,0
39,1086390115,0,0,0,0,0
40,1106555784,0,0,0,0,0
41,1129024477,0,0,0,0,0
42,1149120037,0,0,0,0,0
43,1168850926,0,0,0,0,0
44,1190607498,0,0,0,0,0
45,1211630303,0,0,0,0,0
46,1231654463,0,0,0,0,0
47,1253549798,0,0,0,0,0
48,1270775453,0,0,0,0,0
49,1290106218,0,0,0,0,0
50,1313852884,0,0,0,0,0
51,1338632943,0,0,0,0,0
52,1361461463,0,0,0,0,0
53,1385749664,0,0,0,0,0
54,1411855535,0,0,0,0,0
55,1434882522,0,0,0,0,0
56,1456589374,0,0,0,0,0
57,1482513135,0,0,0,0,0
58,1510077515,0,0,0,0,0
59,1533622123,0,0,0,0,0
60,1554014259,0,0,0,0,0
61,1576788294,0,0,0,0,0
62,1599827729,0,0,0,0,0
63,1624185786,0,0,0,0,0
64,1646689126,0,0,0,0,0
65,1671936277,0,0,0,0,0
66,1696538498,0,0,0,0,0
67,1722239766,0,0,0,0,0
68,1745137826,0,0,0,0,0
69,1767514959,0,0,0,0,0
70,1793949556,0,0,0,0,0
71,1819297135,0,0,0,0,0
72,1843244347,0,0,0,0,0
73,1871675621,0,0,0,0,0
74,1899433595,0,0,0,0,0
75,1914904989,0,0,0,0,0
76,1934603509,0,0,0,0,0
77,1963401678,0,0,0,0,0
78,1991852710,0,0,0,0,0
79,2021035909,0,0,0,0,0
80,2040046243,0,0,0,0,0
81,2061372024,0,0,0,0,0
82,2076408717,0,0,0,0,0
83,2092295849,0,0,0,0,0
84,2113996516,0,0,0,0,0
