BackupID, OnlineSpeed(MB/s), Encalve ProcessTime(s), BackupSize, OnlineSize, OfflineSize, OfflineTime(s)
0, 153.432, 17.8355, 2869463040, 834325954, 834325954, 2.83569
1, 304.369, 9.02201, 2879416320, 1057655043, 1057655043, 0.869324
2, 305.161, 8.93019, 2857523200, 1252310134, 1252310134, 0.807208
3, 296.778, 9.31837, 2899824640, 1471663120, 1471663120, 0.791207
4, 309.783, 8.84445, 2872954880, 1673813593, 1673813593, 0.848117
5, 306.281, 9.04775, 2905763840, 1877378610, 1877378610, 0.868267
6, 306.126, 9.05351, 2906142720, 2087831586, 2087831586, 0.909035
7, 305.05, 9.18534, 2938091520, 2299925210, 2299925210, 0.821734
8, 309.023, 9.01304, 2920529920, 2496385306, 2496385306, 0.832628
9, 310.626, 8.96501, 2920038400, 2696622908, 2696622908, 0.866152
10, 313.225, 8.82381, 2898094080, 2889984096, 2889984096, 0.840748
11, 311.38, 8.87018, 2896158720, 3089916727, 3089916727, 0.870042
12, 305.222, 9.19032, 2941347840, 3299102362, 3299102362, 0.904916
13, 306.901, 9.07657, 2920919040, 3502646197, 3502646197, 0.907184
14, 311.498, 9.00765, 2942167040, 3697154258, 3697154258, 0.875477
15, 314.76, 8.89814, 2936832000, 3888051089, 3888051089, 0.853565
16, 315.117, 9.01473, 2978682880, 4095504874, 4095504874, 0.91668
17, 312.839, 9.14414, 2999603200, 4296483419, 4296483419, 0.892667
18, 317.687, 9.01216, 3002122240, 4499530962, 4499530962, 0.918662
19, 314.085, 9.05535, 2982307840, 4704515098, 4704515098, 0.930141
20, 314.622, 8.88916, 2932582400, 4906255700, 4906255700, 0.913264
21, 310.628, 8.87482, 2890680320, 5107767279, 5107767279, 0.900807
22, 313.678, 8.70291, 2862520320, 5310778160, 5310778160, 0.917596
23, 312.477, 8.70401, 2851921920, 5505427519, 5505427519, 0.875013
24, 310.469, 8.80639, 2866923520, 5698136427, 5698136427, 0.884455
25, 312.89, 8.76334, 2875156480, 5889974838, 5889974838, 0.877329
26, 313.02, 8.73151, 2865899520, 6086256850, 6086256850, 0.897167
27, 314.104, 8.69767, 2864680960, 6279358625, 6279358625, 0.875621
28, 313.501, 8.73634, 2871889920, 6474644607, 6474644607, 0.889487
29, 313.715, 8.74328, 2876139520, 6669198374, 6669198374, 0.906615
30, 313.591, 8.79125, 2890772480, 6867294887, 6867294887, 0.909873
31, 314.087, 8.6633, 2853201920, 7057888944, 7057888944, 0.881766
32, 307.995, 8.72569, 2818017280, 7247507234, 7247507234, 0.871377
33, 305.96, 8.93647, 2867015680, 7465436865, 7465436865, 0.993631
34, 311.52, 8.82149, 2881556480, 7680774775, 7680774775, 0.984772
35, 312.861, 8.82228, 2894223360, 7895095755, 7895095755, 0.972754
36, 311.011, 8.85139, 2886604800, 8104673573, 8104673573, 0.955187
37, 312.793, 8.87138, 2909696000, 8314058065, 8314058065, 0.949294
38, 312.797, 8.80037, 2886451200, 8515867774, 8515867774, 0.927666
39, 311.601, 8.83536, 2886840320, 8715791521, 8715791521, 0.911258
40, 313.712, 8.84277, 2908835840, 8919323639, 8919323639, 0.94187
41, 312.338, 8.81233, 2886123520, 9119372398, 9119372398, 0.917231
42, 309.409, 8.89298, 2885232640, 9321902428, 9321902428, 0.937778
43, 316.429, 8.70532, 2888427520, 9522357208, 9522357208, 0.914398
44, 313.363, 8.74133, 2872268800, 9719570663, 9719570663, 0.909178
45, 314.995, 8.7528, 2891018240, 9916770684, 9916770684, 0.905132
46, 313.934, 8.84422, 2911375360, 10114814593, 10114814593, 0.926856
47, 313.899, 8.84518, 2911365120, 10313008938, 10313008938, 0.915594
48, 314.571, 8.83963, 2915768320, 10515463385, 10515463385, 0.943156
49, 311.687, 8.84621, 2891182080, 10715315169, 10715315169, 0.928722
50, 311.608, 8.91853, 2914078720, 10915417805, 10915417805, 0.928125
51, 312.35, 8.7389, 2862192640, 11110353791, 11110353791, 0.906822
52, 312.592, 8.74066, 2864977920, 11304728749, 11304728749, 0.910826
53, 315.271, 8.72743, 2885160960, 11496543618, 11496543618, 0.894863
54, 313.871, 8.79589, 2894878720, 11691319462, 11691319462, 0.909341
55, 314.378, 8.77061, 2891223040, 11890299169, 11890299169, 0.921717
56, 313.074, 8.85459, 2906798080, 12093026014, 12093026014, 0.950553
57, 316.892, 8.70325, 2891960320, 12286443313, 12286443313, 0.89942
58, 312.164, 8.85014, 2896896000, 12484316823, 12484316823, 0.929035
59, 314.718, 8.78649, 2899589120, 12676954419, 12676954419, 0.907518
60, 315.754, 8.76085, 2900643840, 12872014915, 12872014915, 0.921482
61, 315.241, 8.77608, 2900971520, 13068671536, 13068671536, 0.92089
62, 312.97, 8.88692, 2916444160, 13268381207, 13268381207, 0.943232
63, 312.977, 8.80091, 2888284160, 13466105302, 13466105302, 0.91968
64, 313.214, 8.82244, 2897541120, 13663994990, 13663994990, 0.939721
65, 311.741, 8.76748, 2865950720, 13857957171, 13857957171, 0.915408
66, 316.066, 8.71706, 2889000960, 14050493489, 14050493489, 0.907454
67, 319.459, 8.63282, 2891796480, 14242618734, 14242618734, 0.915199
68, 312.306, 8.81377, 2886307840, 14439302993, 14439302993, 0.929367
69, 314.16, 8.81156, 2902712320, 14637310024, 14637310024, 0.933392
70, 315.022, 8.83509, 2918451200, 14832708785, 14832708785, 0.922863
71, 301.358, 9.30501, 2940354560, 15030630740, 15030630740, 0.938662
72, 316.63, 8.79782, 2920970240, 15227607440, 15227607440, 0.938133
73, 313.723, 8.84881, 2910924800, 15418988142, 15418988142, 0.902044
74, 318.219, 8.83142, 2946836480, 15611740730, 15611740730, 0.911318
75, 320.12, 8.81806, 2959964160, 15814184985, 15814184985, 0.955637
76, 314.897, 8.9573, 2957639680, 16014443305, 16014443305, 0.954254
77, 316.284, 8.95036, 2968371200, 16210397368, 16210397368, 0.930671
78, 316.348, 8.9093, 2955345920, 16406810235, 16406810235, 0.92613
79, 316.723, 8.94679, 2971299840, 16601439572, 16601439572, 0.920427
80, 317.121, 8.82377, 2934128640, 16799336790, 16799336790, 0.952993
81, 316.127, 8.87721, 2942648320, 16995222389, 16995222389, 0.962599
82, 319.578, 8.82585, 2957557760, 17201016687, 17201016687, 0.974799
83, 320.448, 8.81917, 2963363840, 17403373333, 17403373333, 0.963836
84, 320.869, 8.80538, 2962616320, 17602310528, 17602310528, 0.947005
