Backup ID, Ecall, Inline_Ocall, Offline_Ocall, _Inline_FPOcall, _Inline_SFOcall, _Inline_LocalOcall, _Inline_LoadOcall, _Inline_DeltaOcall, _Inline_RecipeOcall, _Inline_Write_ContainerOcall, _inline_have_similar_chunk_num, _inline_need_load_container_num
0,2734,9963,108264,2732,2732,2641,1426,91,341,213,109954,37110,
1,5478,18875,141202,5474,5474,5154,1770,320,683,270,145461,56970,
2,8200,27649,171823,8194,8194,7354,2045,840,1022,320,181999,72454,
3,10955,36585,201916,10947,10947,9745,2378,1202,1366,377,215646,89368,
4,13683,45337,233971,13673,13673,12176,2612,1497,1706,429,252009,106175,
5,16440,54190,266705,16428,16428,14599,2856,1829,2050,482,289302,122242,
6,19195,62984,300839,19181,19181,17065,3047,2116,2394,536,327701,138725,
7,21990,73021,331493,21974,21974,19551,4356,2423,2743,590,361892,156301,
8,24768,81953,362457,24750,24750,21921,4614,2829,3089,641,397963,171887,
9,27545,90901,394445,27525,27525,24346,4891,3179,3435,693,434429,188272,
10,30302,99761,425768,30280,30280,26761,5142,3519,3779,742,470114,204519,
11,33058,108625,458185,33034,33034,29250,5400,3784,4123,793,505987,221404,
12,35858,117627,491796,35832,35832,31710,5659,4122,4472,846,543916,238371,
13,38635,126538,525028,38607,38607,34212,5899,4395,4818,898,580824,255357,
14,41431,135540,556947,41401,41401,36668,6170,4733,5167,948,617070,271910,
15,44221,144530,588636,44189,44189,39126,6448,5063,5515,997,652983,288171,
16,47053,153695,622649,47019,47019,41765,6770,5254,5868,1050,689598,307312,
17,49904,163003,655467,49868,49868,44276,7175,5592,6224,1101,726537,324929,
18,52757,172152,689331,52718,52718,46931,7417,5788,6580,1153,763101,343997,
19,55586,181224,723421,55545,55545,49540,7655,6006,6933,1206,800041,362707,
20,58370,190142,756871,58327,58327,52132,7880,6196,7280,1258,836271,381832,
21,61116,198985,789961,61071,61071,54657,8149,6415,7622,1310,872310,400447,
22,63835,207631,823597,63787,63787,57239,8307,6550,7961,1362,908091,419535,
23,66542,216304,855767,66492,66492,59679,8527,6815,8299,1412,944036,435828,
24,69261,225028,887825,69209,69209,62125,8761,7086,8638,1461,979841,452261,
25,71988,233800,919869,71934,71934,64567,9018,7369,8978,1510,1015637,468750,
26,74705,242503,952508,74649,74649,67043,9237,7608,9317,1560,1051704,485361,
27,77420,251226,984446,77362,77362,69496,9482,7868,9656,1609,1087200,501836,
28,80139,259956,1016952,80079,80079,71954,9722,8127,9995,1659,1123224,518583,
29,82863,268720,1049501,82801,82801,74423,9980,8380,10335,1709,1159227,535430,
30,85599,277507,1082550,85535,85535,76926,10224,8611,10676,1760,1195489,553183,
31,88300,286184,1114320,88234,88234,79363,10467,8873,11013,1809,1230987,569794,
32,90971,294793,1145852,90903,90903,81769,10736,9136,11346,1858,1266197,586353,
33,93684,303409,1182110,93614,93614,84319,10881,9297,11684,1914,1305128,604881,
34,96409,312056,1217914,96337,96337,86912,11019,9427,12024,1969,1343297,623893,
35,99146,320731,1253239,99072,99072,89529,11148,9545,12365,2024,1380672,644004,
36,101876,329447,1287845,101800,101800,92101,11340,9701,12705,2078,1417724,663102,
37,104624,338198,1322421,104546,104546,94719,11510,9829,13048,2132,1454465,682950,
38,107351,346902,1355965,107271,107271,97267,11699,10006,13388,2184,1490657,701301,
39,110078,355611,1389021,109996,109996,99792,11893,10206,13728,2235,1526729,719559,
40,112825,364385,1422815,112741,112741,102352,12089,10391,14071,2287,1563359,737591,
41,115552,373120,1456011,115466,115466,104872,12309,10596,14411,2338,1599588,755484,
42,118278,381844,1489801,118190,118190,107411,12521,10781,14751,2390,1636137,773796,
43,121006,390561,1522940,120916,120916,109950,12720,10968,15091,2441,1672038,792203,
44,123721,399243,1555821,123629,123629,112475,12924,11156,15430,2492,1707807,810218,
45,126451,407957,1588819,126357,126357,115011,13114,11348,15770,2543,1743712,827666,
46,129197,416741,1621967,129101,129101,117564,13324,11539,16112,2594,1779737,845375,
47,131944,425527,1654865,131846,131846,120116,13532,11732,16455,2645,1815594,863457,
48,134697,434315,1688918,134597,134597,122707,13724,11892,16798,2697,1852061,881583,
49,137429,443064,1722306,137327,137327,125251,13942,12078,17139,2748,1888201,899778,
50,140181,451878,1755628,140077,140077,127776,14163,12303,17482,2799,1924760,917191,
51,142883,460559,1787971,142777,142777,130233,14407,12546,17819,2849,1960436,933777,
52,145587,469199,1820537,145479,145479,132723,14604,12758,18156,2899,1996058,950860,
53,148308,477946,1852454,148198,148198,135199,14855,13001,18495,2948,2031295,967391,
54,151038,486696,1884932,150926,150926,137679,15081,13249,18835,2998,2067262,984274,
55,153765,495429,1917986,153651,153651,140176,15299,13477,19175,3049,2103492,1001551,
56,156504,504195,1951967,156388,156388,142707,15512,13683,19517,3101,2140396,1018800,
57,159230,512947,1984346,159112,159112,145170,15752,13944,19857,3151,2176282,1036009,
58,161958,521698,2017427,161838,161838,147641,15985,14199,20197,3202,2212901,1052432,
59,164688,530516,2049507,164566,164566,150125,16279,14443,20537,3251,2248262,1069465,
60,167419,539250,2082462,167295,167295,152659,16485,14638,20878,3301,2284053,1086858,
61,170150,547988,2115496,170024,170024,155179,16695,14847,21219,3351,2320164,1104223,
62,172897,556808,2148789,172769,172769,157694,16937,15077,21562,3402,2356553,1121756,
63,175619,565546,2181864,175489,175489,160180,17176,15311,21901,3453,2392916,1138676,
64,178350,574290,2215048,178218,178218,162689,17392,15531,22242,3504,2429160,1155891,
65,181053,582964,2247607,180919,180919,165145,17626,15776,22579,3554,2465139,1172586,
66,183775,591712,2280071,183639,183639,167624,17875,16017,22918,3603,2500938,1189756,
67,186500,600458,2312422,186362,186362,170088,18112,16276,23258,3652,2536771,1206208,
68,189219,609174,2345435,189079,189079,172593,18338,16488,23597,3702,2572838,1222870,
69,191951,617928,2378723,191809,191809,175118,18561,16693,23938,3753,2609188,1240072,
70,194696,626725,2411629,194552,194552,177620,18787,16934,24280,3803,2645559,1257246,
71,197460,635583,2444888,197314,197314,180142,19014,17174,24625,3854,2682148,1274630,
72,200207,644395,2478016,200059,200059,182651,19248,17410,24968,3905,2718524,1291749,
73,202945,653214,2510090,202795,202795,185106,19518,17691,25309,3954,2754344,1308529,
74,205712,662093,2542365,205560,205560,187597,19757,17965,25654,4003,2790309,1325305,
75,208489,670942,2576240,208335,208335,190213,19935,18124,26000,4055,2826484,1343778,
76,211264,679809,2609993,211108,211108,192800,20137,18310,26346,4106,2862974,1362887,
77,214048,688745,2643171,213890,213890,195317,20380,18575,26693,4156,2899850,1379972,
78,216821,697662,2676153,216661,216661,197818,20638,18845,27039,4206,2936661,1396572,
79,219606,706594,2708855,219444,219444,200319,20874,19127,27386,4256,2973175,1413394,
80,222360,715393,2742339,222196,222196,202895,21074,19303,27729,4307,3009298,1431488,
81,225121,724251,2775512,224955,224955,205446,21311,19511,28073,4357,3045430,1449456,
82,227896,733096,2809891,227728,227728,208079,21491,19651,28419,4410,3082054,1468677,
83,230677,741957,2844067,230507,230507,210704,21668,19805,28766,4462,3118537,1488210,
84,233458,750868,2877639,233286,233286,213268,21895,20020,29113,4513,3155119,1505924,
