Backup ID, Logical chunk num, Unique chunk num, Base chunk num, Delta chunk num, Logical chunk size, Unique chunk size, Base chunk size, Delta chunk size, LZ4_save size, Delta_save size, 
0,598076,118229,115018,3211,8588886016,1032135022,626530749,3846718,373012125,28745430
1,1195194,131087,125849,5238,17177772032,1171401480,680108735,7861831,434276547,49154367
2,1791173,149943,142903,7040,25766658048,1368358678,771501643,11529982,519364431,65962622
3,2386184,164814,156383,8431,34355544064,1528865472,838694512,14404544,597338507,78427909
4,2980525,182825,173139,9686,42944430080,1719207135,929038588,17136432,683485835,89546280
5,3572942,204438,193242,11196,51533316096,1951922178,1033654254,20829315,796260354,101178255
6,4164755,221561,209339,12222,60122202112,2137587443,1115964567,22955573,888543799,110123504
7,4755932,242885,229362,13523,68711088128,2361052678,1223846127,25760969,990668664,120776918
8,5346585,262903,248252,14651,77299974144,2573569874,1322307848,28168652,1093077775,130015599
9,5936829,281759,265905,15854,85888860160,2774054407,1413957703,30540866,1189099936,140455902
10,6526705,307464,290261,17203,94477746176,3045410776,1539955739,33617210,1321764376,150073451
11,7117376,326216,307725,18491,103066632192,3242865686,1632109397,36101493,1413490856,161163940
12,7708121,347836,327854,19982,111655518208,3473193093,1737834489,38990727,1522821449,173546428
13,8299588,374837,353269,21568,120244404224,3759205714,1872636525,42536984,1658702928,185329277
14,8891445,396422,373499,22923,128833290240,3992611430,1978958865,45056750,1771157718,197438097
15,9483489,417887,393425,24462,137422176256,4224877819,2082862097,47987366,1883439467,210588889
16,10077606,443648,417354,26294,146011062272,4498147302,2213788363,51765328,2006860957,225732654
17,10672558,470248,442064,28184,154599948288,4782863934,2346031472,55688414,2139646921,241497127
18,11268152,494813,464960,29853,163188834304,5047681626,2469509591,59029751,2263125314,256016970
19,11865051,517318,485581,31737,171777720320,5289461317,2579888912,62602900,2374575735,272393770
20,12462550,542802,509149,33653,180366606336,5563245113,2704849882,66559192,2503239382,288596657
21,13060779,568100,532626,35474,188955492352,5836765923,2830177456,69986298,2631911558,304690611
22,13661032,598836,561325,37511,197544378368,6163336318,2987471698,74257060,2780445677,321161883
23,14263100,625524,585877,39647,206133264384,6450494513,3119497368,78486586,2912950739,339559820
24,14866184,651870,610398,41472,214722150400,6735758417,3248646230,82191348,3050012763,354908076
25,15472152,686885,643098,43787,223311036416,7109281814,3427139778,87069464,3221737479,373335093
26,16079762,719004,672813,46191,231899922432,7452798290,3587404031,92683147,3381274655,391436457
27,16689366,753044,704256,48788,240488808448,7818860463,3757918744,98035748,3550563157,412342814
28,17301791,788203,736791,51412,249077694464,8196526159,3934029267,103753385,3725626373,433117134
29,17916474,824183,770212,53971,257666580480,8581486572,4114567308,109647655,3904772643,452498966
