Backup ID, FPindex, SFindex, Deltaindex
0,9458320,21476096,71040
1,10486960,23372992,154016
2,11995440,26322368,205376
3,13185120,28562048,240128
4,14626000,31339008,264608
5,16355040,34743360,291648
6,17724880,37314752,314368
7,19430800,40676608,343936
8,21032240,43739072,368000
9,22540720,46590912,399328
10,24597120,50640832,425728
11,26097280,53499712,463040
12,27826880,56845056,503072
13,29986960,61140160,534784
14,31713760,64460352,573984
15,33430960,67751040,614784
16,35491840,71829824,660928
17,37619840,76056000,712352
18,39585040,79905728,753088
19,41385440,83435584,809632
20,43424160,87440256,860096
21,45448000,91384192,910144
22,47906880,96333120,962400
23,50041920,100572672,1020352
24,52149600,104710336,1068736
25,54950800,110409472,1125120
26,57520320,115622208,1182496
27,60243520,121123456,1247168
28,63056240,126826112,1313440
29,65934640,132680000,1377088
