BackupID, OnlineSpeed(MB/s), Encalve ProcessTime(s), BackupSize, OnlineSize, OfflineSize, OfflineTime(s)
0, 450.178, 18.195, 8588886016, 630377467, 630377467, 0.056964
1, 743.985, 11.0096, 8588886016, 687970566, 687970566, 0.027053
2, 719.995, 11.3765, 8588886016, 783031625, 783031625, 0.047449
3, 723.431, 11.3224, 8588886016, 853099056, 853099056, 0.051051
4, 715.728, 11.4443, 8588886016, 946175020, 946175020, 0.064694
5, 662.252, 12.3684, 8588886016, 1054483569, 1054483569, 0.066914
6, 678.764, 12.0675, 8588886016, 1138920140, 1138920140, 0.076154
7, 702.21, 11.6646, 8588886016, 1249607096, 1249607096, 0.071376
8, 706.614, 11.5919, 8588886016, 1350476500, 1350476500, 0.082234
9, 698.874, 11.7203, 8588886016, 1444498569, 1444498569, 0.079167
10, 673.399, 12.1637, 8588886016, 1573572949, 1573572949, 0.091779
11, 710.924, 11.5216, 8588886016, 1668210890, 1668210890, 0.073372
12, 691.658, 11.8426, 8588886016, 1776825216, 1776825216, 0.078292
13, 665.456, 12.3088, 8588886016, 1915173509, 1915173509, 0.088057
14, 691.694, 11.8419, 8588886016, 2024015615, 2024015615, 0.084923
15, 664.043, 12.335, 8588886016, 2130849463, 2130849463, 0.08083
16, 667.4, 12.273, 8588886016, 2265553691, 2265553691, 0.07781
17, 663.784, 12.3399, 8588886016, 2401719886, 2401719886, 0.079045
18, 667.117, 12.2782, 8588886016, 2528539342, 2528539342, 0.083251
19, 664.316, 12.33, 8588886016, 2642491812, 2642491812, 0.066425
20, 637.968, 12.8392, 8588886016, 2771409074, 2771409074, 0.079636
21, 657.701, 12.454, 8588886016, 2900163754, 2900163754, 0.086514
22, 627.256, 13.0585, 8588886016, 3061728758, 3061728758, 0.08702
23, 648.316, 12.6343, 8588886016, 3197983954, 3197983954, 0.073904
24, 642.023, 12.7581, 8588886016, 3330837578, 3330837578, 0.088448
25, 608.813, 13.4541, 8588886016, 3514209242, 3514209242, 0.091184
26, 615.824, 13.3009, 8588886016, 3680087178, 3680087178, 0.078724
27, 611.59, 13.393, 8588886016, 3855954492, 3855954492, 0.085096
28, 588.794, 13.9115, 8588886016, 4037782652, 4037782652, 0.087177
29, 597.774, 13.7025, 8588886016, 4224214963, 4224214963, 0.089632
