Backup ID, Ecall, Inline_Ocall, Offline_Ocall, _Inline_FPOcall, _Inline_SFOcall, _Inline_LocalOcall, _Inline_LoadOcall, _Inline_DeltaOcall, _Inline_RecipeOcall, _Inline_Write_ContainerOcall, _inline_have_similar_chunk_num, _inline_need_load_container_num
0,4675,8471,2063,1143,1143,77,928,4596,584,160,6568,1367,
1,9342,14974,3022,1693,1693,130,1083,9208,1167,176,9540,2273,
2,14001,21520,4724,2278,2278,226,1220,13769,1749,200,13022,3401,
3,18652,28063,6553,2860,2860,343,1369,18301,2330,218,16219,4621,
4,23298,34630,8861,3457,3457,504,1518,22784,2910,242,19754,6011,
5,27929,41283,11252,4097,4097,681,1684,27236,3488,270,23627,7551,
6,32555,47915,13959,4706,4706,875,1897,31666,4065,292,27348,9170,
7,37176,54581,16494,5354,5354,1067,2071,36093,4642,321,31153,10720,
8,41793,61303,19440,6007,6007,1287,2296,40488,5218,347,35211,12494,
9,46407,67988,22255,6660,6660,1498,2487,44889,5794,372,39196,14231,
10,51018,74847,25536,7378,7378,1749,2725,49247,6370,405,43790,16296,
11,55635,81588,28123,8054,8054,1941,2923,53670,6946,430,47641,17964,
12,60253,88396,30848,8756,8756,2173,3135,58054,7522,458,51825,19814,
13,64876,95359,33912,9522,9522,2416,3368,62432,8099,493,56439,21801,
14,69502,102265,36872,10255,10255,2652,3607,66820,8676,521,60719,23772,
15,74130,109247,39678,11004,11004,2890,3887,71208,9254,549,65031,25837,
16,78774,116339,42379,11796,11796,3113,4173,75627,9834,584,69532,27828,
17,83425,123477,45098,12610,12610,3341,4453,80048,10415,620,74109,29913,
18,88081,130606,47962,13426,13426,3595,4715,84448,10996,653,78608,32068,
19,92747,137710,50212,14223,14223,3794,4979,88913,11578,682,82715,33947,
20,97417,145028,52941,15093,15093,4039,5306,93336,12161,716,87328,36185,
21,102093,152472,55891,16029,16029,4306,5620,97743,12745,749,92064,38462,
22,106785,160045,58837,17015,17015,4588,5945,102151,13331,791,97012,40841,
23,111491,167676,61314,18021,18021,4806,6273,106637,13918,827,101614,42984,
24,116205,175336,64303,19026,19026,5090,6623,111065,14506,862,106393,45395,
25,120942,183210,67346,20108,20108,5379,7007,115511,15097,909,111715,48002,
26,125691,191267,69929,21291,21291,5625,7358,120012,15690,952,116671,50329,
27,130456,199440,72735,22507,22507,5911,7741,124489,16285,997,122041,52991,
28,135243,207765,75589,23772,23772,6197,8153,128988,16883,1044,127485,55759,
29,140048,216254,78540,25105,25105,6505,8573,133483,17483,1092,132960,58579,
