Backup ID, Logical chunk num, Unique chunk num, Base chunk num, Delta chunk num, Logical chunk size, Unique chunk size, Base chunk size, Delta chunk size, LZ4_save size, Delta_save size, 
0,24641,24495,24461,34,208250880,207122891,100522795,132661,106250527,216908
1,49838,39626,31436,8190,420976640,343883169,130445276,1751231,137248341,74438321
2,75769,54678,37457,17221,640409600,480951594,155751877,3861476,164222580,157115661
3,102154,69374,43214,26160,864501760,615776387,180403269,6261210,189806634,239305274
4,128934,85204,53295,31909,1092659200,760639837,224330572,7809987,235661026,292838252
5,156457,101934,63868,38066,1326612480,913110906,270175482,9890899,283305339,349739186
6,184290,118788,73551,45237,1563217920,1067086366,312412941,12280793,326650559,415742073
7,212510,136407,84595,51812,1803356160,1227283855,360533629,14816123,376064755,475869348
8,241451,155151,96242,58909,2049822720,1397466120,411468534,17509749,427412935,541074902
9,270745,172102,106326,65776,2300139520,1554665685,455999501,19379316,473723742,605563126
10,300593,189672,117305,72367,2554542080,1715971804,503545064,21357682,523735634,667333424
11,331389,208165,129369,78796,2817464320,1885698253,556005573,23544444,578904862,727243374
12,362473,226816,140817,85999,3082168320,2056620195,606102732,26102745,630674594,793740124
13,394467,248136,154468,93668,3355002880,2249505687,665224773,29631920,691709439,862939555
14,427730,269719,168112,101607,3639654400,2446105951,724738594,32842402,753321022,935203933
15,461573,291289,181565,109724,3929231360,2642868685,783231046,36223879,814339702,1009074058
16,495907,313484,195334,118150,4223057920,2845343213,842889244,39772607,876885686,1085795676
17,533891,338250,211271,126979,4533319680,3055374134,905212626,43804726,943415872,1162940910
18,573226,363914,228199,135715,4869498880,3288730076,977864479,47306702,1021335441,1242223454
19,614460,390057,244514,145543,5222645760,3527677934,1048203523,50843611,1096267403,1332363397
20,657190,416136,260502,155634,5588357120,3767058441,1117168911,53978612,1169959533,1425951385
21,701984,444128,278394,165734,5970749440,4022803683,1193594322,57358138,1253026021,1518825202
22,748244,472329,295717,176612,6365849600,4281805935,1268110895,61094588,1333634384,1618966068
23,795533,500237,313597,186640,6770524160,4539452538,1345453927,64743713,1416581988,1712672910
24,843831,528928,331658,197270,7183421440,4803542209,1422883190,67916078,1500044993,1812697948
25,892453,557325,349713,207612,7597076480,5064122709,1500198003,71199856,1582949614,1909775236
26,943081,588339,369991,218348,8028426240,5347599334,1586229925,75146454,1676805214,2009417741
27,994732,617593,387617,229976,8468920320,5618093235,1662014629,78364864,1759177165,2118536577
28,1047519,648825,407870,240955,8918517760,5905656166,1749251150,81999850,1853615978,2220789188
29,1100481,678191,424350,253841,9369497600,6177498332,1820560681,92178609,1929551207,2335207835
30,1161683,730293,464419,265874,9891061760,6631310292,1983615174,103828984,2111951520,2431914614
31,1224165,764459,477821,286638,10425190400,6949135668,2040157646,108617820,2174721651,2625638551
32,1287906,799067,492738,306329,10969159680,7270247371,2102731511,112730773,2243881511,2810903576
33,1352398,833924,511375,322549,11518976000,7592912324,2182099154,116493132,2331656368,2962663670
34,1418053,869731,533311,336420,12079032320,7925229976,2275721090,120148806,2435624120,3093735960
35,1485051,906885,556246,350639,12650547200,8269312100,2373399307,124189247,2544977673,3226745873
36,1552883,943650,579162,364488,13229209600,8610980264,2471242856,128175522,2654074033,3357487853
37,1620506,980487,602351,378136,13805813760,8953041890,2570280038,132088420,2764584414,3486089018
38,1688546,1017268,624927,392341,14386237440,9294603528,2667281013,135607439,2871699475,3620015601
39,1757006,1054333,648164,406169,14970695680,9640069539,2767367415,139723919,2982639953,3750338252
40,1810412,1083547,667433,416114,15425167360,9911406345,2850912638,146296408,3074105127,3840092172
41,1864540,1113534,687638,425896,15886080000,10189212551,2938612906,149534327,3169550555,3931514763
42,1919273,1143338,707399,435939,16352163840,10465661096,3024395128,153182901,3263529557,4024553510
43,1974837,1173737,727311,446426,16824729600,10747386683,3111036253,157456369,3357926108,4120967953
44,2031182,1204027,747537,456490,17304453120,11028976023,3198864779,161334914,3454379717,4214396613
45,2088613,1233728,767085,466643,17793658880,11306693526,3284164077,164334166,3548565863,4309629420
46,2147190,1264387,787562,476825,18292684800,11593204633,3373359496,167172497,3647629727,4405042913
47,2206496,1294554,807896,486658,18798346240,11876362472,3462577288,169732933,3746339320,4497712931
48,2266715,1323504,827246,496258,19312179200,12150398334,3547879591,171532264,3841883457,4589103022
49,2335940,1359838,849628,510210,19902177280,12489094108,3644422405,184732733,3949596553,4710342417
50,2419066,1426420,896513,529907,20615280640,13077690238,3830662786,200224065,4172249806,4874553581
51,2503193,1471068,916867,554201,21337559040,13492750308,3916512356,206893492,4268605164,5100739296
52,2593570,1520912,944277,576635,22117294080,13956496725,4021590467,212876434,4411795744,5310234080
53,2687808,1568890,971476,597414,22935326720,14407514754,4132687266,217896356,4550426460,5506504672
54,2782874,1615142,999228,615914,23760384000,14838437071,4249966811,226026510,4683294080,5679149670
55,2878878,1662942,1029330,633612,24594739200,15284296250,4378201900,231902420,4828290899,5845901031
56,2975128,1710128,1059051,651077,25430681600,15725714597,4503961145,237765534,4973617858,6010370060
57,3070965,1757037,1088631,668406,26264494080,16164609531,4628576553,242928296,5118475941,6174628741
58,3166442,1803100,1118124,684976,27094425600,16595252208,4754347512,248292574,5261415933,6331196189
59,3262959,1849992,1147887,702105,27933890560,17033027647,4880999889,254149027,5405323631,6492555100
60,3332759,1886832,1173090,713742,28529817600,17377600787,4990504662,258247874,5527302309,6601545942
61,3430872,1934164,1204370,729794,29384591360,17821510252,5123460013,264242923,5681540428,6752266888
62,3504712,1972423,1230195,742228,30015549440,18178220181,5234979334,268347882,5806218845,6868674120
63,3579605,2009807,1254684,755123,30656389120,18529206646,5341441424,271597849,5925799802,6990367571
64,3655420,2047926,1279707,768219,31304744960,18886528805,5450060885,276345153,6047595205,7112527562
65,3732183,2085663,1304583,781080,31962798080,19242462056,5558873423,279517674,6169746733,7234324226
66,3809922,2124329,1330321,794008,32629002240,19606090117,5671361102,282931073,6295043868,7356754074
67,3888789,2162403,1355419,806984,33305978880,19966345083,5781767373,285670045,6418826389,7480081276
68,3968924,2200450,1380623,819827,33992949760,20325995601,5892410358,288016084,6543077846,7602491313
69,4050053,2237353,1405325,832028,34688532480,20677381896,6001319285,289951561,6666408224,7719702826
70,4149217,2284535,1433202,851333,35551836160,21119663880,6119521982,312893497,6802858866,7884389535
71,4265450,2371143,1495475,875668,36571084800,21893659608,6355693926,351640044,7114484823,8071840815
72,4386386,2425654,1519384,906270,37635307520,22408755401,6449161830,359656113,7237866420,8362071038
73,4508081,2477154,1543501,933653,38705633280,22895215145,6549217183,366566057,7356445523,8622986382
74,4632072,2531806,1574911,956895,39797422080,23410168790,6678405165,372650630,7513674857,8845438138
75,4732223,2578458,1609752,968706,40669081600,23848856535,6828656516,363479346,7685804585,8970916088
76,4832181,2625447,1636794,988653,41540311040,24291221580,6942951559,388242299,7818963447,9141064275
77,4936619,2671964,1666656,1005308,42453647360,24729783746,7070447089,394676139,7966635484,9298025034
78,5043629,2718584,1697276,1021308,43391784960,25170334985,7201400047,399430568,8118868648,9450635722
79,5152164,2765822,1728071,1037751,44339476480,25614745161,7331723388,404214192,8272215625,9606591956
80,5261707,2811976,1757974,1054002,45297090560,26053001409,7459770641,408427100,8422440856,9762362812
81,5372102,2858319,1788182,1070137,46262865920,26494109032,7590035913,412456028,8574380951,9917236140
82,5484739,2905801,1819245,1086556,47246745600,26944336428,7722885868,417322760,8730022084,10074105716
83,5615274,2974727,1878061,1096666,48257761280,27443678836,7911571775,430654016,8948237476,10153215569
84,5746948,3029093,1895492,1133601,49277388800,27828197717,7962901119,439253683,9009622190,10416420725
85,5878524,3079049,1903575,1175474,50296289280,28176859675,7984052210,446167701,9036947292,10709692472
86,6010103,3128955,1918048,1210907,51315240960,28525163481,8026126898,450906457,9088407140,10959722986
87,6141701,3178812,1944706,1234106,52334305280,28872958077,8105858763,452035375,9183491062,11131572877
88,6273302,3228688,1971815,1256873,53353441280,29220978790,8186734378,452883757,9280197734,11301162921
89,6404919,3278502,2003138,1275364,54372648960,29568467799,8281046057,454176194,9392069499,11441176049
90,6536540,3328324,2035025,1293299,55391866880,29916062621,8377143316,455105617,9505985011,11577828677
91,6668160,3378140,2063326,1314814,56411105280,30263561394,8461631358,466799161,9607040586,11728090289
92,6804565,3431960,2101055,1330905,57475010560,30644138614,8579812893,464697091,9744993971,11854634659
93,6940979,3482283,2132452,1349831,58538915840,30995265413,8674350462,465635091,9857413012,11997866848
94,7077386,3532627,2163987,1368640,59602872320,31346808615,8769686614,466742398,9970472447,12139907156
95,7213812,3582970,2196599,1386371,60666920960,31698289312,8868280685,468304645,10087444419,12274259563
96,7350241,3633269,2229561,1403708,61731000320,32049460760,8968132079,469559938,10205791209,12405977534
97,7486674,3683528,2262594,1420934,62795130880,32400320490,9068028941,470509960,10324371516,12537410073
98,7623116,3733785,2295509,1438276,63859322880,32751090403,9167442883,471852799,10442450699,12669344022
99,7759591,3784184,2324265,1459919,64923535360,33102591715,9253629347,489962649,10545356382,12813643337
100,7896734,3837918,2360010,1477908,65993605120,33482551991,9365516797,497813808,10675120947,12944100439
101,8033918,3888530,2394844,1493686,67063715840,33836062449,9471166543,490566710,10801118732,13073210464
102,8171098,3939120,2429718,1509402,68133888000,34189542680,9577457699,489431000,10926817364,13195836617
103,8308293,3989691,2463478,1526213,69204070400,34542631238,9679881288,490156632,11048423281,13324170037
104,8445492,4040213,2497700,1542513,70274324480,34895496730,9783686258,491096390,11171650292,13449063790
105,8582680,4090615,2531122,1559493,71344588800,35247383444,9884907962,491918503,11291808621,13578748358
106,8719869,4141100,2565126,1575974,72414894080,35599950429,9988065639,493081537,11413976494,13704826759
107,8857075,4191540,2598992,1592548,73485209600,35952016244,10090668583,494186601,11535618600,13831542460
108,8994276,4241970,2626159,1615811,74555525120,36304049595,10171881814,516268454,11633232272,13982667055
109,9133868,4296766,2667292,1629474,75646996480,36692624072,10301730439,508656371,11784988823,14097248439
110,9273476,4347897,2700969,1646928,76738498560,37049737902,10404019253,509694006,11906430631,14229594012
111,9413087,4398892,2734671,1664221,77830031360,37405820556,10506304994,510346753,12027999902,14361168907
112,9552710,4449914,2766851,1683063,78921687040,37762308541,10603556607,511622038,12144069313,14503060583
113,9692345,4500877,2801208,1699669,80013373440,38118104505,10707666250,512806188,12267811901,14629820166
114,9831983,4551835,2833793,1718042,81105090560,38473884103,10806147262,514292000,12384777985,14768666856
115,9971637,4602922,2869436,1733486,82196858880,38830540205,10914992830,515281651,12514105006,14886160718
116,10111284,4653852,2895817,1758035,83288637440,39186071420,10993883246,542099966,12608780039,15041308169
117,10254480,4719071,2944982,1774089,84415191040,39665633935,11152848436,533096008,12803537030,15176152461
118,10397681,4770973,2979367,1791606,85541744640,40028724542,11257584358,533228603,12927719979,15310191602
119,10540871,4822680,3014140,1808540,86668339200,40390617824,11363480003,534061971,13053464034,15439611816
120,10684073,4874361,3049126,1825235,87794995200,40752012280,11470029504,535209785,13180002552,15566770439
121,10827281,4926037,3083963,1842074,88921692160,41113288654,11575742015,536509339,13305741000,15695296300
122,10970483,4977636,3117311,1860325,90048409600,41473895648,11676513712,537388086,13425738874,15834254976
123,11113686,5029199,3152518,1876681,91175137280,41834152531,11783418360,538751925,13552804045,15959178201
124,11256922,5081046,3177724,1903322,92301875200,42196440001,11859620078,569431929,13644164428,16123223566
125,11401515,5143663,3226219,1917444,93438638080,42646913920,12017610834,555599155,13826270092,16247433839
126,11546098,5195868,3261526,1934342,94575441920,43011697796,12125418503,555424403,13954297807,16376557083
127,11690685,5248179,3296816,1951363,95712296960,43377614779,12233396442,556356094,14082286565,16505575678
128,11835284,5300501,3332069,1968432,96849203200,43743443888,12341187959,557375166,14209958177,16634922586
129,11979903,5352677,3367494,1985183,97986140160,44107982046,12449155052,558797030,14338391183,16761638781
130,12124509,5404840,3402693,2002147,99123118080,44472661525,12556503796,559478031,14465967921,16890711777
131,12269135,5456984,3436363,2020621,100260126720,44837198007,12658978908,561428856,14587517555,17029272688
132,12413757,5509206,3460720,2048486,101397145600,45202159037,12732640897,596522224,14676186773,17196809143
133,12560306,5573743,3511262,2062481,102548971520,45669972107,12898223702,580082397,14869078455,17322587553
134,12706853,5626534,3547574,2078960,103700848640,46039405097,13009993274,579939889,15001785772,17447686162
135,12853388,5679316,3582521,2096795,104852684800,46408795222,13116911718,581471886,15128935016,17581476602
136,12999928,5732016,3617704,2114312,106004572160,46777402158,13224481664,582516833,15257066699,17713336962
137,13146491,5784871,3653351,2131520,107156520960,47147233419,13333429131,584149937,15386799856,17842854495
138,13293046,5837477,3689189,2148288,108308500480,47515049838,13442766826,584714497,15517064683,17970503832
139,13439601,5890056,3724801,2165255,109460500480,47882533659,13551415060,586051073,15646535952,18098531574
140,13586157,5942529,3758316,2184213,110612520960,48249044660,13653193775,587542757,15767912027,18240396101
141,13732717,5995056,3781431,2213625,111764551680,48616124200,13722885043,628681602,15852292393,18412265162
142,13880344,6058499,3832012,2226487,112924149760,49073860100,13888656978,608377164,16043770497,18533055461
143,14027988,6111925,3868633,2243292,114083829760,49447891995,14001167228,607727907,16177769733,18661227127
144,14175645,6165186,3904651,2260535,115243581440,49820445302,14111482322,608815608,16309254661,18790892711
145,14323303,6218305,3940593,2277712,116403353600,50191733991,14221319592,609859500,16440095411,18920459488
146,14470960,6271425,3976327,2295098,117563146240,50563113252,14330500541,611463771,16570046920,19051102020
147,14618628,6324581,4012356,2312225,118722969600,50934898919,14440571112,612495974,16701467913,19180363920
148,14766300,6377676,4048564,2329112,119882823680,51306102127,14551115979,613707674,16833185510,19308092964
149,14913989,6430735,4084876,2345859,121042739200,51676783287,14661825619,615142031,16964968742,19434846895
150,15061697,6483725,4107859,2375866,122202654720,52046653921,14730331468,659738077,17049521797,19607062579
151,15215081,6551594,4161603,2389991,123417743360,52542126172,14902815750,640222685,17262323685,19736764052
152,15368526,6606120,4198274,2407846,124632862720,52923284157,15015444928,641234830,17396163471,19870440928
153,15521904,6659947,4235246,2424701,125848002560,53299309398,15128810077,640859967,17531378456,19998260898
154,15675282,6713636,4270440,2443196,127063162880,53674073370,15235970945,642081081,17659386934,20136634410
155,15828675,6767498,4306892,2460606,128278353920,54050239508,15347182175,643583904,17792132308,20267341121
156,15982054,6821147,4343917,2477230,129493575680,54424765409,15460355653,643842203,17926931752,20393635801
157,16135440,6874760,4380523,2494237,130708828160,54798978754,15572005121,645080802,18060363458,20521529373
158,16288844,6928446,4402918,2525528,131924111360,55173626794,15639290432,689169978,18142705987,20702460397
159,16447881,6997829,4458256,2539573,133193082880,55683897240,15815793593,668965950,18366689023,20832448674
160,16606926,7052409,4495279,2557130,134462105600,56065143765,15929700672,668283323,18502431876,20964727894
161,16765974,7106802,4531430,2575372,135731159040,56444802879,16040187923,669019140,18634737279,21100858537
162,16925032,7161385,4567935,2593450,137000273920,56826044878,16151826519,670618428,18768265272,21235334659
163,17084103,7215812,4604577,2611235,138269419520,57205869603,16263604686,672135060,18902000669,21368129188
164,17243196,7270287,4641633,2628654,139538606080,57586041595,16376434389,672498793,19037170318,21499938095
165,17402274,7324836,4676775,2648061,140807864320,57967173406,16483439906,673598379,19165333588,21644801533
166,17561357,7379256,4713455,2665801,142077163520,58347083586,16595313129,675794097,19299275780,21776700580
167,17720447,7433609,4735359,2698250,143346462720,58726475359,16660598277,725108380,19380016249,21960752453
168,17886817,7504752,4775309,2729443,144686612480,59254482293,16785757402,759215380,19551118887,22158390624
169,18053209,7560224,4811612,2748612,146026874880,59642371034,16895964986,764464999,19683754937,22298186112
170,18219602,7615541,4847683,2767858,147367178240,60028979932,17005363138,767497724,19815102526,22441016544
171,18386010,7670761,4884342,2786419,148707522560,60414563771,17116507518,770340693,19948810864,22578904696
172,18552417,7725971,4920576,2805395,150047897600,60800172108,17226229611,771842367,20080365231,22721734899
173,18718807,7781013,4956849,2824164,151388272640,61184458625,17335869573,773845743,20212534166,22862209143
174,18885225,7836302,4994423,2841879,152728668160,61570577496,17449827298,775875529,20349532364,22995342305
175,19051640,7891501,5027314,2864187,154069084160,61956043340,17549176323,789570664,20469292509,23148003844
176,19220179,7958927,5073521,2885406,155427061760,62443904441,17698676461,793290135,20646817288,23305120557
177,19388737,8014877,5109657,2905220,156785070080,62834909536,17808227757,794341206,20778394447,23453946126
178,19557303,8070715,5147631,2923084,158143150080,63225012328,17923388392,796181393,20916950108,23588492435
179,19725862,8126473,5185224,2941249,159501301760,63614575920,18037319445,797239220,21054087343,23725929912
180,19894446,8182287,5223164,2959123,160859504640,64004795765,18152489848,799266960,21192674199,23860364758
181,20063015,8238008,5260181,2977827,162217748480,64394128344,18264520158,800051909,21327728474,24001827803
182,20231579,8293687,5298019,2995668,163576023040,64783161592,18379365552,801781159,21465879566,24136135315
183,20400159,8349256,5333720,3015536,164934318080,65171073852,18486897671,803892209,21595927467,24284356505
184,20568769,8405097,5366003,3039094,166292643840,65560730580,18584231671,826835698,21713607246,24436055965
185,20738884,8474319,5416046,3058273,167663482880,66060826530,18743659546,824441349,21907585900,24585139735
186,20909007,8530654,5452995,3077659,169034342400,66453771629,18854369484,825532160,22041957762,24731912223
187,21079149,8586848,5491560,3095288,170405335040,66846099255,18971119860,826328303,22182600032,24866051060
188,21249296,8643194,5529517,3113677,171776348160,67239456128,19086012546,828242710,22320766493,25004434379
189,21419516,8699712,5566650,3133062,173147402240,67633595012,19197979498,831644335,22455378472,25148592707
190,21589668,8755882,5605343,3150539,174518487040,68025605366,19315151020,831568675,22596450387,25282435284
191,21759830,8812170,5643379,3168791,175889612800,68418780233,19430145311,832705707,22735192226,25420736989
192,21930000,8868495,5681267,3187228,177260769280,68811767293,19544676936,834455754,22873189107,25559445496
193,22100177,8924695,5711247,3213448,178631946240,69203938386,19634120475,863682594,22983110934,25723024383
194,22271074,8992244,5761205,3231039,180008775680,69690705773,19795496993,856714641,23173676239,25864817900
195,22441790,9048642,5800171,3248471,181384151040,70084352759,19913471181,855561021,23316002235,25999318322
196,22612511,9105227,5837700,3267527,182759546880,70479646678,20026997428,857370222,23453077866,26142201162
197,22783370,9163082,5876801,3286281,184135034880,70884113696,20145059440,862169984,23596904629,26279979643
198,22954098,9219404,5914585,3304819,185510543360,71277231023,20259056837,861568681,23734987256,26421618249
199,23124824,9275749,5953368,3322381,186886082560,71670617640,20376491300,862321289,23876696088,26555108963
200,23295551,9332065,5991656,3340409,188261662720,72063721272,20492254451,863402558,24016698733,26691365530
201,23466280,9388353,6019388,3368965,189637253120,72456450053,20575555263,896984003,24118674262,26865236525
202,23639562,9457474,6071284,3386190,191035084800,72958078126,20741391090,887520698,24321879796,27007286542
203,23812842,9514409,6110242,3404167,192432936960,73355640238,20859140760,886402180,24464245720,27145851578
204,23986132,9571470,6148524,3422946,193830850560,73754512241,20974959886,888238605,24604465743,27286848007
205,24159416,9628351,6186967,3441384,195228815360,74151741452,21091062944,889913529,24744723385,27426041594
206,24332721,9685313,6224922,3460391,196626831360,74549606383,21205702366,892675736,24883191513,27568036768
207,24506020,9742188,6263819,3478369,198024888320,74946933668,21323474962,891919756,25025813652,27705725298
208,24679332,9799081,6301757,3497324,199422986240,75344383951,21438128914,893279207,25164790557,27848185273
209,24852683,9856049,6328760,3527289,200821135360,75742099691,21518930184,933468555,25264136559,28025564393
