Backup ID, FPindex, SFindex, Deltaindex
0,1959600,4687040,1728
1,3170080,6024896,522144
2,4374240,7179904,938976
3,5549920,8281792,1321216
4,6816320,9546240,1468064
5,8154720,10920768,1709088
6,9503040,12205696,2017504
7,10912560,13613696,2274048
8,12412080,15071232,2567296
9,13768160,16146240,2837888
10,15173760,17315776,3080416
11,16653200,18667136,3320512
12,18145280,20066432,3624224
13,19850880,21880448,3944064
14,21577520,23835264,4284992
15,23303120,25593280,4622720
16,25078720,27765312,5001824
17,27060000,30538688,5407424
18,29113120,32974144,5749184
19,31204560,35253248,6169536
20,33290880,37344576,6580416
21,35530240,39660992,6977632
22,37786320,41830144,7418944
23,40018960,43737024,7785152
24,42314240,45718976,8200736
25,44586000,47639296,8590944
26,47067120,50021440,9011040
27,49407440,51919168,9476704
28,51906000,53953280,9869088
29,54255280,55729216,10403136
30,58423440,63407424,10992544
31,61156720,65716096,12120096
32,63925360,67920768,12889152
33,66713920,69911552,13298592
34,69578480,72011968,13676288
35,72550800,74278400,14173856
36,75492000,76385920,14653312
37,78438960,78495232,15128064
38,81381440,80343360,15636000
39,84346640,82390656,16124768
40,86683760,83988864,16287968
41,89082720,85622016,16559360
42,91467040,87130304,16877952
43,93898960,88673152,17218944
44,96322160,90164992,17506464
45,98698240,91419520,17769344
46,101150960,92770112,17982976
47,103564320,93874176,18064608
48,105880320,94679744,18044480
49,108787040,96576320,18577536
50,114113600,105529728,19564800
51,117685440,108250368,20760768
52,121672960,111826560,21600384
53,125511200,114642496,22244288
54,129211360,117302016,22819840
55,133035360,119865024,23381824
56,136810240,122378880,23999232
57,140562960,125014016,24637568
58,144248000,127376256,25220192
59,147999360,129895232,25844640
60,150946560,131618624,25828832
61,154733120,134165440,26381184
62,157793840,135981120,26752416
63,160784560,137539264,27126592
64,163834080,139084352,27520800
65,166853040,140428672,27831392
66,169946320,141911040,28160704
67,172992240,143135168,28419840
68,176036000,144355904,28555616
69,178988240,145279296,28542496
70,182762800,147919616,29358848
71,189691440,159805120,30628352
72,194052320,163135232,32215296
73,198172320,165705984,33141888
74,202544480,168596672,33755392
75,206276640,170646656,33292032
76,210035760,173222016,34131936
77,213757120,175206976,34588128
78,217486720,177033152,35032768
79,221265760,178880064,35529920
80,224958080,180401216,35957184
81,228665520,181862336,36362944
82,232464080,183360192,36751552
83,237978160,194621888,37328320
84,242327440,197961088,39559040
85,246323920,199285376,41255232
86,250316400,200315136,41971104
87,254304960,201116416,41362912
88,258295040,201813248,41586144
89,262280160,202557120,41667872
90,266265920,203201792,41970816
91,270251200,203749888,42750656
92,274556800,205681024,43020736
93,278582640,206334016,43651264
94,282610160,206929600,44184896
95,286637600,207521280,44630560
96,290661520,208228032,45108384
97,294682240,208715328,45550528
98,298702800,209166976,46053888
99,302734720,209725696,46891328
100,307033440,211457216,47396640
101,311082400,212183168,47378944
102,315129600,212741440,47798080
103,319175280,213225856,48349824
104,323217040,213726144,48824192
105,327249200,214109824,49351008
106,331288000,214660672,49824608
107,335323200,215009536,50328320
108,339357600,215381760,51285504
109,343741280,217133184,51270560
110,347831760,217697216,51918208
111,351911360,218139840,52435616
112,355993120,218528384,53071168
113,360070160,218938112,53436192
114,364146800,219363008,54057280
115,368233760,220231296,54532128
116,372308160,220756096,55534304
117,377525680,223620480,55695328
118,381677840,224214016,56274144
119,385814400,224672576,56755328
120,389948880,225081280,57214976
121,394082960,225543744,57741216
122,398210880,225920256,58347264
123,402335920,226302656,58722848
124,406483680,226716160,59900448
125,411493040,229056384,59718880
126,415669440,229642880,60282784
127,419854320,230049216,60797440
128,424040080,230524928,61343104
129,428214160,230989760,61829536
130,432387200,231374848,62336128
131,436558720,231682432,62963200
132,440736480,232090624,64172192
133,445899440,234550528,63827840
134,450122720,235054784,64393568
135,454345280,235525120,65005184
136,458561280,235904960,65517696
137,462789680,236268096,66018496
138,466998160,236593792,66499008
139,471204480,236985024,67003008
140,475402320,237277632,67669632
141,479604480,237655872,68952192
142,484679920,239931584,68068000
143,488954000,240528832,68677696
144,493214880,240994752,69240160
145,497464400,241385408,69765440
146,501714000,241758016,70312992
147,505966480,242145984,70821184
148,510214080,242519104,71340608
149,514458800,242938112,71831840
150,518698000,243528896,73219744
151,524127520,246448256,72890496
152,528489600,247175424,73539424
153,532795760,247720704,74031360
154,537090880,248094272,74645600
155,541399840,248523840,75114016
156,545691760,248869888,75537856
157,549980800,249222912,76060672
158,554275680,249640320,77512224
159,559826320,252776256,77107008
160,564192720,253314752,77724544
161,568544160,253724736,78291328
162,572910800,254226112,78865888
163,577264960,254672768,79385664
164,581622960,255016000,79858656
165,585986880,255306816,80526592
166,590340480,255661376,80979232
167,594688720,256062336,82480832
168,600380160,259308672,83647136
169,604817920,259945792,83511424
170,609243280,260405248,83903488
171,613660880,260834112,84350144
172,618077680,261190208,84885024
173,622481040,261525888,85366656
174,626904160,261940992,85806368
175,631320080,262414016,86657856
176,636714160,264812992,87364064
177,641190160,265352512,87843040
178,645657200,265879936,88247392
179,650117840,266275008,88761600
180,654582960,266710208,89241216
181,659040640,267086400,89829824
182,663494960,267429760,90330016
183,667940480,267709696,91021184
184,672407760,268240640,91921952
185,677945520,271215232,92445504
186,682452320,271800064,92938368
187,686947840,272186176,93302432
188,691455520,272640704,93888832
189,695976960,273241152,94550240
190,700470560,273596480,94871488
191,704973600,273941888,95441696
192,709479600,274323776,96020800
193,713975600,274743296,97108608
194,719379520,277336000,97461440
195,723891360,277918400,97825952
196,728418160,278398592,98465024
197,733046560,279273024,99086560
198,737552320,279597760,99545472
199,742059920,279934592,99992608
200,746565200,280294912,100555872
201,751068240,280739392,101801952
202,756597920,283309760,101949120
203,761152720,283948736,102480032
204,765717600,284433792,103060416
205,770268080,284867840,103610112
206,774825040,285231936,104214304
207,779375040,285537920,104633248
208,783926480,285993664,105264960
209,788483920,286430784,106575072
