Backup ID, Online Delta_save, Offline Delta_save, Offline delta time, Offline dedelta time, Offline delete time, Offline Delta chunk num
0,216908,0,0,0,0,0
1,74438321,0,0,0,0,0
2,153174818,3940843,771,328,22,443
3,215373244,23932030,5338,2708,71,2630
4,227441678,65396574,20264,13179,128,7085
5,240215514,109523672,37635,25720,212,11915
6,264673129,151068944,53682,37231,319,16451
7,277659699,198209649,74557,52935,441,21622
8,293304751,247770151,96024,68962,586,27062
9,315219993,290343133,118154,86490,738,31664
10,330856376,336477048,143680,107085,901,36595
11,340137309,387106065,172604,130533,1091,42071
12,357049588,436690536,199954,152491,1304,47463
13,367745916,495193639,231224,177278,1541,53946
14,381471713,553732220,261112,200685,1807,60427
15,397247185,611826873,292248,225394,2072,66854
16,415523003,670272673,319668,246312,2347,73356
17,429990082,732950828,346792,266213,2662,80579
18,438882992,803340462,383398,295056,2970,88342
19,460562691,871800706,419862,324005,3278,95857
20,487927842,938023543,457166,354133,3575,103033
21,507442332,1011382870,500144,389107,3882,111037
22,534374222,1084591846,545435,426423,4227,119012
23,552254796,1160418114,599524,472354,4572,127170
24,577355612,1235342336,650754,515558,4928,135196
25,599249970,1310525266,707241,563952,5302,143289
26,614267196,1395150545,769722,617298,5728,152424
27,649105882,1469430695,827767,667457,6105,160310
28,666770854,1554018334,896392,726986,6564,169406
29,697133932,1638073903,963111,784009,7010,179102
30,700373048,1731541566,1018257,827504,7746,190753
31,836754365,1788884186,1045788,848726,8140,197062
32,960264014,1850639562,1082650,878943,8457,203707
33,1034568134,1928095536,1139576,927639,8761,211937
34,1074586906,2019149054,1210648,989054,9083,221594
35,1112399557,2114346316,1286856,1055081,9485,231775
36,1147984736,2209503117,1368683,1126756,9882,241927
37,1180339105,2305749913,1456664,1204495,10319,252169
38,1220436776,2399578825,1548309,1286102,10756,262207
39,1252538752,2497799500,1647732,1375024,11253,272708
40,1254313914,2585778258,1766635,1484187,12005,282448
41,1260489974,2671024789,1885181,1593602,12697,291579
42,1269763913,2754789597,2007723,1707099,13366,300624
43,1280831729,2840136224,2133533,1823553,14104,309980
44,1287845982,2926550631,2268769,1949421,14791,319348
45,1300813081,3008816339,2405743,2077610,15366,328133
46,1310194836,3094848077,2553826,2216510,15946,337316
47,1317491464,3180221467,2710691,2364295,16446,346396
48,1328998034,3260104988,2863110,2508292,16881,354818
49,1336534509,3373807908,3015996,2648056,17760,367940
50,1339163540,3535390041,3141802,2754465,19115,387337
51,1476051936,3624687360,3226570,2829410,19742,397160
52,1578892410,3731341670,3326623,2917957,20241,408666
53,1665248910,3841255762,3443019,3022537,20716,420482
54,1714659147,3964490523,3574342,3140488,21281,433854
55,1752740876,4093160155,3713750,3266125,21829,447625
56,1790051121,4220318939,3855554,3394327,22439,461227
57,1830892522,4343736219,3990144,3515734,23048,474410
58,1862605640,4468590549,4132701,3644991,23689,487710
59,1897241943,4595313157,4278814,3777497,24373,501317
60,1899181475,4702364467,4487217,3974461,25369,512756
61,1915926792,4836340096,4652863,4125811,26105,527052
62,1923230003,4945444117,4866081,4327355,27169,538726
63,1942051176,5048316395,5076708,4527038,27962,549670
64,1956856928,5155670634,5295993,4734727,28884,561266
65,1973411110,5260913116,5521129,4948673,29583,572456
66,1986667741,5370086333,5758403,5174361,30408,584042
67,2003784872,5476296404,5996707,5401424,31059,595283
68,2020726423,5581764890,6247168,5640838,31664,606330
69,2034815561,5684887265,6501717,5884579,32165,617138
70,2042427006,5841962529,6708230,6072551,33394,635679
71,2048597272,6023243543,6833560,6174238,35491,659322
72,2237697257,6124373781,6906886,6236767,36238,670119
73,2394196660,6228789722,6998353,6317141,36799,681212
74,2484852587,6360585551,7108526,6413500,37289,695026
75,2490558075,6480358013,7325563,6619318,38061,706245
76,2503482839,6637581436,7504483,6779600,39238,724883
77,2527896428,6770128606,7675631,6936640,39998,738991
78,2547933150,6902702572,7851213,7098254,40665,752959
79,2572379266,7034212690,8033266,7266423,41400,766843
80,2599184505,7163178307,8221434,7441076,42060,780358
81,2623658927,7293577213,8421976,7627949,42719,794027
82,2646308033,7427797683,8630545,7822356,43444,808189
83,2648424855,7504790714,8655651,7837582,45621,818069
84,2859262976,7557157749,8665698,7840406,46139,825292
85,3125632271,7584060201,8674298,7845177,46378,829121
86,3331822534,7627900452,8696401,7861432,46620,834969
87,3428618464,7702954413,8744257,7899416,46831,844841
88,3522735133,7778427788,8802384,7947677,47026,854707
89,3573398009,7867778040,8882929,8016526,47243,866403
90,3619628005,7958200672,8976090,8097893,47471,878197
91,3667953817,8060136472,9087076,8194010,47826,893066
92,3689378995,8165255664,9210167,8303871,48276,906296
93,3742314449,8255552399,9330189,8412091,48652,918098
94,3793395515,8346511641,9459060,8528975,49040,930085
95,3832752671,8441506892,9606373,8663778,49411,942595
96,3869212656,8536764878,9763858,8808797,49793,955061
97,3905934561,8631475512,9932999,8965612,50153,967387
98,3942246178,8727097844,10114157,9134242,50561,979915
99,3968947873,8844695464,10321518,9323513,51193,998005
100,3978926651,8965173788,10540405,9525668,51938,1014737
101,4025266345,9047944119,10714341,9690116,52241,1024225
102,4051342517,9144494100,10928203,9891696,52723,1036507
103,4082567659,9241602378,11146425,10097263,53257,1049162
104,4108573900,9340489890,11380919,10318872,53737,1062047
105,4142441112,9436307246,11617480,10543002,54207,1074478
106,4170066443,9534760316,11872347,10785016,54671,1087331
107,4199185150,9632357310,12135869,11035852,55149,1100017
108,4228810993,9753856062,12416676,11297380,55873,1119296
109,4238064292,9859184147,12702723,11570938,56565,1131785
110,4272407006,9957187006,12974617,11829842,57202,1144775
111,4306859503,10054309404,13257571,12100095,57741,1157476
112,4355285638,10147774945,13531415,12361562,58280,1169853
113,4381972121,10247848045,13844121,12661208,58782,1182913
114,4426393551,10342273305,14138600,12943143,59341,1195457
115,4440027799,10446132919,14447853,13238739,60042,1209114
116,4465669466,10575638703,14799539,13569294,60813,1230245
117,4471646933,10704505528,15163070,13917492,62154,1245578
118,4507590770,10802600832,15486390,14228066,62787,1258324
119,4536098484,10903513332,15826769,14555253,63407,1271516
120,4561157168,11005613271,16188435,14903504,63973,1284931
121,4588461008,11106835292,16554225,15256047,64571,1298178
122,4631730615,11202524361,16905381,15594632,65172,1310749
123,4654098523,11305079678,17306662,15982443,65765,1324219
124,4682841154,11440382412,17710014,16363003,66747,1347011
125,4687870321,11559563518,18141854,16781333,67603,1360521
126,4716327814,11660229269,18543213,17169545,68339,1373668
127,4742370544,11763205134,18958617,17571359,69021,1387258
128,4769153891,11865768695,19374253,17973435,69717,1400818
129,4791959749,11969679032,19814719,18400121,70422,1414598
130,4819159238,12071552539,20259311,18831326,71075,1427985
131,4858415177,12170857511,20689494,19248241,71781,1441253
132,4883679015,12313130128,21171284,19705564,72845,1465720
133,4888967332,12433620221,21669826,20190741,73834,1479085
134,4909158583,12538527579,22139319,20646380,74691,1492939
135,4939645681,12641830921,22607068,21100339,75472,1506729
136,4968644206,12744692756,23085254,21564882,76115,1520372
137,4993162618,12849691877,23583868,22049490,76788,1534378
138,5017463530,12953040302,24094211,22546299,77480,1547912
139,5041147536,13057384038,24618895,23057142,78204,1561753
140,5085102246,13155293855,25102963,23528141,78975,1574822
141,5105290867,13306974295,25668600,24067060,80110,1601540
142,5113991579,13419063882,26212118,24598818,80960,1613300
143,5137745415,13523481712,26739567,25112559,81891,1627008
144,5162019236,13628873475,27282026,25640965,82690,1641061
145,5187015690,13733443798,27824574,26169564,83430,1655010
146,5212775248,13838326772,28375472,26706451,84251,1669021
147,5236958769,13943405151,28935602,27252640,85000,1682962
148,5259034163,14049058801,29505779,27808813,85786,1696966
149,5279229877,14155617018,30099780,28388706,86549,1711074
150,5294915101,14312147478,30721368,28982335,87904,1739033
151,5305689591,14431074461,31319871,29568082,88891,1751789
152,5332492787,14537948141,31884000,30117861,89901,1766139
153,5355419149,14642841749,32460938,30680957,90821,1779981
154,5392157638,14744476772,33030965,31237297,91563,1793668
155,5415920333,14851420788,33645359,31837396,92356,1807963
156,5436165957,14957469844,34272579,32450613,93124,1821966
157,5457246547,15064282826,34909597,33073398,93913,1836199
158,5483410690,15219049707,35549178,33685124,95196,1864054
159,5491034807,15341413867,36208928,34331660,96296,1877268
160,5518566274,15446161620,36816829,34925652,97261,1891177
161,5549922666,15550935871,37437213,35531914,98113,1905299
162,5576916641,15658418018,38070789,36150937,98981,1919852
163,5602118030,15766011158,38720604,36786267,99861,1934337
164,5627296246,15872641849,39389009,37440547,100662,1948462
165,5670126894,15974674639,40012805,38050638,101483,1962167
166,5692996627,16083703953,40706130,38729190,102286,1976940
167,5713643543,16247108910,41426053,39419364,103623,2006689
168,5720708629,16437681995,42181193,40144182,105750,2037011
169,5746924281,16551261831,42864652,40811931,106610,2052721
170,5781608038,16659408506,43533150,41465795,107448,2067355
171,5809523913,16769380783,44229610,42147388,108308,2082222
172,5847089997,16874644902,44904230,42808008,109059,2096222
173,5880890878,16981318265,45611635,43501147,109867,2110488
174,5903406939,17091935366,46355206,44229983,110749,2125223
175,5934249154,17213754690,47086679,44943307,111940,2143372
176,5943215905,17361904652,47874457,45710975,113702,2163482
177,5987848006,17466098120,48553675,46376334,114590,2177341
178,6011093917,17577398518,49299428,47107264,115508,2192164
179,6039881544,17686048368,50049582,47843021,116412,2206561
180,6062653965,17797710793,50834407,48612939,117339,2221468
181,6097902588,17903925215,51581630,49346093,118242,2235537
182,6121616257,18014519058,52384846,50134554,119157,2250292
183,6165134656,18119221849,53125191,50860791,120150,2264400
184,6176955069,18259100896,53971064,51684623,121633,2286441
185,6182210009,18402929726,54826449,52521453,123409,2304996
186,6224104749,18507807474,55578270,53259392,124312,2318878
187,6247672293,18618378767,56388549,54055162,125227,2333387
188,6275208281,18729226098,57200922,54852738,126279,2348184
189,6307330799,18841261908,58001049,55637761,127371,2363288
190,6331999183,18950436101,58850383,56472829,128322,2377554
191,6360376353,19060360636,59693631,57301571,129322,2392060
192,6388531339,19170914157,60533673,58126899,130343,2406774
193,6407833329,19315191054,61441651,59011218,131780,2430433
194,6413285136,19451532764,62290253,59842893,133500,2447360
195,6440096571,19559221751,63129631,60668370,134538,2461261
196,6473739047,19668462115,63962917,61486995,135663,2475922
197,6490778792,19789200851,64832854,62340400,137020,2492454
198,6527267230,19894351019,65667459,63161334,137926,2506125
199,6549088174,20006020789,66575561,64054747,138878,2520814
200,6575162051,20116203479,67463528,64928093,139843,2535435
201,6600765823,20264470702,68385272,65824685,141227,2560587
202,6607441310,20399845232,69350692,66773677,142921,2577015
203,6638706399,20507145179,70215147,67624289,143932,2590858
204,6668306342,20618541665,71108882,68503116,144985,2605766
205,6695621471,20730420123,72023020,69402371,145991,2620649
206,6724788506,20843248262,72939715,70303893,147013,2635822
207,6754180931,20951544367,73864361,71214486,147911,2649875
208,6786672217,21061513056,74771458,72106939,149020,2664519
209,6803341884,21222222509,75787128,73094862,150606,2692266
