BackupID, OnlineSpeed(MB/s), Encalve ProcessTime(s), BackupSize, OnlineSize, OfflineSize, OfflineTime(s)
0, 97.0687, 2.04601, 208250880, 100655456, 100655456, 0.00033
1, 137.151, 1.47918, 212725760, 132196507, 132196507, 0.000294
2, 132.741, 1.57651, 219432960, 161329521, 159613353, 1.41631
3, 137.849, 1.55033, 224092160, 195737490, 186664479, 6.43769
4, 129.765, 1.67679, 228157440, 251630542, 232140559, 16.8817
5, 127.205, 1.75399, 233953280, 300608284, 280066381, 18.9768
6, 126.188, 1.78817, 236605440, 343821763, 324693734, 17.5515
7, 126.726, 1.80716, 240138240, 397061694, 375349752, 20.8907
8, 123.912, 1.89691, 246466560, 451962557, 428978283, 22.4387
9, 130.13, 1.83448, 250316800, 495265325, 475378817, 21.7493
10, 124.845, 1.94334, 254402560, 546128508, 524902746, 24.1122
11, 129.038, 1.94317, 262922240, 602971996, 579550017, 27.629
12, 127.101, 1.98614, 264704000, 654775521, 632205477, 26.8037
13, 119.029, 2.18598, 272834560, 721710531, 694856693, 30.9328
14, 121.977, 2.22554, 284651520, 784464462, 757580996, 30.2385
15, 125.486, 2.20074, 289576960, 845975703, 819454925, 30.8051
16, 123.128, 2.2758, 293826560, 909755844, 882661851, 28.2306
17, 120.331, 2.45896, 310261760, 977456408, 949017352, 29.3719
18, 122.664, 2.61369, 336179200, 1057809960, 1025171181, 36.0443
19, 121.867, 2.76356, 353146880, 1130710011, 1099047134, 37.0718
20, 127.129, 2.74344, 365711360, 1202049315, 1171147523, 36.1363
21, 124.621, 2.92628, 382392320, 1285158676, 1250952460, 40.3209
22, 128.598, 2.93003, 395100160, 1362754065, 1329205483, 42.9213
23, 129.363, 2.9833, 404674560, 1444915833, 1410197640, 48.1385
24, 129.317, 3.045, 412897280, 1525343802, 1490799268, 47.7201
25, 129.773, 3.03985, 413655040, 1605941769, 1571397859, 49.8899
26, 127.398, 3.22899, 431349760, 1699941683, 1661376379, 56.0862
27, 130.248, 3.22529, 440494080, 1774242162, 1740379493, 51.8974
28, 129.738, 3.30489, 449597440, 1870198191, 1831251000, 60.6851
29, 131.159, 3.27914, 450979840, 1947667925, 1912739290, 60.6578
30, 101.739, 4.88902, 521564160, 2126520744, 2087444158, 57.1087
31, 130.986, 3.88886, 534128640, 2175062087, 2148775466, 30.6638
32, 128.405, 4.04009, 543969280, 2244044812, 2215462284, 35.0207
33, 136.228, 3.84903, 549816320, 2334227949, 2298592286, 49.634
34, 135.494, 3.94194, 560056320, 2437568739, 2395869896, 61.3396
35, 132.108, 4.12571, 571514880, 2541182377, 2497588554, 66.7612
36, 135.023, 4.08711, 578662400, 2643062105, 2599418378, 70.5237
37, 135.787, 4.04966, 576604160, 2746489962, 2702368458, 74.5759
38, 134.078, 4.12844, 580423680, 2845970426, 2802888452, 77.2324
39, 133.275, 4.18221, 584458240, 2951754552, 2907091334, 82.4364
40, 135.231, 3.20501, 454471680, 3035833781, 2997209046, 91.2726
41, 133.914, 3.28242, 460912640, 3127120898, 3088147233, 98.4044
42, 134.386, 3.30757, 466083840, 3215906675, 3177578029, 100.399
43, 133.812, 3.36796, 472565760, 3307459356, 3268492622, 102.459
44, 135.653, 3.37257, 479723520, 3399511728, 3360199693, 108.81
45, 139.944, 3.33377, 489205760, 3486345147, 3448498243, 108.405
46, 138.14, 3.44511, 499025920, 3579979045, 3540531993, 114.531
47, 142.725, 3.37877, 505661440, 3671648413, 3632310221, 119.615
48, 144.872, 3.38251, 513832960, 3756745358, 3719411855, 115.573
49, 138.264, 4.0695, 589998080, 3876192202, 3829155138, 122.582
50, 108.566, 6.26407, 713103360, 4099146978, 4030886851, 122.561
51, 128.149, 5.37512, 722278400, 4163058962, 4123405848, 76.065
52, 136.75, 5.43774, 779735040, 4282067334, 4234466901, 83.7718
53, 145.674, 5.35535, 818032640, 4400349834, 4350583622, 95.2566
54, 150.544, 5.22662, 825057280, 4529746735, 4475993321, 108.083
55, 147.452, 5.39635, 834355200, 4667583090, 4610104320, 113.114
56, 149.229, 5.34224, 835942400, 4798136399, 4741726679, 116.402
57, 147.486, 5.39159, 833812480, 4927125444, 4871504849, 110.37
58, 149.721, 5.2864, 829931520, 5058847682, 5002640086, 116.345
59, 148.305, 5.39819, 839464960, 5191942059, 5135148916, 119.634
60, 141.284, 4.02255, 595927040, 5297445187, 5248752536, 143.763
61, 152.492, 5.34571, 854773760, 5447255629, 5387702936, 133.139
62, 136.251, 4.41632, 630958080, 5552883325, 5503327216, 158.833
63, 139.858, 4.3698, 640839680, 5660063971, 5613039273, 161.65
64, 138.736, 4.4568, 648355840, 5775001136, 5726406038, 167.975
65, 145.108, 4.32483, 658053120, 5886386297, 5838391097, 167.8
66, 143.174, 4.43755, 666204160, 6003965358, 5954292175, 177.405
67, 145.715, 4.43067, 676976640, 6115930477, 6067437418, 176.269
68, 147.061, 4.45492, 686970880, 6228852148, 6180426442, 182.469
69, 152.057, 4.36258, 695582720, 6338777679, 6291270846, 187.895
70, 154.049, 5.34449, 863303680, 6492908926, 6432415479, 166.88
71, 119.954, 8.10335, 1019248640, 6769875663, 6707333970, 133.866
72, 152.884, 6.63851, 1064222720, 6852314958, 6808817943, 71.2465
73, 162.155, 6.29484, 1070325760, 6961633230, 6915783240, 78.768
74, 163.303, 6.37594, 1091788800, 7109033183, 7051055795, 92.476
75, 156.25, 5.32018, 871659520, 7252604368, 7192135862, 151.399
76, 151.686, 5.47755, 871229440, 7390791798, 7331193858, 154.023
77, 159.924, 5.44649, 913336320, 7522523947, 7465123228, 139.687
78, 160.313, 5.58082, 938137600, 7658991432, 7600830615, 140.427
79, 160.469, 5.63216, 947691520, 7793840966, 7735937580, 144.759
80, 161.874, 5.64176, 957614080, 7924884224, 7868197741, 146.014
81, 164.646, 5.59404, 965775360, 8060048494, 8002491941, 158.775
82, 139.239, 6.73877, 983879680, 8199237195, 8140208628, 168.329
83, 143.804, 6.70483, 1011015680, 8370351402, 8342225791, 56.6071
84, 161.929, 6.00505, 1019627520, 8425612247, 8402154802, 22.077
85, 183.295, 5.30129, 1018900480, 8442251096, 8430219911, 13.4039
86, 191.88, 5.06435, 1018951680, 8497099376, 8477033355, 26.4773
87, 188.113, 5.16634, 1019064320, 8592550403, 8557894138, 49.499
88, 188.809, 5.14765, 1019136000, 8674646544, 8639618135, 55.6539
89, 188.108, 5.16721, 1019207680, 8776201186, 8735222251, 73.0361
90, 189.59, 5.12687, 1019217920, 8873832714, 8832248933, 82.1433
91, 185.387, 5.24321, 1019238400, 8969652348, 8928430519, 97.827
92, 184.625, 5.49556, 1063905280, 9094259098, 9044509984, 105.812
93, 194.54, 5.21547, 1063905280, 9180909069, 9139985553, 101.13
94, 192.184, 5.27966, 1063956480, 9277764040, 9236429012, 107.122
95, 189.606, 5.35192, 1064048640, 9379513931, 9336585330, 118.994
96, 189.764, 5.34762, 1064079360, 9481025045, 9437692017, 127.011
97, 191.812, 5.29078, 1064130560, 9581759842, 9538538901, 134.481
98, 190.379, 5.3309, 1064192000, 9682478182, 9639295682, 144.655
99, 190.273, 5.33398, 1064212480, 9788290689, 9743591996, 168.994
100, 184.525, 5.5304, 1070069760, 9914650539, 9863330605, 175.808
101, 190.527, 5.35638, 1070110720, 10003907882, 9961733253, 135.58
102, 189.64, 5.38174, 1070172160, 10111960138, 10066888699, 161.86
103, 188.09, 5.42614, 1070182400, 10214246455, 10170037920, 169.103
104, 191.502, 5.32982, 1070254080, 10319676072, 10274782648, 180.711
105, 191.098, 5.34116, 1070264320, 10420564746, 10376826465, 180.486
106, 189.927, 5.37429, 1070305280, 10525858575, 10481147176, 193.172
107, 189.059, 5.39903, 1070315520, 10629304019, 10584855184, 200.974
108, 191.253, 5.33709, 1070315520, 10732420085, 10688150268, 219.939
109, 185.997, 5.59636, 1091471360, 10862774119, 10810386810, 215.84
110, 190.531, 5.46335, 1091502080, 10957998829, 10913713259, 210.714
111, 189.789, 5.48486, 1091532800, 11060771359, 11016651747, 210.854
112, 190.596, 5.46225, 1091655680, 11157405316, 11115178645, 206.515
113, 192.983, 5.39485, 1091686400, 11265602793, 11220472438, 227.521
114, 189.728, 5.48755, 1091717120, 11363282711, 11320439262, 221.617
115, 193.122, 5.39137, 1091768320, 11477347657, 11430274481, 224.332
116, 191.291, 5.44303, 1091778560, 11581288141, 11535983212, 265.627
117, 169.434, 6.3409, 1126553600, 11750217330, 11685944444, 276.046
118, 193.949, 5.53941, 1126553600, 11835758735, 11790812961, 243.02
119, 195.088, 5.50727, 1126594560, 11943284698, 11897541974, 248.452
120, 195.216, 5.50396, 1126656000, 12051398267, 12005239289, 262.262
121, 195.807, 5.48755, 1126696960, 12158113686, 12112251354, 263.814
122, 196.203, 5.47658, 1126717440, 12257470275, 12213901798, 257.406
123, 195.907, 5.48492, 1126727680, 12368571720, 12322170285, 282.677
124, 195.799, 5.48798, 1126737920, 12474861285, 12429052007, 307.658
125, 175.137, 6.19001, 1136762880, 12634995238, 12573209989, 307.362
126, 193.079, 5.61502, 1136803840, 12726972405, 12680842906, 300.393
127, 193.009, 5.61729, 1136855040, 12836428498, 12789752536, 299.969
128, 194.636, 5.57059, 1136906240, 12945204955, 12898563125, 301.015
129, 194.302, 5.58031, 1136936960, 13054835209, 13007952082, 314.566
130, 192.85, 5.62255, 1136977920, 13162282753, 13115981827, 319.786
131, 193.612, 5.60058, 1137008640, 13265164340, 13220407764, 309.332
132, 195.452, 5.5479, 1137018880, 13375773650, 13329163121, 355.57
133, 172.026, 6.38546, 1151825920, 13542227578, 13478306099, 353.047
134, 196.68, 5.58529, 1151877120, 13637774396, 13589933163, 344.892
135, 193.681, 5.67157, 1151836160, 13744870575, 13698383604, 337.117
136, 195.566, 5.61717, 1151887360, 13853549821, 13806998497, 339.514
137, 193.115, 5.68874, 1151948800, 13964972961, 13917579068, 356.603
138, 195.364, 5.62342, 1151979520, 14074582706, 14027481323, 364.805
139, 192.64, 5.70304, 1152000000, 14184604884, 14137466133, 374.702
140, 193.068, 5.69049, 1152020480, 14284995527, 14240736532, 346.682
141, 171.466, 6.40747, 1152030720, 14399068423, 14351566645, 413.977
142, 178.1, 6.20931, 1159598080, 14559379513, 14497034142, 385.47
143, 193.014, 5.72992, 1159680000, 14656839292, 14608895135, 381.668
144, 194.422, 5.68878, 1159751680, 14768048270, 14720297930, 387.94
145, 196.207, 5.63713, 1159772160, 14878701557, 14831179092, 391.508
146, 195.063, 5.6703, 1159792640, 14989447427, 14941964312, 392.462
147, 194.712, 5.68067, 1159823360, 15100683376, 15053067086, 396.683
148, 193.41, 5.71905, 1159854080, 15212719867, 15164823653, 405.257
149, 195.379, 5.66172, 1159915520, 15325029812, 15276967650, 416.432
150, 196.569, 5.62744, 1159915520, 15438543890, 15390069545, 462.363
151, 174.986, 6.62223, 1215088640, 15608601193, 15543038435, 426.488
152, 197.077, 5.88008, 1215119360, 15705388010, 15656679758, 411.555
153, 199.477, 5.80942, 1215139840, 15818094892, 15769670044, 410.692
154, 198.077, 5.85058, 1215160320, 15924501811, 15878052026, 401.129
155, 202.146, 5.73297, 1215191040, 16039074257, 15990766079, 425.593
156, 204.057, 5.67941, 1215221760, 16152812909, 16104197856, 442.474
157, 202.827, 5.714, 1215252480, 16265467766, 16217085923, 448.766
158, 198.863, 5.82804, 1215283200, 16376195387, 16328460410, 474.719
159, 176.368, 6.86172, 1268971520, 16551748910, 16484759543, 458.792
160, 203.497, 5.94719, 1269022720, 16646513299, 16597983995, 442.807
161, 203.878, 5.93621, 1269053440, 16756879167, 16709207063, 435.759
162, 203.282, 5.95391, 1269114880, 16870980549, 16822444947, 444.975
163, 206.237, 5.86873, 1269145600, 16984297024, 16935739746, 453.537
164, 205.908, 5.87831, 1269186560, 17097446345, 17048933182, 469.119
165, 202.21, 5.98616, 1269258240, 17203369966, 17157038285, 440.988
166, 204.253, 5.92647, 1269299200, 17319995294, 17271107226, 475.16
167, 204.456, 5.92058, 1269299200, 17434822991, 17385706657, 526.176
168, 179.689, 7.11264, 1340149760, 17613230346, 17544972782, 564.73
169, 211.522, 6.04274, 1340262400, 17709917018, 17660429985, 493.62
170, 208.157, 6.14063, 1340303360, 17821049955, 17772860862, 475.515
171, 210.168, 6.08205, 1340344320, 17935703861, 17886848211, 487.677
172, 209.067, 6.11423, 1340375040, 18045740272, 17998071978, 470.817
173, 209.481, 6.10215, 1340375040, 18157562590, 18109715316, 492.571
174, 206.172, 6.20018, 1340395520, 18275413603, 18225702827, 516.59
175, 205.467, 6.22154, 1340416000, 18387196743, 18338746987, 519.206
176, 187.765, 6.89727, 1357977600, 18557633911, 18491966596, 566.872
177, 207.411, 6.24411, 1358008320, 18649972728, 18602568963, 487.562
178, 206.02, 6.28659, 1358080000, 18769713035, 18719569785, 517.454
179, 205.511, 6.3025, 1358151680, 18883843490, 18834558665, 525.564
180, 207.168, 6.25232, 1358202880, 19001986081, 18951756808, 547.852
181, 209.176, 6.19251, 1358243840, 19112925533, 19064572067, 532.01
182, 208.735, 6.20571, 1358274560, 19231113711, 19181146711, 556.549
183, 209.383, 6.1866, 1358295040, 19337787544, 19290789880, 531.102
184, 213.807, 6.05873, 1358325760, 19462616144, 19411067369, 592.486
185, 179.686, 7.27565, 1370839040, 19635402812, 19568100895, 608.275
186, 207.407, 6.30331, 1370859520, 19727818530, 19679901644, 536.335
187, 211.992, 6.1676, 1370992640, 19847827635, 19797448163, 558.402
188, 209.603, 6.23797, 1371013120, 19964317855, 19914255256, 575.241
189, 211.463, 6.18329, 1371054080, 20079072016, 20029623833, 559.289
190, 210.935, 6.19891, 1371084800, 20196906514, 20146719695, 582.507
191, 206.566, 6.33023, 1371125760, 20312623682, 20262851018, 588.319
192, 207.157, 6.31231, 1371156480, 20428972586, 20379132690, 584.117
193, 210.728, 6.20541, 1371176960, 20548662734, 20497803069, 639.227
194, 183.47, 7.15675, 1376829440, 20718388270, 20652211634, 603.263
195, 208.105, 6.30289, 1375375360, 20819099031, 20769032202, 592.068
196, 206.341, 6.35685, 1375395840, 20933800959, 20884367650, 579.443
197, 208.2, 6.30051, 1375488000, 21059889563, 21007229424, 607.166
198, 206.572, 6.35027, 1375508480, 21169227418, 21120625518, 585.255
199, 208.163, 6.30187, 1375539200, 21289465090, 21238812589, 619.493
200, 209.865, 6.25095, 1375580160, 21405735199, 21355657009, 623.179
201, 207.351, 6.32678, 1375590400, 21522633151, 21472539266, 659.247
202, 190.33, 7.00403, 1397831680, 21695931020, 21628911788, 670.701
203, 208.133, 6.40502, 1397852160, 21795527750, 21745542940, 614.445
204, 208.805, 6.3847, 1397913600, 21913622312, 21863198491, 620.371
205, 210.605, 6.33034, 1397964800, 22031453175, 21980976473, 639.497
206, 210.037, 6.34771, 1398016000, 22148695551, 22098378102, 639.301
207, 208.895, 6.38258, 1398056960, 22265545659, 22215394718, 638.012
208, 210.279, 6.34076, 1398097920, 22381128999, 22331408121, 627.539
209, 210.945, 6.32097, 1398149120, 22504258206, 22452398739, 717.872
