Backup ID, Ecall, Inline_Ocall, Offline_Ocall, _Inline_FPOcall, _Inline_SFOcall, _Inline_LocalOcall, _Inline_LoadOcall, _Inline_DeltaOcall, _Inline_RecipeOcall, _Inline_Write_ContainerOcall, _inline_have_similar_chunk_num, _inline_need_load_container_num
0,195,637,5,193,193,0,34,193,24,27,64,33,
1,394,1283,10,390,390,0,65,390,48,36,8227,276,
2,599,1953,36741,593,593,7,101,586,73,45,17259,727,
3,808,2640,115811,800,800,50,142,750,98,55,26198,1379,
4,1020,3340,239336,1010,1010,217,186,793,124,73,35385,2215,
5,1238,4063,391970,1226,1226,388,235,838,150,92,44907,3145,
6,1458,4814,560134,1444,1444,543,305,901,177,110,55018,4068,
7,1681,5560,754566,1665,1665,726,361,939,204,130,65246,5111,
8,1910,6325,971000,1892,1892,914,417,978,232,151,76339,6238,
9,2141,7114,1196449,2121,2121,1090,491,1031,260,169,87637,7303,
10,2377,7910,1442035,2355,2355,1282,556,1073,289,188,99037,8432,
11,2620,8712,1721542,2596,2596,1492,605,1104,319,209,110423,9665,
12,2865,9536,2011060,2839,2839,1685,670,1154,349,230,121712,10893,
13,3117,10366,2333033,3089,3089,1908,719,1181,380,254,133516,12347,
14,3379,11266,2672648,3349,3349,2122,807,1227,412,278,144854,13732,
15,3646,12159,3018574,3614,3614,2341,872,1273,445,302,157183,15149,
16,3917,13080,3356301,3883,3883,2551,953,1332,478,326,167995,16509,
17,4216,14120,3728770,4180,4180,2788,1065,1392,515,352,178226,18044,
18,4526,15185,4130823,4488,4488,3046,1168,1442,553,381,191136,19687,
19,4851,16281,4537226,4811,4811,3297,1255,1514,593,409,205318,21253,
20,5187,17412,4941274,5145,5145,3546,1343,1599,634,436,220422,22849,
21,5539,18591,5369108,5495,5495,3823,1429,1672,677,466,236251,24584,
22,5903,19814,5835696,5857,5857,4111,1521,1746,722,496,253046,26428,
23,6275,21041,6338275,6227,6227,4425,1592,1802,768,527,270901,28432,
24,6655,22314,6838507,6605,6605,4730,1684,1875,815,558,289180,30381,
25,7037,23595,7372614,6985,6985,5049,1778,1936,862,589,307472,32435,
26,7435,24901,7966786,7381,7381,5391,1847,1990,911,623,325971,34656,
27,7841,26274,8515634,7785,7785,5697,1958,2088,961,653,345243,36639,
28,8256,27647,9164187,8198,8198,6054,2041,2144,1012,687,365777,39139,
29,8672,29053,9801654,8612,8612,6383,2154,2229,1063,718,385809,41274,
30,9153,30632,10595937,9091,9091,6807,2237,2284,1122,774,397845,44905,
31,9644,32404,11094812,9580,9580,6950,2481,2630,1183,798,419949,46298,
32,10144,34154,11586119,10078,10078,7150,2675,2928,1245,824,443022,47994,
33,10650,35850,12145816,10582,10582,7469,2797,3113,1307,855,467414,50091,
34,11165,37564,12754422,11095,11095,7878,2908,3217,1371,892,492154,52387,
35,11691,39332,13447418,11619,11619,8298,3039,3321,1436,930,517386,54894,
36,12223,41116,14149789,12149,12149,8724,3167,3425,1502,968,543032,57483,
37,12754,42899,14903883,12678,12678,9170,3297,3508,1568,1007,568760,60217,
38,13288,44704,15660306,13210,13210,9598,3440,3612,1634,1045,595793,62833,
39,13825,46499,16501157,13745,13745,10049,3564,3696,1700,1084,622070,65747,
40,14245,47826,17567303,14163,14163,10457,3585,3706,1752,1118,642768,69714,
41,14670,49194,18596477,14586,14586,10858,3632,3728,1804,1152,664055,73107,
42,15100,50598,19631168,15014,15014,11255,3699,3759,1857,1186,685818,76220,
43,15537,52027,20721040,15449,15449,11656,3769,3793,1911,1220,707980,79565,
44,15980,53461,21806964,15890,15890,12070,3825,3820,1966,1255,730299,82909,
45,16431,54929,22811538,16339,16339,12478,3890,3861,2022,1288,753256,86205,
46,16891,56426,23847655,16797,16797,12902,3956,3895,2079,1323,776670,89983,
47,17357,57925,24834401,17261,17261,13338,4006,3923,2136,1358,800838,93747,
48,17830,59470,25754549,17732,17732,13770,4080,3962,2194,1391,825330,97473,
49,18373,61215,27009553,18273,18273,14282,4135,3991,2261,1432,851614,101638,
50,19025,63468,28518600,18923,18923,14860,4357,4063,2342,1502,871465,107353,
51,19685,65824,29451954,19581,19581,15164,4657,4417,2424,1538,901858,109791,
52,20394,68543,30343759,20288,20288,15554,5167,4734,2512,1581,933098,112540,
53,21133,71043,31287761,21025,21025,16017,5364,5008,2604,1625,966267,115582,
54,21878,73521,32345394,21768,21768,16562,5521,5206,2696,1672,998498,118982,
55,22631,76008,33405235,22518,22518,17144,5664,5375,2789,1722,1032734,122708,
56,23385,78487,34522717,23259,23259,17723,5816,5548,2882,1771,1066645,126359,
57,24136,80933,35607448,23981,23981,18293,5976,5727,2975,1820,1099684,130026,
58,24884,83341,36743152,24697,24697,18885,6113,5881,3068,1869,1133258,133896,
59,25641,85794,37936764,25423,25423,19472,6265,6049,3162,1919,1166851,137804,
60,26189,87525,39493302,25969,25969,20004,6290,6063,3230,1962,1194456,143812,
61,26958,89958,40817958,26706,26706,20645,6387,6189,3325,2014,1228327,148307,
62,27537,91820,42467268,27282,27282,21176,6448,6235,3397,2057,1256854,153180,
63,28125,93754,43947213,27867,27867,21686,6553,6311,3470,2098,1285865,157374,
64,28720,95691,45541684,28459,28459,22210,6639,6380,3544,2141,1315689,161703,
65,29322,97674,46970065,29058,29058,22736,6750,6454,3618,2183,1346158,166195,
66,29932,99655,48530566,29665,29665,23281,6834,6517,3693,2227,1376799,170884,
67,30551,101664,49948516,30281,30281,23825,6917,6590,3770,2270,1408205,175471,
68,31180,103723,51374918,30907,30907,24378,7019,6664,3848,2312,1439615,180306,
69,31816,105786,52732901,31540,31540,24941,7103,6735,3927,2354,1471396,185197,
70,32593,108211,54481581,32281,32281,25614,7175,6837,4023,2407,1504606,190687,
71,33504,111279,56613452,33160,33160,26369,7463,6991,4136,2495,1529142,199008,
72,34451,114599,57688766,34073,34073,26714,7894,7591,4254,2535,1566224,201847,
73,35404,117806,58710594,34991,34991,27132,8196,8124,4372,2576,1604223,205038,
74,36375,120972,59713796,35925,35925,27709,8404,8516,4493,2627,1643650,208813,
75,37160,123411,61259589,36671,36671,28398,8471,8610,4590,2680,1679246,214732,
76,37943,125887,63008165,37416,37416,29060,8579,8729,4687,2732,1712436,220072,
77,38761,128492,64418990,38194,38194,29700,8711,8905,4788,2782,1748279,224686,
78,39600,131163,65769975,38994,38994,30357,8841,9085,4892,2833,1785072,229409,
79,40450,133865,67187556,39802,39802,31018,8974,9272,4997,2884,1822373,234285,
80,41308,136587,68534310,40608,40608,31678,9122,9468,5103,2933,1860297,239101,
81,42173,139299,69909884,41412,41412,32345,9256,9664,5210,2983,1898737,243996,
82,43055,142061,71340896,42235,42235,33037,9383,9852,5319,3034,1938076,249312,
83,44077,145278,73228598,43195,43195,33869,9533,10040,5446,3095,1948210,256078,
84,45108,148942,73820874,44161,44161,34052,10108,10886,5574,3120,1985146,258356,
85,46138,152348,74221872,45122,45122,34140,10436,11826,5702,3134,2028416,260680,
86,47168,155587,74748049,46083,46083,34410,10597,12584,5830,3155,2072834,263607,
87,48199,158813,75322624,47046,47046,34963,10740,13060,5958,3187,2118115,266973,
88,49230,162052,75914501,48006,48006,35533,10902,13519,6086,3220,2163975,270520,
89,50261,165286,76602265,48964,48964,36218,11063,13863,6214,3257,2209457,274575,
90,51292,168536,77322955,49922,49922,36925,11240,14185,6342,3294,2255439,278867,
91,52323,171793,78231913,50878,50878,37620,11428,14519,6470,3331,2301993,283131,
92,53391,175133,79281859,51875,51875,38432,11575,14773,6603,3375,2345331,288598,
93,54459,178529,80231823,52871,52871,39129,11780,15142,6736,3412,2391882,293079,
94,55527,181924,81235728,53869,53869,39829,11980,15508,6869,3449,2438776,297665,
95,56595,185300,82274247,54862,54862,40570,12171,15833,7002,3488,2485692,302365,
96,57663,188667,83346326,55853,55853,41319,12357,16150,7135,3527,2531974,307301,
97,58731,192023,84424950,56839,56839,42066,12542,16469,7268,3566,2579355,312119,
98,59799,195389,85594260,57826,57826,42812,12735,16789,7401,3605,2626897,316909,
99,60868,198721,87081996,58809,58809,43604,12901,17064,7534,3645,2673974,322300,
100,61942,202012,88738606,59794,59794,44463,13017,17277,7667,3691,2718381,328899,
101,63016,205395,89804100,60775,60775,45174,13233,17638,7800,3729,2764887,333788,
102,64090,208737,91176743,61756,61756,45966,13408,17918,7933,3769,2812191,339184,
103,65164,212095,92623326,62736,62736,46735,13601,18221,8066,3809,2859835,344429,
104,66238,215439,94062529,63716,63716,47523,13780,18505,8199,3849,2907303,349786,
105,67312,218817,95510610,64696,64696,48280,13993,18820,8332,3888,2955362,355022,
106,68386,222174,97011323,65676,65676,49059,14185,19113,8465,3928,3002607,360327,
107,69460,225534,98571319,66656,66656,49837,14380,19407,8598,3968,3050877,365532,
108,70534,228905,100403276,67636,67636,50608,14586,19708,8731,4008,3099072,370954,
109,71627,232251,102217235,68637,68637,51482,14703,19925,8867,4055,3144417,378135,
110,72720,235697,103978637,69638,69638,52252,14920,20246,9003,4095,3192237,383547,
111,73813,239137,105655614,70638,70638,53021,15133,20568,9139,4135,3240535,389012,
112,74906,242584,107330264,71637,71637,53749,15355,20931,9275,4173,3289210,393967,
113,75999,245993,109057533,72636,72636,54543,15539,21228,9411,4214,3337667,399512,
114,77092,249440,110810304,73635,73635,55281,15761,21581,9547,4253,3386043,404757,
115,78186,252828,112745924,74636,74636,56134,15919,21820,9683,4295,3432138,411735,
116,79279,256259,114887755,75635,75635,56933,16125,22112,9819,4336,3480383,417217,
117,80400,259717,117553537,76661,76661,57839,16273,22325,9958,4393,3530224,427303,
118,81521,263231,119518190,77687,77687,58616,16477,22667,10097,4433,3578562,432861,
119,82642,266735,121552989,78714,78714,59416,16669,22986,10236,4474,3627453,438410,
120,83763,270233,123538176,79740,79740,60229,16857,23292,10375,4515,3676613,443984,
121,84884,273719,125614263,80760,80760,61033,17045,23607,10514,4556,3725422,449588,
122,86005,277269,127635941,81782,81782,61791,17293,23968,10653,4595,3774689,455058,
123,87126,280753,129744356,82804,82804,62616,17475,24262,10792,4637,3823887,461077,
124,88248,284257,132290478,83826,83826,63415,17676,24583,10931,4678,3873194,466811,
125,89380,287686,134783389,84860,84860,64335,17766,24793,11072,4733,3923228,476224,
126,90512,291230,137135227,85892,85892,65139,17975,25119,11213,4774,3972046,482063,
127,91644,294761,139484589,86924,86924,65957,18171,25431,11354,4816,4021869,487957,
128,92776,298287,141845744,87953,87953,66772,18368,25746,11495,4858,4071308,493788,
129,93908,301817,144238744,88981,88981,67606,18571,26042,11636,4900,4120749,499969,
130,95040,305355,146618339,90007,90007,68422,18786,26356,11777,4942,4170554,505727,
131,96172,308892,149003750,91028,91028,69204,19010,26704,11918,4982,4220733,511149,
132,97304,312413,151926180,92049,92049,70028,19218,27010,12059,5024,4270482,517232,
133,98451,315889,154721507,93087,93087,70955,19330,27228,12202,5081,4321802,527131,
134,99598,319439,157438465,94125,94125,71813,19516,27515,12345,5124,4371543,533254,
135,100745,322996,160099837,95161,95161,72635,19713,27838,12488,5166,4421501,539275,
136,101892,326553,162644943,96197,96197,73455,19910,28163,12631,5208,4471885,544967,
137,103040,330103,165248447,97236,97236,74301,20093,28463,12774,5251,4522451,550997,
138,104187,333650,167908134,98272,98272,75139,20280,28770,12917,5293,4572965,557034,
139,105334,337214,170665176,99309,99309,75978,20482,29076,13060,5335,4623128,563159,
140,106481,340809,173357142,100345,100345,76755,20717,29444,13203,5375,4673681,568715,
141,107628,344383,176648233,101382,101382,77603,20929,29741,13346,5418,4723948,575152,
142,108784,347897,179463654,102429,102429,78526,21051,29972,13490,5473,4775172,584525,
143,109940,351495,182460509,103477,103477,79376,21255,30276,13634,5516,4825129,591050,
144,111096,355071,185396251,104523,104523,80222,21441,30584,13778,5559,4875661,597198,
145,112252,358655,188269175,105569,105569,81064,21635,30896,13922,5602,4926371,603451,
146,113408,362258,191227112,106615,106615,81908,21848,31206,14066,5645,4977194,609684,
147,114564,365852,194174938,107660,107660,82755,22054,31513,14210,5688,5027961,615733,
148,115720,369450,197174922,108704,108704,83606,22266,31816,14354,5731,5078697,622302,
149,116876,373025,200186924,109750,109750,84469,22451,32107,14498,5774,5129261,628766,
150,118032,376588,203913758,110792,110792,85355,22632,32375,14642,5817,5178816,635532,
151,119233,380350,207137725,111883,111883,86296,22864,32633,14791,5875,5231062,645408,
152,120434,384090,210419489,112973,112973,87143,23076,32985,14940,5919,5281434,652040,
153,121635,387805,213615877,114063,114063,88015,23263,33312,15089,5962,5332014,658703,
154,122836,391549,216655363,115153,115153,88832,23479,33694,15238,6004,5383487,664548,
155,124037,395269,219828686,116243,116243,89705,23671,34020,15387,6047,5434709,671095,
156,125238,398965,223021354,117330,117330,90580,23845,34344,15536,6091,5486157,677539,
157,126439,402676,226281868,118416,118416,91452,24036,34671,15685,6134,5537515,684023,
158,127640,406408,230041732,119504,119504,92309,24244,35013,15834,6177,5588617,690398,
159,128885,410198,233637072,120636,120636,93292,24372,35273,15989,6236,5641258,700730,
160,130130,414041,237037879,121763,121763,94149,24563,35659,16144,6280,5692629,707102,
161,131375,417929,240398797,122894,122894,94992,24791,36059,16299,6323,5744486,713142,
162,132620,421775,243789404,124025,124025,95862,24977,36432,16454,6367,5796052,719614,
163,133865,425627,247224704,125153,125153,96736,25175,36801,16609,6411,5847798,726013,
164,135110,429482,250604761,126283,126283,97608,25372,37172,16764,6455,5900097,732252,
165,136355,433363,253939822,127409,127409,98422,25603,37601,16919,6497,5952740,738047,
166,137600,437218,257430580,128535,128535,99300,25808,37966,17074,6541,6004960,744361,
167,138845,441065,261543592,129657,129657,100184,26013,38325,17229,6585,6056801,750965,
168,140147,445435,266412617,130838,130838,101179,26559,38630,17391,6646,6110917,761198,
169,141449,449461,269963930,132011,132011,102050,26777,39059,17553,6690,6162689,767938,
170,142751,453479,273424575,133179,133179,102903,26997,39506,17715,6733,6215212,774153,
171,144054,457495,276965382,134347,134347,103778,27214,39932,17877,6777,6267838,780730,
172,145357,461528,280348406,135515,135515,104626,27448,40385,18039,6820,6320805,786663,
173,146659,465547,283852470,136681,136681,105476,27673,40835,18201,6863,6373736,792639,
174,147962,469565,287517365,137847,137847,106370,27896,41242,18363,6908,6426464,799292,
175,149265,473609,291510456,139013,139013,107240,28145,41673,18525,6951,6478873,805813,
176,150584,477593,296164045,140193,140193,108221,28288,42009,18689,7009,6533359,815863,
177,151903,481689,299742094,141373,141373,109049,28543,42498,18853,7052,6586178,821846,
178,153222,485737,303530719,142547,142547,109947,28762,42917,19017,7097,6638887,828778,
179,154541,489789,307282416,143714,143714,110835,28999,43346,19181,7141,6692195,835321,
180,155861,493829,311161143,144881,144881,111747,29223,43752,19345,7186,6745328,842184,
181,157180,497894,314949224,146043,146043,112606,29483,44210,19509,7229,6798726,848459,
182,158499,501924,318916631,147203,147203,113505,29712,44628,19673,7274,6852297,854801,
183,159819,506005,322793172,148363,148363,114340,29991,45111,19837,7316,6906029,860759,
184,161139,509979,327424574,149519,149519,115293,30171,45476,20001,7362,6958741,868399,
185,162471,513946,332362209,150690,150690,116297,30300,45802,20167,7422,7012093,879023,
186,163803,518041,336224943,151861,151861,117149,30557,46280,20333,7465,7065007,885390,
187,165135,522078,340244302,153032,153032,118059,30756,46700,20499,7510,7118731,891806,
188,166467,526108,344438784,154200,154200,118956,30954,47133,20665,7555,7172285,898714,
189,167799,530151,348648623,155363,155363,119843,31175,47576,20831,7599,7225391,905421,
190,169131,534165,352791109,156521,156521,120755,31377,47994,20997,7644,7279273,912333,
191,170463,538206,357052932,157678,157678,121653,31608,48426,21163,7689,7333410,918703,
192,171795,542255,361326645,158833,158833,122553,31851,48856,21329,7734,7387372,925432,
193,173127,546256,366185924,159982,159982,123485,32058,49254,21495,7780,7441017,932664,
194,174465,550191,371118658,161134,161134,124497,32187,49578,21661,7839,7494483,943725,
195,175801,554215,375383836,162282,162282,125407,32415,50002,21827,7884,7547600,950451,
196,177137,558250,379777337,163429,163429,126291,32656,50452,21993,7928,7601271,957104,
197,178474,562237,384565260,164578,164578,127249,32844,50829,22159,7975,7654162,964447,
198,179810,566268,388711101,165722,165722,128121,33087,51291,22325,8019,7708403,970623,
199,181146,570264,393113273,166868,166868,129047,33291,51699,22491,8064,7762553,977431,
200,182482,574272,397533115,168014,168014,129949,33507,52131,22657,8109,7816586,984160,
201,183818,578288,402469378,169159,169159,130851,33733,52563,22823,8154,7870281,991137,
202,185174,582275,407777862,170330,170330,131878,33855,52890,22992,8213,7925572,1001740,
203,186530,586383,412162780,171498,171498,132772,34104,53350,23161,8258,7978755,1008316,
204,187886,590483,416726381,172668,172668,133676,34341,53800,23330,8303,8032888,1015092,
205,189242,594573,421281891,173836,173836,134588,34572,54242,23499,8348,8087113,1021960,
206,190598,598660,425872862,175004,175004,135493,34800,54691,23668,8393,8141740,1028900,
207,191954,602752,430321271,176171,176171,136395,35035,55143,23837,8438,8196596,1035349,
208,193310,606858,434930733,177339,177339,137300,35282,55592,24006,8483,8250722,1041958,
209,194667,610921,440384780,178509,178509,138261,35481,55986,24175,8529,8305153,1048908,
