Backup ID, Logical chunk num, Unique chunk num, Base chunk num, Delta chunk num, Logical chunk size, Unique chunk size, Base chunk size, Delta chunk size, LZ4_save size, Delta_save size, 
0,598076,118229,112989,5240,8588886016,1032135022,619263017,5987715,359484175,47400115
1,1195194,131087,122893,8194,17177772032,1171401480,669778208,11958559,412590202,77074511
2,1791173,149943,138270,11673,25766658048,1368358678,755319398,19022064,482889430,111127786
3,2386184,164814,149949,14865,34355544064,1528865472,815935007,25669434,545111311,142149720
4,2980525,182825,164441,18384,42944430080,1719207135,897400431,32787465,612479673,176539566
5,3572942,204438,182182,22256,51533316096,1951922178,992641543,41604240,705838932,211837463
6,4164755,221561,195605,25956,60122202112,2137587443,1064001872,48051249,776390469,249143853
7,4755932,242885,213122,29763,68711088128,2361052678,1161896969,57815048,858974971,282365690
8,5346585,262903,229098,33805,77299974144,2573569874,1248462951,65988877,939053979,320064067
9,5936829,281759,243971,37788,85888860160,2774054407,1329078897,73140010,1014345730,357489770
10,6526705,307464,265081,42383,94477746176,3045410776,1442225260,83902598,1123732081,395550837
11,7117376,326216,279984,46232,103066632192,3242865686,1524285798,89426002,1196964119,432189767
12,7708121,347836,297419,50417,111655518208,3473193093,1618554826,98696501,1286881251,469060515
13,8299588,374837,319807,55030,120244404224,3759205714,1740717207,107247614,1400388516,510852377
14,8891445,396422,337113,59309,128833290240,3992611430,1834474866,115196540,1491580485,551359539
15,9483489,417887,354268,63619,137422176256,4224877819,1925898777,123586123,1583840495,591552424
16,10077606,443648,375528,68120,146011062272,4498147302,2044628015,136974092,1688325275,628219920
17,10672558,470248,397551,72697,154599948288,4782863934,2164724111,142558057,1802076707,673505059
18,11268152,494813,417617,77196,163188834304,5047681626,2275065413,150696954,1905927085,715992174
19,11865051,517318,436016,81302,171777720320,5289461317,2375260351,160686625,2002182309,751332032
20,12462550,542802,456888,85914,180366606336,5563245113,2488319227,169294782,2112366152,793264952
21,13060779,568100,477450,90650,188955492352,5836765923,2600232205,177636551,2221474146,837423021
22,13661032,598836,503240,95596,197544378368,6163336318,2743755730,189007882,2350564770,880007936
23,14263100,625524,525343,100181,206133264384,6450494513,2864358110,200527286,2466222928,919386189
24,14866184,651870,546912,104958,214722150400,6735758417,2979856781,205400193,2582878728,967622715
25,15472152,686885,576607,110278,223311036416,7109281814,3143792968,224668406,2734697818,1006122622
26,16079762,719004,603772,115232,231899922432,7452798290,3291714151,226611447,2876903697,1057568995
27,16689366,753044,632439,120605,240488808448,7818860463,3448511606,239151601,3027537891,1103659365
28,17301791,788203,662155,126048,249077694464,8196526159,3610899622,255728843,3183813619,1146084075
29,17916474,824183,692660,131523,257666580480,8581486572,3777656505,271869030,3343714125,1188246912
