Backup ID, FPindex, SFindex, Deltaindex
0,9458320,21476032,230976
1,10486960,23373632,380256
2,11995440,26323392,538080
3,13185120,28563712,678240
4,14626000,31341632,833408
5,16355040,34746176,999072
6,17724880,37317760,1161696
7,19430800,40679360,1324000
8,21032240,43741376,1501824
9,22540720,46593344,1675776
10,24597120,50642816,1873504
11,26097280,53501376,2042272
12,27826880,56846272,2226592
13,29986960,61141568,2425696
14,31713760,64462016,2615936
15,33430960,67753344,2809632
16,35491840,71831936,3007392
17,37619840,76058048,3209632
18,39585040,79907968,3409824
19,41385440,83437888,3592064
20,43424160,87442624,3796384
21,45448000,91386624,4010432
22,47906880,96335936,4231648
23,50041920,100575040,4435296
24,52149600,104713024,4648768
25,54950800,110412672,4886240
26,57520320,115625856,5103520
27,60243520,121126528,5344320
28,63056240,126829440,5584960
29,65934640,132683264,5826016
