Backup ID, Online Delta_save, Offline Delta_save, Offline delta time, Offline dedelta time, Offline delete time, Offline Delta chunk num
0,28713786,18686329,3854,1823,77,2031
1,48897069,28177442,7127,4152,150,2975
2,65602885,45524901,12642,7978,257,4664
3,77619647,64530073,19904,13389,385,6515
4,88622954,87916612,29216,20429,539,8787
5,100512476,111324987,40358,29233,720,11125
6,109517161,139626692,53491,39697,920,13794
7,120156097,162209593,66193,49892,1118,16301
8,129331898,190732169,81078,61853,1341,19225
9,139798220,217691550,96596,74592,1580,22004
10,149383203,246167634,114449,89193,1855,25256
11,160993686,271196081,133088,105356,2101,27732
12,172831287,296229228,153455,122957,2382,30498
13,185073607,325778770,175941,142466,2678,33475
14,197529157,353830382,199748,163391,2988,36357
15,210549235,381003189,224953,185813,3313,39140
16,225827025,402392895,251670,209872,3634,41798
17,241831847,431673212,279996,235531,3979,44465
18,256564123,459428051,310183,262915,4349,47268
19,272853016,478479016,340510,291008,4681,49502
20,289007786,504257166,372951,320748,5066,52203
21,305320522,532102499,407241,352143,5446,55098
22,321798388,558209548,443168,385161,5874,58007
23,340349007,579037182,480584,420136,6269,60448
24,355650069,611972646,514870,451475,6697,63395
25,374005711,632116911,551245,484831,7141,66414
26,392235187,665333808,588823,519875,7555,68948
27,413145441,690513924,628590,556863,8026,71727
28,434088367,711995708,670930,596402,8538,74528
29,453265313,734981599,715117,637654,9040,77463
