BackupID, OnlineSpeed(MB/s), Encalve ProcessTime(s), BackupSize, OnlineSize, OfflineSize, OfflineTime(s)
0, 431.467, 18.9841, 8588886016, 630376507, 625250732, 5.63448
1, 722.494, 11.3371, 8588886016, 682898762, 681736767, 3.94124
2, 696.211, 11.7651, 8588886016, 776804418, 774341462, 6.70719
3, 713.089, 11.4866, 8588886016, 844596880, 841604441, 8.45441
4, 703.174, 11.6486, 8588886016, 934766990, 930187896, 10.4995
5, 680.076, 12.0442, 8588886016, 1038386017, 1034245783, 12.6427
6, 705.004, 11.6184, 8588886016, 1118664288, 1112053121, 14.5521
7, 686.321, 11.9347, 8588886016, 1222745393, 1219712017, 13.777
8, 689.821, 11.8741, 8588886016, 1320574872, 1314451828, 16.1641
9, 692.057, 11.8357, 8588886016, 1408402805, 1402218907, 16.7833
10, 647.469, 12.6508, 8588886016, 1531282364, 1526127858, 19.8395
11, 695.614, 11.7752, 8588886016, 1620836329, 1613711800, 18.8328
12, 614.885, 13.3212, 8588886016, 1722304194, 1717251327, 20.8813
13, 652.006, 12.5628, 8588886016, 1855454070, 1847964821, 22.5067
14, 674.765, 12.139, 8588886016, 1956758178, 1949671406, 23.5125
15, 630.549, 12.9903, 8588886016, 2056482808, 2049484900, 24.7307
16, 641.534, 12.7678, 8588886016, 2184193838, 2181602107, 25.95
17, 645.458, 12.6902, 8588886016, 2317637124, 2307282168, 27.2373
18, 639.696, 12.8045, 8588886016, 2434134352, 2425762367, 29.4138
19, 665.945, 12.2998, 8588886016, 2539760418, 2535946976, 27.7821
20, 639.983, 12.7988, 8588886016, 2664844504, 2657614009, 30.4644
21, 626.154, 13.0814, 8588886016, 2786286673, 2777868756, 32.4507
22, 620.663, 13.1972, 8588886016, 2939455404, 2932763612, 33.9491
23, 627.003, 13.0637, 8588886016, 3068978853, 3064885396, 34.4496
24, 625.463, 13.0959, 8588886016, 3197811723, 3185256974, 33.2874
25, 589.377, 13.8977, 8588886016, 3368545117, 3368461374, 34.667
26, 592.479, 13.825, 8588886016, 3534279865, 3518325598, 34.2557
27, 597.918, 13.6992, 8588886016, 3694057523, 3687663207, 37.3874
28, 576.065, 14.2189, 8588886016, 3869433927, 3866628465, 40.4879
29, 579.096, 14.1445, 8588886016, 4053163659, 4049525535, 41.6972
