Backup ID, Ecall, Inline_Ocall, Offline_Ocall, _Inline_FPOcall, _Inline_SFOcall, _Inline_LocalOcall, _Inline_LoadOcall, _Inline_DeltaOcall, _Inline_RecipeOcall, _Inline_Write_ContainerOcall, _inline_have_similar_chunk_num, _inline_need_load_container_num
0,4675,4371,75566,1143,1143,75,922,504,584,160,6567,1362,
1,9342,6652,146624,1693,1693,130,1079,890,1167,176,9538,2267,
2,14001,9014,249712,2278,2278,222,1216,1271,1749,201,13022,3379,
3,18652,11374,376000,2860,2860,347,1351,1626,2330,220,16216,4569,
4,23298,13798,521275,3457,3457,518,1504,1952,2910,244,19754,6014,
5,27929,16365,694614,4097,4097,693,1671,2319,3488,273,23627,7544,
6,32555,18865,883545,4706,4706,887,1878,2623,4065,295,27349,9144,
7,37176,21435,1066988,5354,5354,1081,2046,2958,4642,324,31156,10699,
8,41793,24081,1274465,6007,6007,1304,2261,3284,5218,350,35214,12471,
9,46407,26684,1496304,6660,6660,1514,2449,3607,5794,375,39196,14185,
10,51018,29555,1748223,7378,7378,1741,2675,4013,6370,408,43791,16124,
11,55635,32233,1981661,8054,8054,1938,2867,4374,6946,433,47638,17807,
12,60253,35021,2246531,8756,8756,2186,3075,4726,7522,461,51824,19720,
13,64876,38013,2527324,9522,9522,2420,3313,5137,8099,497,56440,21670,
14,69502,40923,2820062,10255,10255,2663,3556,5518,8676,525,60724,23682,
15,74130,43934,3129524,11004,11004,2903,3838,5931,9254,553,65034,25744,
16,78774,47065,3437616,11796,11796,3123,4123,6393,9834,588,69533,27730,
17,83425,50266,3771437,12610,12610,3350,4407,6874,10415,624,74110,29811,
18,88081,53460,4125439,13426,13426,3602,4674,7336,10996,657,78608,31968,
19,92747,56573,4458275,14223,14223,3800,4930,7819,11578,686,82717,33823,
20,97417,59974,4832973,15093,15093,4043,5256,8328,12161,720,87327,36058,
21,102093,63500,5210524,16029,16029,4310,5569,8818,12745,753,92062,38336,
22,106785,67153,5629525,17015,17015,4598,5884,9310,13331,795,97009,40750,
23,111491,70818,6023843,18021,18021,4815,6192,9851,13918,831,101612,42892,
24,116205,74577,6453502,19026,19026,5099,6538,10382,14506,866,106387,45306,
25,120942,78617,6904916,20108,20108,5387,6923,10994,15097,913,111709,47917,
26,125691,82774,7337183,21291,21291,5630,7278,11594,15690,956,116663,50244,
27,130456,87115,7818349,22507,22507,5914,7659,12243,16285,1001,122036,52898,
28,135243,91614,8329944,23772,23772,6197,8076,12914,16883,1048,127479,55659,
29,140048,96270,8842345,25105,25105,6508,8495,13574,17483,1096,132951,58478,