Backup ID,Backup Size(MB),dataTranTime(us/MB),fpTime(ms/MB),freqTime(ms/MB),firstDedupTime(ms/MB),secondDedupTime(ms/MB),total_dedupTime(ms/MB),sfTime(ms/MB),checkTime(ms/MB),lz4compressTime(ms/MB),deltacompressTime(ms/MB),encTime(ms/MB),Total size(MB)
0,357.461,0.228179,0.900428,0.016583,0.064256,0.886708,1.86798,8.78123,0.104095,1.64732,0.828911,0.347086,357.460938
1,349.277,0.226804,0.907891,0.0264414,0.0674281,0.65009,1.65185,6.19195,0.0966822,1.02805,0.747597,0.237688,706.738281
2,350.332,0.225891,0.905865,0.0252354,0.0685725,0.553474,1.55315,5.26624,0.0939644,0.815418,0.722317,0.195151,1057.070312
3,352.09,0.215296,0.907886,0.0274276,0.0695471,0.512031,1.51689,4.76411,0.0934919,0.698044,0.711376,0.174665,1409.160156
4,351.504,0.209115,0.906452,0.0259632,0.0699549,0.469004,1.47137,4.39304,0.0917182,0.631118,0.676441,0.16011,1760.664062
5,288.975,0.205797,0.908116,0.0277269,0.070874,0.458269,1.46499,4.26679,0.0920084,0.609532,0.685987,0.156411,2049.638672
6,475.41,0.207864,0.904911,0.0253378,0.075237,0.539763,1.54525,5.03683,0.0995502,0.811312,0.733336,0.183502,2525.048828
7,333.418,0.205167,0.904744,0.0256909,0.0778655,0.566802,1.5751,5.35798,0.107141,0.85786,0.784309,0.191872,2858.466797
8,350.195,0.20301,0.90609,0.0273591,0.0799645,0.580562,1.59398,5.50545,0.111766,0.878244,0.829088,0.195768,3208.662109
9,350.195,0.203779,0.904367,0.0263146,0.0764459,0.522705,1.52983,4.96375,0.101672,0.791627,0.749148,0.176253,3558.857422
10,360.557,0.201917,0.905976,0.0276324,0.076157,0.491803,1.50157,4.64621,0.0962458,0.741457,0.714315,0.165762,3919.414062
11,297.832,0.20338,0.906207,0.0274406,0.0761758,0.467183,1.47701,4.41274,0.0923562,0.703611,0.691628,0.157171,4217.246094
12,297.686,0.202106,0.906354,0.0275296,0.0774712,0.46068,1.47204,4.3454,0.0924962,0.688788,0.691934,0.155086,4514.931641
13,484.023,0.203925,0.9061,0.0273051,0.0754902,0.421395,1.43029,3.96484,0.0859944,0.625587,0.643726,0.141567,4998.955078
14,498.467,0.202083,0.906326,0.0275498,0.0759729,0.411311,1.42116,3.86179,0.08566,0.59918,0.640796,0.137016,5497.421875
15,498.555,0.200322,0.906274,0.0275001,0.0760598,0.39655,1.40638,3.72448,0.0840707,0.573707,0.62624,0.131584,5995.976562
16,368.594,0.20072,0.906154,0.0276135,0.0775553,0.404156,1.41548,3.81397,0.0869985,0.588075,0.626149,0.133709,6364.570312
17,366.436,0.201901,0.905689,0.0273496,0.0772651,0.392082,1.40239,3.7085,0.0855254,0.569307,0.606078,0.129313,6731.005859
18,366.455,0.202873,0.905566,0.0273064,0.07871,0.384409,1.39599,3.58281,0.0831828,0.551429,0.58994,0.124919,7097.460938
19,358.242,0.203836,0.905299,0.0268714,0.0793261,0.371669,1.38316,3.46794,0.0811895,0.5342,0.578157,0.120785,7455.703125
0,357.461,0.18773,0.906832,0.0224922,0.0625439,0.911288,1.90316,8.803,0.108694,1.6761,0.849478,0.339944,357.460938
1,349.277,0.185902,0.900952,0.017559,0.0669979,0.634198,1.61971,6.19867,0.0995715,1.0362,0.733669,0.224616,706.738281
2,350.332,0.185321,0.900553,0.0163125,0.0678299,0.542328,1.52702,5.27472,0.096477,0.822493,0.71046,0.185815,1057.070312
3,352.09,0.184991,0.901964,0.0187655,0.0690908,0.502543,1.49236,4.77079,0.0957656,0.70393,0.696924,0.167584,1409.160156
4,351.504,0.193334,0.903009,0.0188952,0.0698242,0.462043,1.45377,4.39994,0.0939004,0.636636,0.664642,0.154607,1760.664062
5,288.975,0.198425,0.904896,0.0207137,0.0708388,0.45112,1.44757,4.27233,0.094119,0.614152,0.672234,0.151182,2049.638672
6,475.41,0.203144,0.906306,0.0227456,0.07485,0.540156,1.54406,5.0476,0.102046,0.821333,0.72533,0.181126,2525.048828
7,333.418,0.206584,0.906734,0.0228826,0.0775919,0.565137,1.57235,5.3698,0.109618,0.867329,0.773805,0.18926,2858.466797
8,350.195,0.204138,0.906558,0.0236448,0.0797039,0.576624,1.58653,5.51626,0.114175,0.885437,0.815632,0.192787,3208.662109
9,350.195,0.201859,0.90616,0.0236121,0.0762343,0.520533,1.52654,4.97395,0.103861,0.798491,0.737776,0.174024,3558.857422
10,360.557,0.203253,0.906503,0.0236876,0.0762946,0.487635,1.49412,4.65524,0.0983063,0.747218,0.702133,0.163019,3919.414062
11,297.832,0.204738,0.906537,0.0237915,0.0764226,0.463725,1.47048,4.42157,0.0943161,0.709218,0.679843,0.15481,4217.246094
12,297.686,0.206323,0.906819,0.024233,0.0777108,0.458086,1.46685,4.3545,0.0944484,0.694482,0.680254,0.153167,4514.931641
13,484.023,0.207685,0.905836,0.0237263,0.075672,0.418744,1.42398,3.97303,0.0877845,0.630708,0.632532,0.139726,4998.955078
14,498.467,0.209014,0.905982,0.0241673,0.0763791,0.409052,1.41558,3.8698,0.0873755,0.604308,0.629542,0.135439,5497.421875
15,498.555,0.206743,0.905931,0.0242,0.0765824,0.39449,1.4012,3.73244,0.0857548,0.578712,0.615152,0.130103,5995.976562
16,368.594,0.205436,0.906326,0.02464,0.0780939,0.402732,1.41179,3.82264,0.0887868,0.593799,0.614159,0.132425,6364.570312
17,366.436,0.20416,0.905693,0.0243596,0.077783,0.390779,1.39861,3.71694,0.0873095,0.574595,0.594305,0.128088,6731.005859
18,366.455,0.205446,0.906185,0.024764,0.079404,0.383637,1.39399,3.59117,0.0849242,0.556633,0.578979,0.123952,7097.460938
19,358.242,0.206531,0.906809,0.0252647,0.0799937,0.371934,1.384,3.47635,0.0828633,0.539518,0.56786,0.120208,7455.703125
0,357.461,0.188868,0.900438,0.022037,0.0628013,0.909326,1.8946,8.80339,0.108921,1.67345,0.852134,0.337095,357.460938
1,349.277,0.209912,0.909363,0.0326662,0.0661051,0.666133,1.67427,6.20811,0.0993975,1.04386,0.755935,0.234084,706.738281
2,350.332,0.214058,0.910781,0.0324407,0.0666834,0.569606,1.57951,5.28215,0.0961809,0.828722,0.730363,0.194376,1057.070312
3,352.09,0.2076,0.9095,0.0294365,0.0679128,0.517172,1.52402,4.77482,0.0952851,0.707124,0.707621,0.172129,1409.160156
4,351.504,0.202451,0.908135,0.0279848,0.0685139,0.474267,1.4789,4.4031,0.0932387,0.639271,0.671235,0.158349,1760.664062
5,288.975,0.204216,0.908714,0.0283253,0.0695903,0.460399,1.46703,4.27439,0.0934233,0.616019,0.678027,0.153997,2049.638672
6,475.41,0.206335,0.908371,0.0282498,0.0738611,0.547024,1.55751,5.04893,0.101432,0.822743,0.731489,0.183882,2525.048828
7,333.418,0.208846,0.907708,0.0270137,0.0767621,0.570601,1.58208,5.36958,0.109129,0.868831,0.779868,0.191502,2858.466797
8,350.195,0.206277,0.906717,0.026552,0.0789868,0.580353,1.59261,5.5149,0.113754,0.885904,0.821775,0.19432,3208.662109
9,350.195,0.207557,0.906813,0.0269586,0.0755001,0.524264,1.53354,4.97285,0.103508,0.79901,0.743804,0.175527,3558.857422
10,360.557,0.20953,0.907401,0.0278244,0.0754095,0.492477,1.50311,4.65442,0.0979289,0.747979,0.708665,0.164894,3919.414062
11,297.832,0.207445,0.906802,0.0275035,0.0754089,0.468032,1.47775,4.42036,0.0939606,0.709787,0.685815,0.156489,4217.246094
12,297.686,0.20577,0.906673,0.0276522,0.0766164,0.46198,1.47292,4.35258,0.0940256,0.694934,0.685376,0.154695,4514.931641
13,484.023,0.207247,0.90614,0.0275911,0.0747092,0.422487,1.43093,3.97133,0.0874159,0.631141,0.637476,0.141156,4998.955078
14,498.467,0.208924,0.904859,0.0268043,0.0752984,0.411196,1.41816,3.86773,0.0869744,0.604153,0.632839,0.136231,5497.421875
15,498.555,0.206647,0.905268,0.0272955,0.0754524,0.396958,1.40497,3.73024,0.0853726,0.578569,0.619042,0.13098,5995.976562
16,368.594,0.20797,0.904982,0.0269471,0.0769874,0.404206,1.41312,3.82066,0.0883959,0.593459,0.617203,0.133109,6364.570312
17,366.436,0.206483,0.903646,0.0261225,0.0766108,0.391537,1.39792,3.71474,0.0868465,0.573966,0.596789,0.12854,6731.005859
18,366.455,0.20725,0.904036,0.0264461,0.0780929,0.38428,1.39285,3.58904,0.0844895,0.556123,0.581302,0.124399,7097.460938
19,358.242,0.207878,0.903953,0.0264371,0.078587,0.372158,1.38114,3.47405,0.0824111,0.538897,0.569751,0.120473,7455.703125
0,357.461,0.231379,0.907843,0.032466,0.0638224,0.923319,1.92745,8.79056,0.103718,1.65388,0.85599,0.342722,357.460938
1,349.277,0.206586,0.906184,0.0299921,0.0669229,0.651425,1.65452,6.1905,0.0957469,1.0259,0.748627,0.23014,706.738281
2,350.332,0.199453,0.901233,0.0255126,0.0676738,0.549342,1.54376,5.26416,0.093219,0.812492,0.720169,0.18809,1057.070312
3,352.09,0.204584,0.900951,0.0260389,0.0690865,0.505911,1.50199,4.76156,0.0930008,0.69478,0.707058,0.168323,1409.160156
4,351.504,0.200587,0.899678,0.0251387,0.0695794,0.464316,1.45871,4.39032,0.0910736,0.628558,0.670662,0.155152,1760.664062
5,288.975,0.198112,0.902417,0.0275692,0.0703734,0.453927,1.45429,4.26339,0.0912522,0.606831,0.678823,0.152071,2049.638672
6,475.41,0.201579,0.902474,0.0281317,0.0750477,0.541194,1.54685,5.03739,0.099206,0.810273,0.731427,0.181273,2525.048828
7,333.418,0.199487,0.902372,0.0284882,0.0775062,0.566623,1.57499,5.35618,0.106463,0.856522,0.780688,0.189625,2858.466797
8,350.195,0.197764,0.902659,0.0296106,0.0799408,0.579241,1.59145,5.50276,0.11131,0.875199,0.824575,0.193415,3208.662109
9,350.195,0.199965,0.901861,0.0285878,0.0762155,0.521374,1.52804,4.96128,0.101276,0.788842,0.744906,0.174083,3558.857422
10,360.557,0.198268,0.902763,0.0292548,0.0759665,0.489088,1.49707,4.64371,0.095858,0.738566,0.709289,0.163308,3919.414062
11,297.832,0.197002,0.902645,0.0291407,0.0759206,0.46458,1.47229,4.41036,0.0919977,0.70094,0.686192,0.154912,4217.246094
12,297.686,0.19614,0.901998,0.0286749,0.0771881,0.457563,1.46542,4.34271,0.0921431,0.686032,0.686179,0.152727,4514.931641
13,484.023,0.194526,0.901274,0.0282042,0.0752687,0.41815,1.4229,3.96227,0.0856697,0.622999,0.637845,0.139302,4998.955078
14,498.467,0.19679,0.902126,0.0292063,0.075847,0.409036,1.41622,3.8597,0.0852505,0.596937,0.635355,0.135171,5497.421875
15,498.555,0.198731,0.902949,0.0298549,0.0760323,0.395166,1.404,3.72294,0.0836764,0.571734,0.621845,0.130107,5995.976562
16,368.594,0.199159,0.902849,0.0299191,0.0774241,0.402788,1.41298,3.81246,0.0864657,0.586659,0.620267,0.132293,6364.570312
17,366.436,0.200088,0.9029,0.0301755,0.0769678,0.391517,1.40156,3.70738,0.0849291,0.568165,0.600535,0.128249,6731.005859
18,366.455,0.201318,0.903044,0.0302297,0.0785809,0.38401,1.39586,3.58176,0.0826331,0.55035,0.584963,0.123944,7097.460938
19,358.242,0.200326,0.90316,0.0302737,0.0788989,0.371884,1.38422,3.46699,0.0805888,0.533353,0.573272,0.120059,7455.703125
0,357.461,0.240225,0.916996,0.0348551,0.0622921,0.941112,1.95526,8.81579,0.108977,1.68214,0.87105,0.347065,357.460938
1,349.277,0.211596,0.915803,0.0354824,0.0658886,0.668626,1.6858,6.21042,0.0991456,1.04387,0.758262,0.234426,706.738281
2,350.332,0.202108,0.910521,0.0311286,0.0669208,0.562576,1.57115,5.28069,0.0959463,0.82641,0.726129,0.191755,1057.070312
3,352.09,0.208245,0.907926,0.0285222,0.0686331,0.512741,1.51782,4.77348,0.0952759,0.70564,0.706893,0.170238,1409.160156
4,351.504,0.203124,0.908466,0.0290499,0.0689308,0.472716,1.47916,4.40253,0.0932455,0.638672,0.672704,0.157565,1760.664062
5,288.975,0.206799,0.908215,0.0292482,0.069907,0.459249,1.46662,4.27459,0.0933857,0.615809,0.679667,0.153688,2049.638672
6,475.41,0.20245,0.905621,0.0275001,0.0740817,0.541702,1.5489,5.04496,0.101307,0.820948,0.729084,0.181821,2525.048828
7,333.418,0.200461,0.903985,0.026316,0.0768622,0.565669,1.57283,5.36424,0.108866,0.866758,0.777673,0.189492,2858.466797
8,350.195,0.198734,0.903194,0.02585,0.0792701,0.5755,1.58381,5.51029,0.113593,0.883802,0.820105,0.192186,3208.662109
9,350.195,0.19695,0.903358,0.0259917,0.0756015,0.519586,1.52454,4.96859,0.103316,0.797033,0.742117,0.173498,3558.857422
10,360.557,0.195616,0.904139,0.0262856,0.0754631,0.48678,1.49267,4.65024,0.0977447,0.745872,0.70613,0.162594,3919.414062
11,297.832,0.197844,0.904185,0.0262903,0.0755254,0.462802,1.4688,4.41674,0.0938269,0.70795,0.68369,0.154374,4217.246094
12,297.686,0.19926,0.90518,0.0271964,0.0768242,0.457771,1.46697,4.34971,0.0939582,0.693309,0.684556,0.152883,4514.931641
13,484.023,0.201304,0.904308,0.0265858,0.0747824,0.418157,1.42383,3.96863,0.0873589,0.629552,0.636319,0.13936,4998.955078
14,498.467,0.203616,0.905513,0.0277142,0.075379,0.409333,1.41794,3.86589,0.0869708,0.603261,0.633869,0.135386,5497.421875
15,498.555,0.201762,0.905559,0.0278884,0.0754348,0.394931,1.40381,3.72861,0.0852902,0.577752,0.619167,0.130182,5995.976562
16,368.594,0.200634,0.905405,0.0279256,0.0769002,0.402494,1.41272,3.81819,0.0883053,0.592533,0.618275,0.13235,6364.570312
17,366.436,0.201541,0.904478,0.0272522,0.0765936,0.390012,1.39834,3.71255,0.0868028,0.573097,0.598143,0.127903,6731.005859
18,366.455,0.200459,0.905097,0.027887,0.0781175,0.383068,1.39417,3.58691,0.0844423,0.555225,0.582814,0.123827,7097.460938
19,358.242,0.199476,0.905212,0.0280014,0.0785815,0.371053,1.38285,3.47212,0.082367,0.538012,0.571008,0.119971,7455.703125
0,357.461,0.184546,0.904246,0.0235368,0.0614585,0.89704,1.88628,8.77396,0.100635,1.64416,0.8349,0.334768,357.460938
1,349.277,0.20587,0.908136,0.0229172,0.0672201,0.633883,1.63216,6.18203,0.0952927,1.01862,0.73672,0.223689,706.738281
2,350.332,0.197612,0.905365,0.0227085,0.0675092,0.543929,1.53951,5.25999,0.0929238,0.809793,0.714584,0.186546,1057.070312
3,352.09,0.193902,0.901272,0.0196772,0.0685408,0.495323,1.48481,4.75538,0.0924018,0.691188,0.696206,0.165606,1409.160156
4,351.504,0.191741,0.904279,0.0231209,0.068907,0.461886,1.45819,4.38852,0.0906306,0.627259,0.667898,0.154924,1760.664062
5,288.975,0.195815,0.904362,0.023655,0.069905,0.449373,1.4473,4.26071,0.0908443,0.604858,0.674879,0.151059,2049.638672
6,475.41,0.201678,0.902695,0.0226425,0.0741605,0.531481,1.53098,5.03052,0.0984064,0.806551,0.722469,0.179274,2525.048828
7,333.418,0.204082,0.90289,0.0235951,0.0767936,0.558405,1.56168,5.35029,0.105815,0.852991,0.772942,0.188047,2858.466797
8,350.195,0.204881,0.903089,0.0240871,0.0793568,0.569877,1.57641,5.49704,0.110509,0.870781,0.816874,0.191424,3208.662109
9,350.195,0.203822,0.906197,0.0272817,0.0757895,0.51495,1.52422,4.9568,0.100553,0.785411,0.739365,0.172959,3558.857422
10,360.557,0.205649,0.906345,0.0268951,0.0759198,0.481917,1.49108,4.63894,0.0952635,0.735079,0.703957,0.161926,3919.414062
11,297.832,0.203848,0.906292,0.0270803,0.0758395,0.458897,1.46811,4.40645,0.0914293,0.697906,0.68192,0.153951,4217.246094
12,297.686,0.202343,0.905966,0.0270705,0.0769174,0.452921,1.46287,4.33934,0.0915219,0.683473,0.681704,0.152154,4514.931641
13,484.023,0.200272,0.905229,0.0262889,0.0750191,0.413428,1.41996,3.95912,0.0851202,0.62054,0.63406,0.138608,4998.955078
14,498.467,0.201767,0.905635,0.0271434,0.0755096,0.404845,1.41313,3.85653,0.0847257,0.594758,0.631786,0.134689,5497.421875
15,498.555,0.200141,0.906756,0.0282682,0.0755585,0.392014,1.4026,3.72016,0.0831986,0.5699,0.618952,0.129881,5995.976562
16,368.594,0.200587,0.906456,0.0281821,0.0770911,0.399716,1.41145,3.80979,0.0861417,0.585113,0.617204,0.132086,6364.570312
17,366.436,0.199514,0.906295,0.0282992,0.0766462,0.388363,1.3996,3.70485,0.0846783,0.56659,0.597882,0.12795,6731.005859
18,366.455,0.198567,0.905836,0.0278996,0.0781846,0.380492,1.39241,3.57914,0.0824095,0.548703,0.58195,0.123513,7097.460938
19,358.242,0.197761,0.90575,0.0277471,0.0786208,0.36831,1.38043,3.4645,0.0804041,0.531668,0.570559,0.119528,7455.703125
0,357.461,0.186443,0.889436,0.0152479,0.0633748,0.870389,1.83845,8.75819,0.101533,1.63961,0.815572,0.328006,357.460938
1,349.277,0.183399,0.892156,0.0179355,0.0672328,0.624472,1.6018,6.17437,0.095154,1.01909,0.726422,0.222307,706.738281
2,350.332,0.197577,0.898794,0.0237235,0.0683852,0.545102,1.536,5.25723,0.0932738,0.811763,0.715017,0.187669,1057.070312
3,352.09,0.193593,0.899331,0.0247302,0.0689538,0.502587,1.4956,4.75512,0.0927056,0.69399,0.700999,0.168,1409.160156
4,351.504,0.191185,0.896702,0.0223389,0.0691841,0.459175,1.4474,4.38448,0.0909055,0.62716,0.664087,0.154102,1760.664062
5,288.975,0.19007,0.897257,0.0232292,0.0700811,0.447293,1.43786,4.25748,0.0912414,0.605055,0.672268,0.150406,2049.638672
6,475.41,0.196907,0.89906,0.0247551,0.073978,0.53326,1.53105,5.02949,0.0987953,0.807846,0.72298,0.180147,2525.048828
7,333.418,0.199541,0.899648,0.0258252,0.076951,0.560694,1.56312,5.34995,0.106351,0.854674,0.774592,0.189047,2858.466797
8,350.195,0.197785,0.900692,0.0271041,0.0794443,0.573759,1.581,5.49791,0.111066,0.873158,0.820221,0.192917,3208.662109
9,350.195,0.195904,0.901078,0.0276869,0.0757569,0.519104,1.52363,4.95779,0.101035,0.787733,0.742737,0.174526,3558.857422
10,360.557,0.197168,0.902009,0.0282738,0.0757049,0.487165,1.49315,4.64041,0.0956242,0.737472,0.707297,0.163768,3919.414062
11,297.832,0.19891,0.902008,0.0281441,0.0757573,0.462987,1.4689,4.40746,0.0917907,0.699999,0.684719,0.155422,4217.246094
12,297.686,0.197832,0.902051,0.0281769,0.0770222,0.457009,1.46426,4.34022,0.0919112,0.685537,0.684787,0.153607,4514.931641
13,484.023,0.198824,0.902238,0.028506,0.0750979,0.418211,1.42405,3.96029,0.0854795,0.622696,0.637218,0.140279,4998.955078
14,498.467,0.197393,0.902163,0.0282096,0.0756142,0.407861,1.41385,3.85743,0.085181,0.596302,0.633673,0.13571,5497.421875
15,498.555,0.199571,0.901005,0.0266655,0.0758954,0.391362,1.39493,3.71961,0.0836157,0.570544,0.617554,0.129792,5995.976562
16,368.594,0.200864,0.901807,0.0275305,0.077431,0.399802,1.40657,3.80927,0.0865502,0.585727,0.616443,0.132235,6364.570312
17,366.436,0.201874,0.901834,0.0276279,0.0771766,0.388403,1.39504,3.70421,0.0850943,0.56719,0.596796,0.128034,6731.005859
18,366.455,0.200791,0.90205,0.0279404,0.0786044,0.381304,1.3899,3.57882,0.0827652,0.549517,0.581221,0.12386,7097.460938
19,358.242,0.199878,0.902663,0.028331,0.079041,0.369706,1.37974,3.46449,0.0807876,0.532649,0.570072,0.120106,7455.703125
0,357.461,0.188684,0.903628,0.0217634,0.0642867,0.897101,1.88678,8.79081,0.109525,1.6701,0.844238,0.336067,357.460938
1,349.277,0.210831,0.89978,0.0199552,0.0674974,0.634139,1.62137,6.19443,0.100503,1.03527,0.73872,0.225453,706.738281
2,350.332,0.20162,0.899159,0.0197409,0.0673512,0.542004,1.52826,5.27211,0.0969831,0.821576,0.714829,0.186413,1057.070312
3,352.09,0.197297,0.898997,0.0198609,0.0679838,0.498363,1.4852,4.76652,0.0960317,0.702211,0.697747,0.166535,1409.160156
4,351.504,0.194372,0.901574,0.0229271,0.0682214,0.462621,1.45534,4.39686,0.0939112,0.636121,0.666834,0.155144,1760.664062
5,288.975,0.19406,0.904072,0.0240612,0.0693566,0.451722,1.44921,4.27037,0.0941346,0.614288,0.675445,0.151929,2049.638672
6,475.41,0.198893,0.903063,0.0239659,0.0735099,0.537404,1.53794,5.04365,0.10208,0.820737,0.727506,0.181045,2525.048828
7,333.418,0.197231,0.902789,0.0242662,0.0760065,0.563155,1.56622,5.36353,0.109556,0.867162,0.776953,0.189572,2858.466797
8,350.195,0.195789,0.901239,0.023579,0.07829,0.572005,1.57511,5.50935,0.114279,0.885275,0.814241,0.192015,3208.662109
9,350.195,0.194285,0.900449,0.0228872,0.0748487,0.514857,1.51304,4.96722,0.103928,0.797931,0.735632,0.172826,3558.857422
10,360.557,0.196984,0.901012,0.0227731,0.0749612,0.48177,1.48052,4.64862,0.0983392,0.746513,0.699597,0.161784,3919.414062
11,297.832,0.199067,0.901257,0.0229721,0.0750869,0.458396,1.45771,4.41538,0.0943663,0.708547,0.677748,0.153702,4217.246094
12,297.686,0.198004,0.901563,0.0234737,0.0763478,0.453082,1.45447,4.34838,0.0944187,0.693869,0.678591,0.152085,4514.931641
13,484.023,0.200637,0.9023,0.0243257,0.0743849,0.415456,1.41647,3.96798,0.0877723,0.630491,0.632095,0.139185,4998.955078
14,498.467,0.198953,0.902754,0.024985,0.0749006,0.406188,1.40883,3.86496,0.0873364,0.603904,0.628861,0.134841,5497.421875
15,498.555,0.200262,0.902169,0.0246509,0.0750987,0.391356,1.39328,3.72758,0.085696,0.578096,0.614424,0.129333,5995.976562
16,368.594,0.199216,0.902757,0.025315,0.0765557,0.399732,1.40436,3.81795,0.0886926,0.593131,0.613924,0.131759,6364.570312
17,366.436,0.200494,0.903112,0.0258345,0.0761778,0.388763,1.39389,3.71265,0.0871935,0.574172,0.594577,0.12777,6731.005859
18,366.455,0.199506,0.903628,0.0265843,0.0776654,0.382115,1.38999,3.58726,0.0848222,0.556302,0.579482,0.123758,7097.460938
19,358.242,0.200912,0.904183,0.0269033,0.0781834,0.370275,1.37955,3.47249,0.0827292,0.539051,0.568171,0.119953,7455.703125
0,357.461,0.214927,0.91037,0.0297955,0.0629999,0.926169,1.92933,8.8,0.103471,1.65809,0.862279,0.342311,357.460938
1,349.277,0.201986,0.909228,0.0268558,0.0675851,0.651825,1.65549,6.19738,0.096419,1.02601,0.755169,0.228904,706.738281
2,350.332,0.195065,0.903967,0.0234853,0.0677382,0.551815,1.54701,5.26896,0.093428,0.812785,0.725266,0.188269,1057.070312
3,352.09,0.191986,0.902028,0.0225588,0.0692469,0.505419,1.49925,4.76322,0.0930959,0.694275,0.708749,0.167939,1409.160156
4,351.504,0.195599,0.902466,0.0237765,0.0698202,0.466844,1.46291,4.39371,0.091424,0.628569,0.676446,0.155656,1760.664062
5,288.975,0.193952,0.900079,0.0212215,0.0709359,0.450072,1.44231,4.26626,0.0916796,0.605459,0.679592,0.150647,2049.638672
6,475.41,0.19847,0.903139,0.0248677,0.0754457,0.540031,1.54348,5.03783,0.0995593,0.80878,0.733321,0.18114,2525.048828
7,333.418,0.19938,0.903248,0.0256425,0.0782829,0.566764,1.57394,5.35653,0.106927,0.855578,0.783062,0.190089,2858.466797
8,350.195,0.197619,0.903857,0.0265191,0.0802394,0.578523,1.58914,5.50234,0.111373,0.873839,0.825835,0.193656,3208.662109
9,350.195,0.199494,0.903969,0.0266096,0.0765456,0.521821,1.52895,4.96127,0.101357,0.787918,0.746762,0.174669,3558.857422
10,360.557,0.198026,0.903387,0.0256457,0.0763349,0.487416,1.49278,4.64272,0.095924,0.73703,0.709565,0.163199,3919.414062
11,297.832,0.199973,0.903466,0.0257903,0.0763503,0.463639,1.46924,4.4096,0.0920707,0.699655,0.687533,0.154978,4217.246094
12,297.686,0.201658,0.903711,0.0260982,0.0777478,0.457959,1.46552,4.34249,0.0922041,0.685131,0.688254,0.153214,4514.931641
13,484.023,0.199556,0.904169,0.026646,0.0756322,0.41987,1.42632,3.96255,0.0857379,0.622529,0.640538,0.140173,4998.955078
14,498.467,0.20083,0.904427,0.0261958,0.0764877,0.40909,1.4162,3.85929,0.0854808,0.596218,0.637285,0.13551,5497.421875
15,498.555,0.199305,0.905614,0.0264756,0.0766809,0.394807,1.40358,3.72221,0.0839885,0.570961,0.623386,0.13031,5995.976562
16,368.594,0.198356,0.905734,0.0268706,0.0781131,0.402758,1.41348,3.81174,0.0868817,0.585953,0.622152,0.132716,6364.570312
17,366.436,0.199022,0.905876,0.0271811,0.0777554,0.391495,1.40231,3.70682,0.0853921,0.567484,0.60267,0.128638,6731.005859
18,366.455,0.19807,0.905658,0.0269317,0.0792819,0.383666,1.39554,3.58109,0.0830772,0.549595,0.586427,0.124213,7097.460938
19,358.242,0.197306,0.905116,0.0262902,0.0797288,0.370722,1.38186,3.46611,0.081064,0.53235,0.574447,0.12005,7455.703125
0,357.461,0.220156,0.904726,0.0244226,0.0631342,0.919772,1.91205,8.8126,0.109293,1.67772,0.856978,0.340679,357.460938
1,349.277,0.218444,0.899782,0.0210549,0.0675469,0.64619,1.63457,6.20515,0.100391,1.03897,0.744174,0.227758,706.738281
2,350.332,0.206798,0.905739,0.0257731,0.0681194,0.557864,1.5575,5.28024,0.0967447,0.826231,0.72252,0.190756,1057.070312
3,352.09,0.208756,0.904954,0.0252367,0.0689744,0.512492,1.51166,4.7744,0.0956981,0.70617,0.70541,0.170773,1409.160156
4,351.504,0.203712,0.90426,0.0251439,0.0691756,0.471784,1.47036,4.40307,0.093651,0.638879,0.670478,0.157928,1760.664062
5,288.975,0.200925,0.903334,0.0245857,0.0703626,0.456725,1.45501,4.27368,0.0937941,0.615248,0.676454,0.15326,2049.638672
6,475.41,0.207212,0.902914,0.0242723,0.0745601,0.541163,1.54291,5.0466,0.10156,0.820964,0.726955,0.181871,2525.048828
7,333.418,0.210293,0.904683,0.0264995,0.0771851,0.569818,1.57818,5.3676,0.109158,0.868197,0.777793,0.191178,2858.466797
8,350.195,0.207492,0.902928,0.0251059,0.0794727,0.578151,1.58566,5.51443,0.11395,0.886099,0.817633,0.193402,3208.662109
9,350.195,0.208138,0.90237,0.0247221,0.0760854,0.52107,1.52425,4.97203,0.103673,0.798856,0.739084,0.174298,3558.857422
10,360.557,0.20999,0.902389,0.0236213,0.0760596,0.485776,1.48785,4.65247,0.0980968,0.74692,0.70215,0.162507,3919.414062
11,297.832,0.208245,0.902271,0.0232609,0.0758379,0.460907,1.46228,4.41875,0.0940699,0.70858,0.679628,0.153953,4217.246094
12,297.686,0.208822,0.902469,0.0240023,0.0770805,0.455734,1.45929,4.35146,0.094115,0.693907,0.680137,0.152345,4514.931641
13,484.023,0.210085,0.903107,0.0244411,0.0753565,0.417318,1.42022,3.97057,0.0874981,0.630362,0.633168,0.139251,4998.955078
14,498.467,0.207695,0.902386,0.0239514,0.075817,0.406196,1.40835,3.86658,0.0870537,0.603407,0.628715,0.134507,5497.421875
15,498.555,0.209399,0.902417,0.0239259,0.0760787,0.391786,1.39421,3.72922,0.0854515,0.577768,0.61489,0.129256,5995.976562
16,368.594,0.207928,0.902546,0.0243641,0.0775895,0.39977,1.40427,3.81913,0.0883499,0.593061,0.613362,0.131654,6364.570312
17,366.436,0.209097,0.902847,0.0247243,0.0773159,0.388275,1.39316,3.71379,0.0868716,0.573882,0.594223,0.127453,6731.005859
18,366.455,0.210158,0.902865,0.0246365,0.0789788,0.380722,1.3872,3.58793,0.0845254,0.55582,0.578885,0.123198,7097.460938
19,358.242,0.211078,0.903381,0.0247287,0.0795411,0.368847,1.3765,3.47313,0.0824904,0.53886,0.567891,0.119382,7455.703125
