Backup ID, Logical chunk num, Unique chunk num, Base chunk num, Delta chunk num, Logical chunk size, Unique chunk size, Base chunk size, Delta chunk size, LZ4_save size, Delta_save size, 
0,349658,181563,181563,0,2869463040,1586581660,838586441,0,747995219,0
1,700527,225166,225166,0,5748879360,2005085802,1074899975,0,930185827,0
2,1048641,266111,266111,0,8606402560,2401076896,1299402609,0,1101674287,0
3,1400928,309641,309641,0,11506227200,2823542516,1537885935,0,1285656581,0
4,1749773,350273,350273,0,14379182080,3221877633,1762328525,0,1459549108,0
5,2102412,391624,391624,0,17284945920,3626123370,1989802653,0,1636320717,0
6,2454706,434179,434179,0,20191088640,4041790630,2223204994,0,1818585636,0
7,2812109,475940,475940,0,23129180160,4435403046,2447377924,0,1988025122,0
8,3167314,516183,516183,0,26049710080,4815972298,2664674881,0,2151297417,0
9,3522400,556670,556670,0,28969748480,5198324110,2882935020,0,2315389090,0
10,3874982,595347,595347,0,31867842560,5565605388,3093377765,0,2472227623,0
11,4227381,634533,634533,0,34764001280,5937267741,3306221570,0,2631046171,0
12,4585507,676861,676861,0,37705349120,6332317969,3532410937,0,2799907032,0
13,4940662,717180,717180,0,40626268160,6713959396,3750246491,0,2963712905,0
14,5298219,756126,756126,0,43568435200,7082753289,3961384281,0,3121369008,0
15,5655036,794396,794396,0,46505267200,7445443641,4169180490,0,3276263151,0
16,6017260,834554,834554,0,49483950080,7823476615,4384887571,0,3438589044,0
17,6381829,874758,874758,0,52483553280,8201432140,4600656050,0,3600776090,0
18,6746630,914145,914145,0,55485675520,8572341154,4812676582,0,3759664572,0
19,7108426,954067,954067,0,58467983360,8948973987,5027630498,0,3921343489,0
20,7464498,993174,993174,0,61400565760,9319044274,5239231120,0,4079813154,0
21,7815621,1032218,1032218,0,64291246080,9690481972,5451583770,0,4238898202,0
22,8163270,1070694,1070694,0,67153766400,10057353438,5661793296,0,4395560142,0
23,8509462,1109121,1109121,0,70005688320,10423757412,5871705823,0,4552051589,0
24,8857126,1147034,1147034,0,72872611840,10785938053,6079531135,0,4706406918,0
25,9205823,1184724,1184724,0,75747768320,11145427019,6285848644,0,4859578375,0
26,9553238,1223126,1223126,0,78613667840,11511966758,6495861141,0,5016105617,0
27,9900471,1260887,1260887,0,81478348800,11872768927,6702829246,0,5169939681,0
28,10248239,1299161,1299161,0,84350238720,12237946237,6912114018,0,5325832219,0
29,10596588,1337206,1337206,0,87226378240,12600596594,7120016767,0,5480579827,0
30,10946481,1375853,1375853,0,90117150720,12968055455,7330414955,0,5637640500,0
31,11291923,1413211,1413211,0,92970352640,13325556050,7535757355,0,5789798695,0
32,11633491,1450134,1450134,0,95788369920,13679895037,7739604558,0,5940290479,0
33,11980449,1491772,1491772,0,98655385600,14076093037,7967784523,0,6108308514,0
34,12328874,1532659,1532659,0,101536942080,14465034928,8191530202,0,6273504726,0
35,12678852,1573224,1573224,0,104431165440,14850849290,8413076802,0,6437772488,0
36,13027926,1613137,1613137,0,107317770240,15231135114,8631491801,0,6599643313,0
37,13379379,1652971,1652971,0,110227466240,15609136396,8848351884,0,6760784512,0
38,13728163,1691563,1691563,0,113113917440,15977195134,9059891447,0,6917303687,0
39,14076885,1730035,1730035,0,116000757760,16345283035,9271252600,0,7074030435,0
40,14428208,1769259,1769259,0,118909593600,16718145370,9485077967,0,7233067403,0
41,14776888,1807925,1807925,0,121795717120,17086806716,9696686209,0,7390120507,0
42,15125521,1846954,1846954,0,124680949760,17458129194,9909589390,0,7548539804,0
43,15474430,1885464,1885464,0,127569377280,17824633621,10120013748,0,7704619873,0
44,15821608,1923538,1923538,0,130441646080,18187892099,10328610965,0,7859281134,0
45,16170670,1961503,1961503,0,133332664320,18550291606,10536700608,0,8013590998,0
46,16521828,1999608,1999608,0,136244039680,18912830265,10744833594,0,8167996671,0
47,16873063,2038050,2038050,0,139155404800,19278065298,10954293089,0,8323772209,0
48,17225102,2076957,2076957,0,142071173120,19646653058,11165570604,0,8481082454,0
49,17574419,2115318,2115318,0,144962355200,20012221789,11375288390,0,8636933399,0
50,17926301,2154337,2154337,0,147876433920,20382505558,11587520650,0,8794984908,0
51,18271894,2192243,2192243,0,150738626560,20744929295,11795252922,0,8949676373,0
52,18617702,2229865,2229865,0,153603604480,21104158522,12001379292,0,9102779230,0
53,18965640,2267172,2267172,0,156488765440,21459879139,12205664847,0,9254214292,0
54,19314713,2305354,2305354,0,159383644160,21823151729,12413826058,0,9409325671,0
55,19663418,2344057,2344057,0,162274867200,22191381180,12624654591,0,9566726589,0
56,20013675,2383448,2383448,0,165181665280,22565614286,12838505521,0,9727108765,0
57,20362245,2421236,2421236,0,168073625600,22926259665,13045226196,0,9881033469,0
58,20711122,2460140,2460140,0,170970521600,23297321455,13257275591,0,10040045864,0
59,21060301,2497568,2497568,0,173870110720,23653978445,13461930893,0,10192047552,0
60,21409582,2535174,2535174,0,176770754560,24012391341,13667431119,0,10344960222,0
61,21758839,2573456,2573456,0,179671726080,24376710915,13875926926,0,10500783989,0
62,22110179,2612534,2612534,0,182588170240,24746247844,14087355023,0,10658892821,0
63,22458283,2651107,2651107,0,185476454400,25113522953,14297618314,0,10815904639,0
64,22807536,2689545,2689545,0,188373995520,25479224907,14507041346,0,10972183561,0
65,23153242,2727239,2727239,0,191239946240,25840016130,14714022591,0,11125993539,0
66,23501375,2764639,2764639,0,194128947200,26197711913,14919276788,0,11278435125,0
67,23849800,2802055,2802055,0,197020743680,26555483219,15124532414,0,11430950805,0
68,24197521,2840113,2840113,0,199907051520,26919495546,15333057398,0,11586438148,0
69,24546857,2878491,2878491,0,202809763840,27285992635,15542665802,0,11743326833,0
70,24897909,2916854,2916854,0,205728215040,27651087447,15751696968,0,11899390479,0
71,25251386,2955664,2955664,0,208668569600,28019890005,15962648533,0,12057241472,0
72,25602695,2993999,2993999,0,211589539840,28385267946,16171899857,0,12213368089,0
73,25952879,3031642,3031642,0,214500464640,28744357655,16377856683,0,12366500972,0
74,26306780,3069665,3069665,0,217447301120,29106010902,16584985956,0,12521024946,0
75,26661969,3108343,3108343,0,220407265280,29473586437,16795166995,0,12678419442,0
76,27016854,3147052,3147052,0,223364904960,29841213287,17005350197,0,12835863090,0
77,27372834,3185939,3185939,0,226333276160,30210618529,17216450118,0,12994168411,0
78,27727488,3224888,3224888,0,229288622080,30580456393,17427810867,0,13152645526,0
79,28083712,3263563,3263563,0,232259921920,30947402258,17637574593,0,13309827665,0
80,28435875,3301590,3301590,0,235194050560,31309801095,17845055159,0,13464745936,0
81,28788926,3339470,3339470,0,238136698880,31670932755,18051848501,0,13619084254,0
82,29143842,3378802,3378802,0,241094256640,32043527381,18265135297,0,13778392084,0
83,29499437,3417432,3417432,0,244057620480,32411265351,18475458226,0,13935807125,0
84,29855034,3456001,3456001,0,247020236800,32778427332,18685532142,0,14092895190,0
