Backup ID, FPindex, SFindex, Deltaindex
0,14525040,192,0
1,18013280,192,0
2,21288880,192,0
3,24771280,192,0
4,28021840,192,0
5,31329920,192,0
6,34734320,192,0
7,38075200,192,0
8,41294640,192,0
9,44533600,192,0
10,47627760,192,0
11,50762640,192,0
12,54148880,192,0
13,57374400,192,0
14,60490080,192,0
15,63551680,192,0
16,66764320,192,0
17,69980640,192,0
18,73131600,192,0
19,76325360,192,0
20,79453920,192,0
21,82577440,192,0
22,85655520,192,0
23,88729680,192,0
24,91762720,192,0
25,94777920,192,0
26,97850080,192,0
27,100870960,192,0
28,103932880,192,0
29,106976480,192,0
30,110068240,192,0
31,113056880,192,0
32,116010720,192,0
33,119341760,192,0
34,122612720,192,0
35,125857920,192,0
36,129050960,192,0
37,132237680,192,0
38,135325040,192,0
39,138402800,192,0
40,141540720,192,0
41,144634000,192,0
42,147756320,192,0
43,150837120,192,0
44,153883040,192,0
45,156920240,192,0
46,159968640,192,0
47,163044000,192,0
48,166156560,192,0
49,169225440,192,0
50,172346960,192,0
51,175379440,192,0
52,178389200,192,0
53,181373760,192,0
54,184428320,192,0
55,187524560,192,0
56,190675840,192,0
57,193698880,192,0
58,196811200,192,0
59,199805440,192,0
60,202813920,192,0
61,205876480,192,0
62,209002720,192,0
63,212088560,192,0
64,215163600,192,0
65,218179120,192,0
66,221171120,192,0
67,224164400,192,0
68,227209040,192,0
69,230279280,192,0
70,233348320,192,0
71,236453120,192,0
72,239519920,192,0
73,242531360,192,0
74,245573200,192,0
75,248667440,192,0
76,251764160,192,0
77,254875120,192,0
78,257991040,192,0
79,261085040,192,0
80,264127200,192,0
81,267157600,192,0
82,270304160,192,0
83,273394560,192,0
84,276480080,192,0
