BackupID, OnlineSpeed(MB/s), Encalve ProcessTime(s), BackupSize, OnlineSize, OfflineSize, OfflineTime(s)
0, 365.829, 7.48035, 2869463040, 838586441, 838586441, 4.5e-05
1, 622.706, 4.40983, 2879416320, 1074899975, 1074899975, 2.1e-05
2, 586.75, 4.64448, 2857523200, 1299402609, 1299402609, 2.4e-05
3, 620.185, 4.45913, 2899824640, 1537885935, 1537885935, 2.1e-05
4, 621.244, 4.41029, 2872954880, 1762328525, 1762328525, 2.1e-05
5, 614.465, 4.50986, 2905763840, 1989802653, 1989802653, 2.5e-05
6, 609.326, 4.54849, 2906142720, 2223204994, 2223204994, 2e-05
7, 622.4, 4.5019, 2938091520, 2447377924, 2447377924, 2.5e-05
8, 622.837, 4.47185, 2920529920, 2664674881, 2664674881, 2.5e-05
9, 613.652, 4.53802, 2920038400, 2882935020, 2882935020, 1.9e-05
10, 628.134, 4.40008, 2898094080, 3093377765, 3093377765, 2.5e-05
11, 615.198, 4.4896, 2896158720, 3306221570, 3306221570, 1.9e-05
12, 617.838, 4.54017, 2941347840, 3532410937, 3532410937, 2.5e-05
13, 601.166, 4.63367, 2920919040, 3750246491, 3750246491, 2.1e-05
14, 616.146, 4.5539, 2942167040, 3961384281, 3961384281, 2.6e-05
15, 621.582, 4.5059, 2936832000, 4169180490, 4169180490, 2e-05
16, 607.728, 4.67429, 2978682880, 4384887571, 4384887571, 2.5e-05
17, 618.842, 4.62258, 2999603200, 4600656050, 4600656050, 2.5e-05
18, 629.938, 4.54497, 3002122240, 4812676582, 4812676582, 2.6e-05
19, 612.712, 4.6419, 2982307840, 5027630498, 5027630498, 1.9e-05
20, 614.091, 4.55426, 2932582400, 5239231120, 5239231120, 2e-05
21, 623.289, 4.42294, 2890680320, 5451583770, 5451583770, 2e-05
22, 611.085, 4.46732, 2862520320, 5661793296, 5661793296, 2.4e-05
23, 625.345, 4.34929, 2851921920, 5871705823, 5871705823, 2.6e-05
24, 611.839, 4.46868, 2866923520, 6079531135, 6079531135, 2.5e-05
25, 622.318, 4.40605, 2875156480, 6285848644, 6285848644, 2.9e-05
26, 608.349, 4.49271, 2865899520, 6495861141, 6495861141, 1.9e-05
27, 624.874, 4.37204, 2864680960, 6702829246, 6702829246, 2.8e-05
28, 627.111, 4.3674, 2871889920, 6912114018, 6912114018, 2.5e-05
29, 608.278, 4.50929, 2876139520, 7120016767, 7120016767, 2.2e-05
30, 617.369, 4.46549, 2890772480, 7330414955, 7330414955, 2e-05
31, 628.486, 4.32949, 2853201920, 7535757355, 7535757355, 2.4e-05
32, 586.132, 4.5851, 2818017280, 7739604558, 7739604558, 2.5e-05
33, 606.023, 4.51171, 2867015680, 7967784523, 7967784523, 4.3e-05
34, 601.569, 4.56817, 2881556480, 8191530202, 8191530202, 2.5e-05
35, 619.015, 4.45893, 2894223360, 8413076802, 8413076802, 2.4e-05
36, 620.119, 4.43928, 2886604800, 8631491801, 8631491801, 2.4e-05
37, 620.884, 4.46927, 2909696000, 8848351884, 8848351884, 2.6e-05
38, 611.318, 4.50295, 2886451200, 9059891447, 9059891447, 2e-05
39, 608.099, 4.52739, 2886840320, 9271252600, 9271252600, 1.9e-05
40, 607.702, 4.56487, 2908835840, 9485077967, 9485077967, 1.9e-05
41, 615.739, 4.47011, 2886123520, 9696686209, 9696686209, 2.5e-05
42, 611.777, 4.49767, 2885232640, 9909589390, 9909589390, 2e-05
43, 614.202, 4.48488, 2888427520, 10120013748, 10120013748, 2.1e-05
44, 625.891, 4.37649, 2872268800, 10328610965, 10328610965, 2.6e-05
45, 612.079, 4.50447, 2891018240, 10536700608, 10536700608, 2.1e-05
46, 619.545, 4.48152, 2911375360, 10744833594, 10744833594, 2.5e-05
47, 607.637, 4.56933, 2911365120, 10954293089, 10954293089, 2.8e-05
48, 614.807, 4.52287, 2915768320, 11165570604, 11165570604, 2e-05
49, 597.176, 4.61714, 2891182080, 11375288390, 11375288390, 2.6e-05
50, 610.646, 4.55105, 2914078720, 11587520650, 11587520650, 2e-05
51, 604.867, 4.51273, 2862192640, 11795252922, 11795252922, 2.5e-05
52, 625.858, 4.36562, 2864977920, 12001379292, 12001379292, 2.5e-05
53, 608.222, 4.52385, 2885160960, 12205664847, 12205664847, 2.7e-05
54, 615.5, 4.48541, 2894878720, 12413826058, 12413826058, 2.4e-05
55, 611.264, 4.5108, 2891223040, 12624654591, 12624654591, 2.7e-05
56, 610.71, 4.53921, 2906798080, 12838505521, 12838505521, 2.2e-05
57, 611.57, 4.50969, 2891960320, 13045226196, 13045226196, 2e-05
58, 609.946, 4.52941, 2896896000, 13257275591, 13257275591, 1.9e-05
59, 631.811, 4.37673, 2899589120, 13461930893, 13461930893, 2.6e-05
60, 620.076, 4.46118, 2900643840, 13667431119, 13667431119, 2e-05
61, 612.018, 4.52042, 2900971520, 13875926926, 13875926926, 2e-05
62, 614.612, 4.52535, 2916444160, 14087355023, 14087355023, 2.6e-05
63, 618.382, 4.45434, 2888284160, 14297618314, 14297618314, 2.6e-05
64, 611.27, 4.52061, 2897541120, 14507041346, 14507041346, 2e-05
65, 611.542, 4.46933, 2865950720, 14714022591, 14714022591, 2.5e-05
66, 629.299, 4.37815, 2889000960, 14919276788, 14919276788, 2e-05
67, 625.909, 4.40612, 2891796480, 15124532414, 15124532414, 1.9e-05
68, 616.314, 4.46622, 2886307840, 15333057398, 15333057398, 2.5e-05
69, 625.228, 4.42757, 2902712320, 15542665802, 15542665802, 2e-05
70, 610.947, 4.55564, 2918451200, 15751696968, 15751696968, 2e-05
71, 572.542, 4.89771, 2940354560, 15962648533, 15962648533, 2e-05
72, 617.173, 4.51357, 2920970240, 16171899857, 16171899857, 2.4e-05
73, 619.591, 4.48049, 2910924800, 16377856683, 16377856683, 2e-05
74, 633.653, 4.43511, 2946836480, 16584985956, 16584985956, 2.6e-05
75, 616.629, 4.57786, 2959964160, 16795166995, 16795166995, 2.5e-05
76, 620.908, 4.54274, 2957639680, 17005350197, 17005350197, 2.1e-05
77, 623.949, 4.53701, 2968371200, 17216450118, 17216450118, 2.3e-05
78, 617.754, 4.5624, 2955345920, 17427810867, 17427810867, 3.4e-05
79, 617.604, 4.58814, 2971299840, 17637574593, 17637574593, 2.7e-05
80, 629.621, 4.44427, 2934128640, 17845055159, 17845055159, 2e-05
81, 620.795, 4.52054, 2942648320, 18051848501, 18051848501, 2.4e-05
82, 611.33, 4.61379, 2957557760, 18265135297, 18265135297, 2.5e-05
83, 630.497, 4.48231, 2963363840, 18475458226, 18475458226, 2.6e-05
84, 616.959, 4.57951, 2962616320, 18685532142, 18685532142, 2.4e-05
