Backup ID, Ecall, Inline_Ocall, Offline_Ocall, _Inline_FPOcall, _Inline_SFOcall, _Inline_LocalOcall, _Inline_LoadOcall, _Inline_DeltaOcall, _Inline_RecipeOcall, _Inline_Write_ContainerOcall, _inline_have_similar_chunk_num, _inline_need_load_container_num
0,2734,3073,0,2732,0,0,0,0,341,201,0,0,
1,5478,6157,0,5474,0,0,0,0,683,258,0,0,
2,8200,9216,0,8194,0,0,0,0,1022,312,0,0,
3,10955,12313,0,10947,0,0,0,0,1366,370,0,0,
4,13683,15379,0,13673,0,0,0,0,1706,424,0,0,
5,16440,18478,0,16428,0,0,0,0,2050,479,0,0,
6,19195,21575,0,19181,0,0,0,0,2394,535,0,0,
7,21990,24717,0,21974,0,0,0,0,2743,589,0,0,
8,24768,27839,0,24750,0,0,0,0,3089,642,0,0,
9,27545,30960,0,27525,0,0,0,0,3435,695,0,0,
10,30302,34059,0,30280,0,0,0,0,3779,746,0,0,
11,33058,37157,0,33034,0,0,0,0,4123,797,0,0,
12,35858,40304,0,35832,0,0,0,0,4472,852,0,0,
13,38635,43425,0,38607,0,0,0,0,4818,905,0,0,
14,41431,46568,0,41401,0,0,0,0,5167,956,0,0,
15,44221,49704,0,44189,0,0,0,0,5515,1006,0,0,
16,47053,52887,0,47019,0,0,0,0,5868,1058,0,0,
17,49904,56092,0,49868,0,0,0,0,6224,1110,0,0,
18,52757,59298,0,52718,0,0,0,0,6580,1161,0,0,
19,55586,62478,0,55545,0,0,0,0,6933,1213,0,0,
20,58370,65607,0,58327,0,0,0,0,7280,1264,0,0,
21,61116,68693,0,61071,0,0,0,0,7622,1315,0,0,
22,63835,71748,0,63787,0,0,0,0,7961,1366,0,0,
23,66542,74791,0,66492,0,0,0,0,8299,1417,0,0,
24,69261,77847,0,69209,0,0,0,0,8638,1467,0,0,
25,71988,80912,0,71934,0,0,0,0,8978,1517,0,0,
26,74705,83966,0,74649,0,0,0,0,9317,1568,0,0,
27,77420,87018,0,77362,0,0,0,0,9656,1618,0,0,
28,80139,90074,0,80079,0,0,0,0,9995,1669,0,0,
29,82863,93136,0,82801,0,0,0,0,10335,1719,0,0,
30,85599,96211,0,85535,0,0,0,0,10676,1770,0,0,
31,88300,99247,0,88234,0,0,0,0,11013,1820,0,0,
32,90971,102249,0,90903,0,0,0,0,11346,1869,0,0,
33,93684,105298,0,93614,0,0,0,0,11684,1924,0,0,
34,96409,108361,0,96337,0,0,0,0,12024,1978,0,0,
35,99146,111437,0,99072,0,0,0,0,12365,2032,0,0,
36,101876,114505,0,101800,0,0,0,0,12705,2085,0,0,
37,104624,117594,0,104546,0,0,0,0,13048,2137,0,0,
38,107351,120659,0,107271,0,0,0,0,13388,2188,0,0,
39,110078,123724,0,109996,0,0,0,0,13728,2239,0,0,
40,112825,126812,0,112741,0,0,0,0,14071,2291,0,0,
41,115552,129877,0,115466,0,0,0,0,14411,2342,0,0,
42,118278,132941,0,118190,0,0,0,0,14751,2393,0,0,
43,121006,136007,0,120916,0,0,0,0,15091,2444,0,0,
44,123721,139059,0,123629,0,0,0,0,15430,2494,0,0,
45,126451,142127,0,126357,0,0,0,0,15770,2544,0,0,
46,129197,145213,0,129101,0,0,0,0,16112,2594,0,0,
47,131944,148301,0,131846,0,0,0,0,16455,2645,0,0,
48,134697,151395,0,134597,0,0,0,0,16798,2696,0,0,
49,137429,154466,0,137327,0,0,0,0,17139,2747,0,0,
50,140181,157559,0,140077,0,0,0,0,17482,2798,0,0,
51,142883,160596,0,142777,0,0,0,0,17819,2848,0,0,
52,145587,163635,0,145479,0,0,0,0,18156,2898,0,0,
53,148308,166693,0,148198,0,0,0,0,18495,2947,0,0,
54,151038,169761,0,150926,0,0,0,0,18835,2997,0,0,
55,153765,172826,0,153651,0,0,0,0,19175,3048,0,0,
56,156504,175905,0,156388,0,0,0,0,19517,3100,0,0,
57,159230,178969,0,159112,0,0,0,0,19857,3150,0,0,
58,161958,182035,0,161838,0,0,0,0,20197,3201,0,0,
59,164688,185103,0,164566,0,0,0,0,20537,3250,0,0,
60,167419,188173,0,167295,0,0,0,0,20878,3300,0,0,
61,170150,191243,0,170024,0,0,0,0,21219,3350,0,0,
62,172897,194331,0,172769,0,0,0,0,21562,3401,0,0,
63,175619,197390,0,175489,0,0,0,0,21901,3452,0,0,
64,178350,200460,0,178218,0,0,0,0,22242,3503,0,0,
65,181053,203498,0,180919,0,0,0,0,22579,3553,0,0,
66,183775,206557,0,183639,0,0,0,0,22918,3603,0,0,
67,186500,209620,0,186362,0,0,0,0,23258,3653,0,0,
68,189219,212676,0,189079,0,0,0,0,23597,3703,0,0,
69,191951,215747,0,191809,0,0,0,0,23938,3754,0,0,
70,194696,218832,0,194552,0,0,0,0,24280,3805,0,0,
71,197460,221939,0,197314,0,0,0,0,24625,3856,0,0,
72,200207,225027,0,200059,0,0,0,0,24968,3907,0,0,
73,202945,228104,0,202795,0,0,0,0,25309,3957,0,0,
74,205712,231214,0,205560,0,0,0,0,25654,4007,0,0,
75,208489,234335,0,208335,0,0,0,0,26000,4058,0,0,
76,211264,237454,0,211108,0,0,0,0,26346,4109,0,0,
77,214048,240583,0,213890,0,0,0,0,26693,4160,0,0,
78,216821,243700,0,216661,0,0,0,0,27039,4211,0,0,
79,219606,246830,0,219444,0,0,0,0,27386,4262,0,0,
80,222360,249925,0,222196,0,0,0,0,27729,4312,0,0,
81,225121,253028,0,224955,0,0,0,0,28073,4362,0,0,
82,227896,256147,0,227728,0,0,0,0,28419,4414,0,0,
83,230677,259273,0,230507,0,0,0,0,28766,4465,0,0,
84,233458,262399,0,233286,0,0,0,0,29113,4516,0,0,
