Backup ID, Logical chunk num, Unique chunk num, Base chunk num, Delta chunk num, Logical chunk size, Unique chunk size, Base chunk size, Delta chunk size, LZ4_save size, Delta_save size, 
0,47270,45091,44906,185,374824960,355493664,226778392,121741,127105196,1488335
1,93760,63193,55042,8151,741068800,495103669,276876678,1019078,157209591,59998322
2,140254,80435,64956,15479,1108418560,629979924,326130754,1945442,187875873,114027855
3,186916,97135,73703,23432,1477611520,759367472,369959110,3010284,214857282,171540796
4,233561,111930,81013,30917,1846190080,875009206,405273814,3887905,239471087,226376400
5,271616,126584,88605,37979,2149201920,988912863,440039456,4864054,265607981,278401372
6,333509,182509,141061,41448,2647705600,1439024217,689670701,6119483,439458949,303775084
7,375631,217536,168543,48993,2997319680,1732574333,808565126,7590981,551535719,364882507
8,419564,249310,186786,62524,3364526080,1998004082,898382385,13107264,609392653,477121780
9,463497,249332,186803,62529,3731732480,1998126473,898401762,13109678,609467345,477147688
10,511234,257100,192244,64856,4109803520,2059446492,925435374,13395870,627482434,493132814
11,550375,262844,195738,67106,4422103040,2104629607,941158677,13626908,641489752,508354270
12,589502,277512,203370,74142,4734248960,2218783128,977995145,14643304,666609202,559535477
13,652520,280730,203848,76882,5241784320,2241418287,979899047,14982995,668093116,578443129
14,717905,300858,213230,87628,5764464640,2400783295,1022062720,16357274,699205910,663157391
15,783325,316129,219259,96870,6287237120,2525462985,1051320475,17350474,720079949,736712087
16,829595,341773,229813,111960,6673735680,2745488039,1097826529,27941190,763390160,856330160
17,875466,350721,231287,119434,7057971200,2823472834,1103415093,36095331,769338914,914623496
18,923854,357394,235433,121961,7442227200,2876277470,1121773616,36351279,786231259,931921316
19,971484,363629,238839,124790,7817871360,2924628193,1136007917,35793553,800484028,952342695
20,1019179,369592,241952,127640,8194682880,2971142827,1148614370,36083191,814304854,972140412
21,1067026,375496,244953,130543,8573368320,3017413239,1160508599,36452686,828132770,992319184
22,1112897,375519,244965,130554,8957603840,3017536324,1160521538,36456139,828178846,992379801
23,1158768,375540,244968,130572,9341839360,3017643824,1160522907,36460146,828191301,992469470
24,1207545,391103,253613,137490,9731287040,3147129212,1206730950,37280640,854279952,1048837670
25,1256392,394790,254419,140371,10121338880,3173146392,1210912305,37518442,855835293,1068880352
26,1305302,398504,254946,143558,10512404480,3198894091,1212754100,37870699,857498046,1090771246
27,1354172,412295,260711,151584,10903429120,3314601417,1241692405,38778793,877608057,1156522162
28,1402940,415863,261360,154503,11293941760,3340115247,1245583284,39092286,878676035,1176763642
29,1443085,436186,270198,165988,11619184640,3504542465,1289047810,41022726,907299398,1267172531
30,1483217,452933,276563,176370,11944468480,3640857118,1319198950,42403226,929665536,1349589406
31,1523363,455386,276964,178422,12269639680,3659050396,1321365300,42645941,930542739,1364496416
32,1563546,457878,277468,180410,12595281920,3677505788,1324227407,42877524,931545300,1378855557
33,1603775,460343,277939,182404,12921047040,3695746745,1327060164,43029796,932454340,1393202445
34,1648884,470364,281935,188429,13298063360,3789919389,1338966902,56797994,958819663,1435334830
35,1694029,478149,283022,195127,13675489280,3861312313,1343208200,62229059,963670321,1492204733
36,1741440,485699,283598,202101,14072944640,3929958353,1345889422,70257819,965961874,1547849238
37,1788524,505702,288761,216941,14468106240,4101652910,1371728513,81637411,982279667,1666007319
38,1835523,513397,289838,223559,14863370240,4171832822,1375918839,90963111,988861328,1716089544
39,1876216,530689,298574,232115,15191316480,4311487807,1419192392,91513039,1015308221,1785474155
40,1913449,545953,303512,242441,15492782080,4436563133,1443434043,93350824,1031332878,1868445388
41,1950738,563025,309573,253452,15794718720,4575785202,1473311231,95459459,1050406200,1956608312
42,1988065,578196,315767,262429,16096768000,4699732147,1506090538,96835347,1067735697,2029070565
43,2025433,582690,317031,265659,16399237120,4732139714,1511741693,97464392,1071536920,2051396709
44,2074134,597635,324560,273075,16789903360,4856818378,1551221809,99768084,1095669552,2110158933
45,2122847,600194,325156,275038,17180590080,4875734367,1554936853,99803032,1096694136,2124300346
46,2171519,603472,325602,277870,17570560000,4899115325,1557190447,100168645,1097903705,2143852528
47,2220326,618425,331007,287418,17961431040,5021636387,1581581256,101700241,1118324523,2220030367
48,2257694,618450,331015,287435,18263900160,5021781860,1581586327,101703639,1118356325,2220135569
49,2307202,622086,332883,289203,18659973120,5049354401,1594925787,101922440,1120003713,2232502461
50,2356622,624875,333577,291298,19055656960,5069977693,1599484977,102147540,1120935182,2247409994
51,2405612,636347,337713,298634,19468840960,5177786411,1615431586,121516811,1143961246,2296876768
52,2447006,637794,338163,299631,19802460160,5189341117,1618439324,121652879,1144663796,2304585118
53,2484962,639336,338821,300515,20109813760,5201673249,1623157351,121495792,1145379978,2311640128
54,2522969,640807,339313,301494,20417689600,5213578195,1626504283,121620508,1146044069,2319409335
55,2561009,642051,339697,302354,20725667840,5223559501,1629099305,121692662,1146615122,2326152412
56,2599098,643311,339955,303356,21034076160,5233628060,1630617287,121787567,1147170388,2334052818
57,2639876,645916,340528,305388,21364449280,5252952705,1634112742,122210901,1148102699,2348526363
58,2680677,648640,341204,307436,21695129600,5273120641,1638271927,122527926,1149150343,2363170445
59,2721490,651174,341618,309556,22025707520,5292001087,1640653072,122873776,1149959510,2378514729
60,2762338,653720,342035,311685,22356746240,5310963607,1643163846,123081292,1150755089,2393963380
61,2803249,656273,342413,313860,22687907840,5329807731,1645300624,123289901,1151481665,2409735541
62,2850269,667060,344261,322799,23082076160,5426033199,1651611514,134531584,1161935444,2477954657
63,2897423,675589,344945,330644,23477360640,5503728992,1654443115,143749297,1164718222,2540818358
64,2946849,684080,345609,338471,23892674560,5580869610,1657111019,151971181,1167658536,2604128874
65,2995937,692541,346186,346355,24305715200,5657844301,1659353595,160037179,1170263799,2668189728
66,3034026,692567,346199,346368,24614123520,5657992401,1659367588,160041928,1170314027,2668268858
67,3083892,695994,347762,348232,25014067200,5683878422,1667855650,160025563,1174192217,2681804992
68,3133068,710148,354053,356095,25406832640,5802337491,1700969417,161117329,1194373200,2745877545
69,3182530,712856,354801,358055,25803069440,5822555219,1706208413,161167343,1195345034,2759834429
70,3220619,712881,354805,358076,26111477760,5822699186,1706210303,161173548,1195361576,2759953759
71,3263035,735096,375526,359570,26455859200,6005656824,1823047136,161757132,1249707778,2771144778
72,3307336,746419,384460,361959,26815508480,6098796294,1871425319,162309734,1275440239,2789621002
73,3350218,752391,388909,363482,27163023360,6147772247,1896392104,162599078,1287032074,2801748991
74,3393144,753605,389237,364368,27510743040,6157487549,1898598035,162711128,1287509345,2808669041
75,3436144,759571,392799,366772,27858503680,6204746036,1916223185,163104622,1298495936,2826922293
76,3479144,762358,393457,368901,28206233600,6225611499,1919750026,163383966,1300109615,2842367892
77,3523445,770570,398643,371927,28565800960,6291053095,1944969810,163948544,1317547671,2864587070
78,3567732,772866,399074,373792,28925265920,6310049010,1947262246,164145485,1318886415,2879754864
79,3612081,781297,403986,377311,29285120000,6376027080,1970243811,164868543,1335996890,2904917836
80,3656412,784282,404512,379770,29644994560,6399193338,1972591536,165184776,1337836440,2923580586
81,3700674,787566,405348,382218,30004213760,6425556325,1976984256,165443731,1339998979,2943129359
82,3740691,798725,414970,383755,30326528000,6515039713,2029650888,165989444,1364654771,2954744610
83,3783372,805381,419415,385966,30671964160,6567954497,2052770853,166477129,1377447706,2971258809
84,3825950,810353,422772,387581,31016939520,6607659097,2070129725,166942140,1387492143,2983095089
85,3868596,815960,425405,390555,31362539520,6650687784,2087491215,167555367,1391304924,3004336278
86,3910995,819466,426341,393125,31706787840,6677029366,2092634845,167805534,1393639524,3022949463
87,3953403,821838,426614,395224,32051159040,6694505446,2093606770,167985485,1394666692,3038246499
88,3997704,821859,426620,395239,32410808320,6694628515,2093615982,167989126,1394696563,3038326844
89,4042378,824073,428540,395533,32773447680,6712487789,2108176648,168070628,1395858016,3040382497
90,4086956,826102,429664,396438,33135206400,6728833826,2116891034,168220864,1396464689,3047257239
91,4131606,827496,430183,397313,33497640960,6740028415,2120536285,168353062,1397010707,3054128361
92,4176284,834288,434349,399939,33860229120,6794113241,2140114116,168895396,1411939758,3073163971
93,4220932,838026,435013,403013,34222755840,6822115611,2142659635,170696084,1414255462,3094504430
94,4265582,838047,435018,403029,34585190400,6822244413,2142663491,170698494,1414274816,3094607612
