Backup ID, FPindex, SFindex, Deltaindex
0,3607280,8562432,10176
1,5055440,10505600,514400
2,6434800,12396928,822592
3,7770800,14072704,1125152
4,8954400,15473280,1404416
5,10126720,16928384,1674976
6,14600720,26923968,1830656
7,17402880,31896000,2259392
8,19944800,35338560,2886368
9,19946560,35341120,2886624
10,20568000,36384896,2970176
11,21027520,37055616,3058368
12,22200960,38518784,3311872
13,22458400,38610368,3445600
14,24068640,40407488,3875040
15,25290320,41564800,4194112
16,27341840,43565760,4787744
17,28057680,43806144,5092096
18,28591520,44600832,5186784
19,29090320,45252544,5292352
20,29567360,45848768,5395040
21,30039680,46424128,5499136
22,30041520,46426432,5499680
23,30043200,46427008,5500512
24,31288240,48085568,5740832
25,31583200,48239552,5854784
26,31880320,48339136,5968416
27,32983600,49444864,6258144
28,33269040,49568704,6360160
29,34894880,51258496,6782368
30,36234640,52475264,7140832
31,36430880,52550272,7214656
32,36630240,52645952,7285952
33,36827440,52735296,7358144
34,37629120,53465024,7574592
35,38251920,53645120,7841376
36,38855920,53738752,8081824
37,40456160,54681600,8597984
38,41071760,54849792,8828960
39,42455120,56514048,9125216
40,43676240,57450432,9520896
41,45042000,58579968,9914528
42,46255680,59731520,10227488
43,46615200,59969728,10347680
44,47810800,61408256,10606944
45,48015520,61521280,10678560
46,48277760,61605248,10779776
47,49474000,62635200,11120320
48,49476000,62636672,11121248
49,49766880,62993920,11179904
50,49990000,63126144,11260000
51,50907760,63892288,11526976
52,51023520,63978688,11576416
53,51146880,64104064,11610208
54,51264560,64197632,11647456
55,51364080,64255168,11677440
56,51464880,64302528,11712512
57,51673280,64410112,11788128
58,51891200,64538240,11863936
59,52093920,64615488,11938368
60,52297600,64692416,12011232
61,52501840,64763392,12084768
62,53364800,65095808,12429568
63,54047120,65193088,12709152
64,54726400,65304384,12972064
65,55403280,65367296,13239584
66,55405360,65369728,13240192
67,55679520,65668224,13303392
68,56811840,66871168,13571872
69,57028480,67012928,13641952
70,57030480,67013696,13642944
71,58807680,70986752,13727840
72,59713520,72700224,13847040
73,60191280,73553856,13918336
74,60288400,73616704,13951424
75,60765680,74300224,14039232
76,60988640,74424832,14113504
77,61645600,75417664,14221632
78,61829280,75495168,14297248
79,62503760,76434368,14421696
80,62742560,76534272,14517280
81,63005280,76693568,14610400
82,63898000,78534336,14681728
83,64430480,79384896,14774016
84,64828240,80027840,14836416
85,65276800,80530944,14944160
86,65557280,80701312,15031424
87,65747040,80752000,15101248
88,65748720,80752960,15101952
89,65925840,81121600,15112608
90,66088160,81335104,15163104
91,66199680,81410560,15198144
92,66743040,82208448,15294880
93,67042080,82333248,15412000
94,67043760,82334208,15412704
