Backup ID, Online Delta_save, Offline Delta_save, Offline delta time, Offline dedelta time, Offline delete time, Offline Delta chunk num
0,1488335,0,0,0,0,0
1,59968609,29713,31,28,4,3
2,113976966,50889,44,37,9,7
3,171336519,204277,124,97,19,27
4,225805894,570506,325,241,39,84
5,277766440,634932,412,317,49,95
6,303140152,634932,412,317,49,95
7,363560726,1321781,566,382,76,184
8,474611174,2510606,1584,1212,125,372
9,474637082,2510606,1584,1212,125,372
10,490622208,2510606,1584,1212,125,372
11,505843664,2510606,1584,1212,125,372
12,554586641,4948836,3441,2664,184,777
13,572661032,5782097,3894,3001,221,893
14,654342842,8814549,6329,4956,255,1373
15,727884463,8827624,6331,4957,257,1374
16,839364704,16965456,11508,8804,337,2704
17,868738146,45885350,20220,13819,371,6401
18,884937217,46984099,21538,14964,414,6574
19,902439822,49902873,24027,17149,487,6878
20,918112779,54027633,28595,21095,557,7500
21,935363396,56955788,31900,23985,615,7915
22,935424013,56955788,31900,23985,615,7915
23,935513682,56955788,31900,23985,615,7915
24,991153377,57684293,33105,25076,672,8029
25,1009655940,59224412,34985,26732,743,8253
26,1029114381,61656865,37412,28706,814,8706
27,1093583112,62939050,39793,30875,881,8918
28,1112598312,64165330,41653,32540,955,9113
29,1192608141,74564390,51719,41000,1099,10719
30,1265723212,83866194,60845,48752,1232,12093
31,1277896397,86600019,64055,51592,1305,12463
32,1290672508,88183049,65417,52757,1331,12660
33,1301909096,91293349,69755,56666,1413,13089
34,1316601688,118733142,81550,64207,1477,17343
35,1351393407,140811326,93672,73973,1557,19699
36,1376046029,171803209,111855,88038,1665,23817
37,1450204664,215802655,141340,111738,1846,29602
38,1468503152,247586392,162868,128972,1928,33896
39,1527938341,257535814,173697,138535,2089,35162
40,1597913721,270531667,189499,152613,2267,36886
41,1666572748,290035564,212600,173156,2451,39444
42,1721739434,307331131,232918,191200,2654,41718
43,1737368708,314028001,241865,199088,2806,42777
44,1776356166,333802767,271547,226240,3007,45307
45,1787359193,336941153,277455,231719,3132,45736
46,1802656825,341195703,287012,240665,3274,46347
47,1853629318,366401049,319396,269883,3508,49513
48,1853734520,366401049,319396,269883,3508,49513
49,1863833374,368669087,325275,275423,3637,49852
50,1877671026,369738968,327952,277937,3729,50015
51,1891549274,405327494,354693,299047,3873,55646
52,1899257624,405327494,354693,299047,3873,55646
53,1903632489,408007639,360453,304505,3945,55948
54,1910333385,409075950,362319,306239,3982,56080
55,1915137597,411014815,363734,307403,4051,56331
56,1920261514,413791304,369529,312857,4109,56672
57,1928886867,419639496,385470,327954,4272,57516
58,1938808486,424361959,396323,338159,4411,58164
59,1949003429,429511300,408770,349896,4534,58874
60,1958164647,435798733,422995,363250,4677,59745
61,1967223614,442511927,435583,374940,4788,60643
62,1981441870,496512787,480824,413109,5050,67715
63,1996927599,543890759,513311,439682,5193,73629
64,2017598623,586530251,552220,473227,5359,78993
65,2024130401,644059327,606228,520227,5575,86001
66,2024209531,644059327,606228,520227,5575,86001
67,2032884499,648920493,624544,537887,5760,86657
68,2078652807,667224738,657260,568347,6030,88913
69,2087534273,672300156,673142,583534,6210,89608
70,2087653603,672300156,673142,583534,6210,89608
71,2098378661,672766117,673775,584101,6307,89674
72,2116512276,673108726,674075,584351,6344,89724
73,2128102386,673646605,674856,585056,6388,89800
74,2135004856,673664185,674863,585060,6395,89803
75,2151788065,675134228,675890,585898,6457,89992
76,2164295246,678072646,678396,588023,6558,90373
77,2182771526,681815544,681198,590331,6644,90867
78,2195998267,683756597,683325,592218,6699,91107
79,2215399182,689518654,688931,596931,6805,92000
80,2231767428,691813158,691508,599208,6873,92300
81,2248276477,694852882,694347,601675,6911,92672
82,2258282976,696461634,696802,603908,7020,92894
83,2271890726,699368083,699557,606275,7109,93282
84,2279524526,703570563,703784,609908,7243,93876
85,2295626824,708709454,709703,615139,7363,94564
86,2306695941,716253522,719256,623689,7488,95567
87,2315069584,723176915,727658,631208,7607,96450
88,2315137310,723189534,727669,631218,7609,96451
89,2316654059,723728438,728530,632005,7667,96525
90,2321747716,725509523,729818,633061,7713,96757
91,2326392723,727735638,731005,633963,7767,97042
92,2341769136,731394835,735444,637901,7885,97543
93,2361296954,733207476,740447,642326,7972,98121
94,2361400136,733207476,740447,642326,7972,98121
