BackupID, OnlineSpeed(MB/s), Encalve ProcessTime(s), BackupSize, OnlineSize, OfflineSize, OfflineTime(s)
0, 102.741, 3.47924, 374824960, 226900133, 226900133, 0.000473
1, 195.864, 1.78327, 366243840, 277901624, 277895756, 0.113192
2, 201.326, 1.74013, 367349760, 328081828, 328076196, 0.14994
3, 205.873, 1.71023, 369192960, 373022227, 372969394, 0.253697
4, 214.747, 1.63683, 368578560, 409280572, 409161719, 0.509092
5, 188.349, 1.53425, 303011840, 444930770, 444903510, 0.208696
6, 103.279, 4.60318, 498503680, 695790184, 695790184, 0.001153
7, 106.593, 3.12796, 349614080, 816535676, 816156107, 0.673503
8, 118.18, 2.96324, 367206400, 912141709, 911489649, 1.6159
9, 678.182, 0.516374, 367206400, 911511440, 911511440, 0.001798
10, 310.059, 1.16287, 378071040, 938831244, 938831244, 0.001624
11, 311.727, 0.955426, 312299520, 954785585, 954785585, 0.001587
12, 184.686, 1.61185, 312145920, 993728031, 992638449, 2.23876
13, 458.369, 1.05597, 507535360, 995387329, 994882042, 0.972499
14, 212.685, 2.34369, 522680320, 1040521119, 1038419994, 2.54381
15, 247.603, 2.01352, 522772480, 1068670723, 1068670949, 0.030045
16, 144.041, 2.55894, 386498560, 1127683156, 1125767719, 5.89562
17, 267.985, 1.36737, 384235520, 1144810949, 1139510424, 9.37242
18, 295.251, 1.24117, 384256000, 1158692288, 1158124895, 1.66731
19, 318.352, 1.1253, 375644160, 1173934472, 1171801470, 2.74421
20, 330.604, 1.08696, 376811520, 1187246341, 1184697561, 3.96214
21, 329.206, 1.09701, 378685440, 1199055324, 1196961285, 2.7792
22, 670.957, 0.546139, 384235520, 1196977677, 1196977677, 0.002282
23, 688.345, 0.532343, 384235520, 1196983053, 1196983053, 0.002124
24, 205.631, 1.80618, 389447680, 1244333077, 1244011590, 1.6862
25, 373.374, 0.996273, 390051840, 1249352988, 1248430747, 2.16861
26, 368.586, 1.01184, 391065600, 1251559117, 1250624799, 2.64404
27, 218.931, 1.70332, 391024640, 1281079161, 1280471198, 2.51106
28, 361.571, 1.03001, 390512640, 1285173599, 1284675570, 2.22686
29, 144.416, 2.1478, 325242880, 1335681699, 1330070536, 9.14927
30, 164.303, 1.88807, 325283840, 1366664715, 1361602176, 8.75128
31, 372.054, 0.833502, 325171200, 1366115262, 1364011241, 3.51798
32, 382.987, 0.81088, 325642240, 1368645196, 1367104931, 1.36227
33, 378.008, 0.821872, 325765120, 1372422258, 1370089960, 3.70722
34, 265.351, 1.355, 377016320, 1396591801, 1395764896, 12.3798
35, 297.371, 1.21041, 377425920, 1413065184, 1405437259, 10.8633
36, 313.127, 1.21051, 397455360, 1424459741, 1416147241, 15.798
37, 170.329, 2.21251, 395161600, 1463060292, 1453365924, 26.5826
38, 305.574, 1.23359, 395264000, 1472890247, 1466881950, 19.1333
39, 158.67, 1.9711, 327946240, 1517150751, 1510705431, 9.38847
40, 159.091, 1.80714, 301465600, 1545475517, 1536784867, 13.3268
41, 144.125, 1.99791, 301936640, 1580422720, 1568770690, 19.4934
42, 156.696, 1.83832, 302049280, 1613237681, 1602925885, 17.6324
43, 292.048, 0.987703, 302469120, 1613527725, 1609206085, 8.36307
44, 187.86, 1.98322, 390666240, 1662324642, 1650989893, 22.0256
45, 390.524, 0.954071, 390686720, 1656906332, 1654739885, 5.67413
46, 349.274, 1.06479, 389969920, 1660408039, 1657359092, 7.52181
47, 182.834, 2.03881, 390871040, 1699785418, 1683281497, 25.5224
48, 636.259, 0.453364, 302469120, 1683289966, 1683289966, 0.003153
49, 359.09, 1.05189, 396072960, 1698204618, 1696848227, 5.22726
50, 379.366, 0.994696, 395683840, 1702068173, 1701632517, 2.92843
51, 263.216, 1.49703, 413184000, 1736593204, 1736948397, 23.0553
52, 462.694, 0.687634, 333619200, 1740092203, 1740092203, 0.004605
53, 474.496, 0.61774, 307353600, 1747094880, 1744653143, 4.3495
54, 450.215, 0.652162, 307875840, 1749166096, 1748124791, 1.5745
55, 486.135, 0.604176, 307978240, 1752357715, 1750791967, 1.76547
56, 504.006, 0.583567, 308408320, 1754987786, 1752404854, 3.59179
57, 357.957, 0.880185, 330373120, 1760132508, 1756323643, 10.5082
58, 347.101, 0.908558, 330680320, 1764362713, 1760799853, 8.04801
59, 362.937, 0.868646, 330577920, 1767655460, 1763526848, 9.20021
60, 375.482, 0.840794, 331038720, 1771032989, 1766245138, 10.4306
61, 368.842, 0.856248, 331161600, 1774429218, 1768590525, 8.815
62, 233.987, 1.60653, 394168320, 1798976261, 1786143098, 37.4845
63, 287.461, 1.31139, 395284480, 1810717113, 1798192412, 27.3767
64, 295.413, 1.34075, 415313920, 1821975643, 1809082200, 29.611
65, 299.475, 1.31532, 413040640, 1835039128, 1819390774, 42.3598
66, 633.887, 0.463996, 308408320, 1819409516, 1819409516, 0.003326
67, 367.797, 1.03703, 399943680, 1831066979, 1827881213, 12.1853
68, 190.694, 1.96425, 392765440, 1873107511, 1862086746, 24.6437
69, 349.817, 1.08022, 396236800, 1871129930, 1867375756, 11.7107
70, 640.931, 0.458897, 308408320, 1867383851, 1867383851, 0.003272
71, 143.421, 2.28996, 344381440, 1984994915, 1984804268, 1.18565
72, 226.074, 1.51715, 359649280, 2033844706, 2033735053, 0.51106
73, 304.65, 1.08786, 347514880, 2059205330, 2058991182, 1.09857
74, 507.349, 0.653616, 347719680, 2061312716, 2061309163, 0.062102
75, 305.245, 1.0865, 347760640, 2080487365, 2079327807, 1.27347
76, 383.874, 0.863879, 347729920, 2085081558, 2083133992, 2.50296
77, 258.314, 1.32749, 359567360, 2112204975, 2108918354, 2.54639
78, 447.26, 0.766472, 359464960, 2113068231, 2111407731, 1.67295
79, 254.547, 1.34821, 359854080, 2138887532, 2135112354, 4.50282
80, 351.77, 0.975646, 359874560, 2139555550, 2137776312, 2.45511
81, 398.214, 0.860286, 359219200, 2145277711, 2142427987, 1.92182
82, 212.914, 1.44369, 322314240, 2196543688, 2195640332, 2.30747
83, 285.721, 1.15299, 345436160, 2221533740, 2219247982, 2.4117
84, 332.177, 0.990417, 344975360, 2240411063, 2237071865, 3.76843
85, 288.571, 1.14214, 345600000, 2259183575, 2255046582, 4.59091
86, 343.179, 0.956645, 344248320, 2266484254, 2260440379, 7.31224
87, 391.5, 0.83887, 344371200, 2267646933, 2261592255, 6.47382
88, 635.636, 0.539599, 359649280, 2261605357, 2261605108, 0.025709
89, 458.688, 0.753977, 362639360, 2276582491, 2276247276, 1.06845
90, 466.945, 0.738845, 361758720, 2286753983, 2285111898, 1.25155
91, 466.271, 0.741295, 362434560, 2290839123, 2288889347, 1.18256
92, 269.77, 1.2818, 362588160, 2311179297, 2309009512, 3.69605
93, 335.034, 1.03193, 362526720, 2313180153, 2313355719, 3.94549
94, 639.792, 0.540245, 362434560, 2313361985, 2313361985, 0.004063
