Backup ID, Ecall, Inline_Ocall, Offline_Ocall, _Inline_FPOcall, _Inline_SFOcall, _Inline_LocalOcall, _Inline_LoadOcall, _Inline_DeltaOcall, _Inline_RecipeOcall, _Inline_Write_ContainerOcall, _inline_have_similar_chunk_num, _inline_need_load_container_num
0,372,1423,5,370,370,0,267,370,46,59,515,162,
1,738,2563,9920,694,694,1,350,733,91,73,8497,539,
2,1104,3719,27047,1016,1016,2,453,1096,136,87,15921,1068,
3,1471,4863,53779,1334,1334,3,551,1460,181,100,23907,1727,
4,1838,5964,94747,1622,1622,5,666,1823,226,110,31416,2429,
5,2138,6899,113457,1861,1861,6,788,2120,263,120,38486,3084,
6,2624,8712,113462,2340,2340,6,1099,2604,323,185,42241,3583,
7,2956,10771,175408,2666,2666,9,2135,2931,364,217,52421,4265,
8,3302,12381,269643,2992,2992,16,2707,3268,406,243,66333,5140,
9,3648,12785,269668,2999,2999,16,2711,3612,448,245,66345,5148,
10,4023,13583,269673,3151,3151,16,2786,3985,494,253,68672,5480,
11,4331,14286,269678,3283,3283,16,2881,4291,532,258,70924,5815,
12,4639,15283,378008,3525,3525,24,3050,4589,570,269,77960,6612,
13,5134,16237,467392,3674,3674,26,3152,5080,631,271,80700,6953,
14,5647,17706,563961,4017,4017,32,3361,5585,694,285,91456,7743,
15,6161,19064,566818,4319,4319,33,3540,6096,757,294,100699,8488,
16,6525,20417,746463,4652,4652,52,3820,6439,802,310,115897,9647,
17,6886,21368,857779,4833,4833,96,4006,6754,846,316,123432,10482,
18,7267,22211,968686,4987,4987,100,4115,7129,893,322,125964,10802,
19,7642,23063,1113180,5143,5143,107,4236,7495,939,327,128793,11230,
20,8017,23897,1259119,5295,5295,116,4347,7859,985,332,131643,11654,
21,8393,24735,1383571,5444,5444,122,4467,8227,1031,337,134546,12089,
22,8754,25156,1383591,5451,5451,122,4471,8586,1075,339,134557,12097,
23,9115,25575,1383602,5458,5458,122,4473,8945,1119,341,134575,12109,
24,9499,26595,1522853,5681,5681,126,4618,9323,1166,354,141497,12718,
25,9883,27564,1665321,5880,5880,131,4760,9700,1213,357,144379,13245,
26,10268,28533,1825996,6071,6071,140,4917,10074,1260,359,147568,13793,
27,10652,29545,1979932,6287,6287,145,5068,10451,1307,368,155596,14507,
28,11035,30517,2137562,6477,6477,151,5232,10826,1354,371,158516,15084,
29,11351,31716,2403520,6773,6773,177,5486,11114,1393,385,170003,16170,
30,11667,32843,2661650,7031,7031,197,5744,11408,1432,396,180388,17197,
31,11983,33552,2839603,7147,7147,204,5868,11715,1471,399,182448,17565,
32,12299,34281,2903859,7264,7264,206,6010,12027,1510,402,184440,17935,
33,12616,34997,3089157,7377,7377,214,6146,12334,1549,405,186434,18314,
34,12971,35732,3250732,7489,7489,272,6260,12629,1593,413,192500,19221,
35,13326,36550,3428694,7603,7603,300,6453,12954,1637,419,199320,19858,
36,13699,37301,3699641,7714,7714,347,6565,13278,1683,425,206327,20551,
37,14069,38636,4075996,8007,8007,419,6901,13574,1728,439,221274,22079,
38,14439,39381,4249171,8122,8122,470,7003,13891,1773,445,227916,22830,
39,14759,40527,4539701,8373,8373,490,7290,14189,1812,459,236507,23777,
40,15052,41643,4867789,8624,8624,514,7577,14456,1848,469,246870,24795,
41,15346,42940,5229036,8892,8892,549,8010,14713,1884,481,258043,25916,
42,15640,44078,5607844,9162,9162,584,8280,14970,1920,493,267234,26967,
43,15934,45067,5912344,9407,9407,601,8451,15245,1956,497,270466,27509,
44,16317,46197,6315049,9624,9624,636,8719,15591,2003,512,277882,28445,
45,16700,47192,6576571,9839,9839,646,8856,15962,2050,515,279846,28804,
46,17083,48193,6856950,10027,10027,660,9053,16329,2097,518,282678,29363,
47,17467,49520,7301595,10319,10319,704,9367,16667,2144,530,292235,30571,
48,17761,50103,7301611,10443,10443,704,9374,16959,2180,532,292253,30581,
49,18150,50951,7565036,10564,10564,711,9545,17339,2228,537,294023,30986,
50,18539,51805,7769326,10686,10686,716,9720,17721,2276,540,296121,31385,
51,18924,52583,8067592,10815,10815,787,9810,18033,2323,550,303460,32361,
52,19250,53226,8067597,10921,10921,787,9877,18357,2363,552,304457,32494,
53,19549,54081,8213405,11159,11159,792,9922,18649,2400,555,305341,32633,
54,19848,54902,8273240,11371,11371,794,9985,18944,2437,558,306323,32768,
55,20148,55502,8380078,11477,11477,799,10038,19237,2474,561,307283,32918,
56,20448,55961,8479190,11517,11517,803,10082,19531,2511,564,308290,33063,
57,20769,57037,8795248,11805,11805,822,10224,19831,2550,567,310322,33518,
58,21090,58069,9060748,12065,12065,835,10378,20137,2589,570,312372,33929,
59,21411,58811,9324321,12182,12182,847,10528,20444,2628,573,314493,34331,
60,21733,59546,9602572,12297,12297,864,10674,20747,2667,576,316622,34748,
61,22055,60278,9810032,12411,12411,877,10819,21054,2706,580,318797,35147,
62,22425,61275,10322439,12604,12604,968,11017,21331,2751,589,327747,36651,
63,22796,62041,10584318,12732,12732,1035,11112,21633,2797,596,335671,37529,
64,23185,62828,10875875,12859,12859,1096,11210,21959,2845,603,343528,38341,
65,23571,63942,11273491,13165,13165,1176,11281,22263,2892,611,351426,39346,
66,23871,64353,11273512,13200,13200,1176,11287,22561,2929,613,351440,39356,
67,24263,65205,11633389,13328,13328,1189,11445,22938,2977,617,353304,39789,
68,24650,66361,12090604,13548,13548,1227,11728,23285,3025,630,361168,40799,
69,25039,67399,12417908,13769,13769,1242,11889,23657,3073,634,363128,41250,
70,25339,67811,12417920,13803,13803,1242,11898,23955,3110,636,363149,41266,
71,25673,68755,12532301,14015,14015,1246,12045,24283,3151,667,364669,41520,
72,26022,69717,12574749,14240,14240,1249,12167,24627,3194,681,367070,41834,
73,26360,70587,12647977,14429,14429,1252,12282,24960,3235,689,368595,42083,
74,26698,71313,12652627,14576,14576,1253,12337,25295,3276,691,369481,42202,
75,27036,72114,12738979,14730,14730,1257,12453,25627,3317,697,371885,42540,
76,27374,73011,12874033,14922,14922,1265,12589,25955,3358,700,374016,42949,
77,27723,73975,12994628,15122,15122,1274,12763,26293,3401,709,377042,43466,
78,28071,74796,13064232,15300,15300,1278,12839,26635,3444,711,378942,43697,
79,28420,75812,13218252,15521,15521,1291,13023,26969,3487,719,382473,44267,
80,28769,76748,13305962,15724,15724,1297,13163,27310,3530,722,384936,44652,
81,29117,77590,13351382,15901,15901,1301,13262,27652,3573,725,387386,44956,
82,29432,78482,13474884,16080,16080,1308,13444,27958,3612,740,388960,45332,
83,29768,79343,13581665,16251,16251,1317,13588,28283,3653,748,391176,45722,
84,30103,80164,13746171,16420,16420,1330,13697,28603,3694,755,392792,46085,
85,30439,81111,13910387,16614,16614,1343,13881,28924,3735,762,395766,46646,
86,30773,81986,14094954,16787,16787,1360,14037,29239,3776,766,398381,47123,
87,31107,82810,14266531,16946,16946,1374,14170,29557,3817,769,400480,47525,
88,31456,83463,14267914,17073,17073,1375,14179,29903,3860,771,400497,47538,
89,31808,84246,14340736,17237,17237,1379,14241,30249,3903,776,400793,47669,
90,32159,84867,14387562,17327,17327,1383,14290,30594,3946,780,401711,47810,
91,32510,85479,14439443,17409,17409,1387,14346,30939,3989,783,402739,47966,
92,32862,86425,14590696,17585,17585,1400,14547,31276,4032,790,405370,48517,
93,33213,87333,14726536,17757,17757,1410,14719,31615,4075,793,408449,48983,
94,33564,87883,14726549,17832,17832,1410,14727,31964,4118,795,408465,48994,
