Backup ID,Backup Size(MB),dataTranTime(us/MB),fpTime(ms/MB),freqTime(ms/MB),firstDedupTime(ms/MB),secondDedupTime(ms/MB),total_dedupTime(ms/MB),sfTime(ms/MB),checkTime(ms/MB),lz4compressTime(ms/MB),deltacompressTime(ms/MB),encTime(ms/MB),Total size(MB)
0,8191,0.197722,0.846796,-0.00365935,0.0108432,0.102548,0.956528,1.111,0.0199963,0.177623,0.131508,0.0378242,8191.000000
1,8191,0.188643,0.854212,0.00208067,0.01104,0.0590755,0.926408,0.630991,0.0140275,0.0951638,0.0883719,0.0215466,16382.000000
2,8191,0.188647,0.852194,0.00038588,0.0107921,0.0448356,0.908208,0.491129,0.0123829,0.0684117,0.0729006,0.0162812,24573.000000
3,8191,0.190892,0.851795,0.000816214,0.0106678,0.0372087,0.900487,0.411477,0.0114403,0.0544946,0.0647091,0.0134255,32764.000000
4,8191,0.192101,0.852638,0.00100313,0.0107283,0.0336423,0.898012,0.370163,0.0110182,0.046504,0.0599643,0.0119471,40955.000000
5,8191,0.19118,0.851637,0.000200012,0.010861,0.0311818,0.89388,0.350119,0.0108009,0.0413207,0.0592125,0.0110903,49146.000000
6,8191,0.189596,0.852274,0.000413555,0.0109428,0.0290287,0.89266,0.328636,0.010507,0.0374204,0.0571463,0.010312,57337.000000
7,8191,0.190121,0.852074,0.000222215,0.0110681,0.0278269,0.891191,0.317607,0.0103622,0.0345629,0.0557034,0.0099015,65528.000000
8,8191,0.18986,0.852206,0.000586471,0.011194,0.0268678,0.890854,0.307745,0.0102583,0.0323821,0.0549517,0.00955493,73719.000000
9,8191,0.190565,0.852028,0.000532942,0.0113037,0.0259349,0.889799,0.298525,0.0101621,0.0304991,0.0540793,0.00921224,81910.000000
10,8191,0.190908,0.851874,0.000492495,0.0114924,0.0257479,0.889607,0.297914,0.0101954,0.0292704,0.0545362,0.00914386,90101.000000
11,8191,0.190572,0.85202,0.000600551,0.0116233,0.0250972,0.889341,0.290791,0.0101339,0.027855,0.0540293,0.00890915,98292.000000
12,8191,0.189735,0.852639,0.00122918,0.0117701,0.0248226,0.890461,0.287502,0.0101362,0.0268452,0.0538401,0.00879504,106483.000000
13,8191,0.190043,0.852463,0.00105885,0.0119807,0.0251882,0.890691,0.28893,0.0102147,0.0260984,0.0544386,0.00879965,114674.000000
14,8191,0.189296,0.853003,0.00158566,0.0121466,0.0249127,0.891648,0.28643,0.0102324,0.0253139,0.054693,0.00870655,122865.000000
15,8191,0.189717,0.852941,0.00154151,0.012339,0.0246079,0.891429,0.28415,0.0102549,0.0246145,0.056417,0.00860864,131056.000000
16,8191,0.189844,0.852838,0.00134787,0.0125652,0.0245393,0.891291,0.284728,0.0102653,0.0240553,0.05719,0.0086032,139247.000000
17,8191,0.18989,0.852972,0.00145305,0.0127859,0.0245618,0.891772,0.285927,0.0102867,0.0235945,0.0578243,0.00862243,147438.000000
18,8191,0.190266,0.85325,0.00166148,0.0130132,0.0245076,0.892433,0.285877,0.0103022,0.0231745,0.058192,0.00860832,155629.000000
19,8191,0.18971,0.853419,0.00172809,0.013207,0.0243514,0.892706,0.284592,0.0102916,0.0226801,0.0584349,0.00855469,163820.000000
0,8191,0.196246,0.848483,-0.00247854,0.010564,0.101453,0.958022,1.11188,0.0190894,0.178051,0.121166,0.0380138,8191.000000
1,8191,0.19689,0.85071,-0.000308138,0.0106085,0.0570945,0.918105,0.631018,0.01341,0.09497,0.0792656,0.0211949,16382.000000
2,8191,0.197371,0.851924,0.000375634,0.0103396,0.0439463,0.906585,0.491386,0.0118452,0.0684292,0.0652342,0.0162412,24573.000000
3,8191,0.197797,0.852813,0.000865803,0.0102264,0.0364346,0.90034,0.411701,0.0109623,0.0544722,0.0577227,0.013382,32764.000000
4,8191,0.197946,0.852356,0.000350955,0.0102705,0.032806,0.895784,0.370299,0.0105568,0.0464071,0.0536004,0.0118613,40955.000000
5,8191,0.197973,0.851279,-0.000806522,0.0104115,0.0303422,0.891226,0.350236,0.010351,0.0412019,0.0529725,0.0109915,49146.000000
6,8191,0.197691,0.851186,-0.000625327,0.0104765,0.028238,0.889275,0.328732,0.0100644,0.037304,0.0510646,0.0102102,57337.000000
7,8191,0.197861,0.851238,-0.00066771,0.0105742,0.0270833,0.888228,0.317705,0.00992947,0.03445,0.0498274,0.00980482,65528.000000
8,8191,0.197949,0.851301,-0.000577095,0.010693,0.0261029,0.88752,0.307823,0.00983177,0.0322445,0.0491156,0.00944452,73719.000000
9,8191,0.197904,0.851552,-0.000311476,0.0107738,0.0252349,0.887249,0.298614,0.00973621,0.0303795,0.0482475,0.00911531,81910.000000
10,8191,0.195854,0.852009,0.000162784,0.0108961,0.0251123,0.88818,0.298021,0.0097554,0.0291685,0.048594,0.00906146,90101.000000
11,8191,0.194172,0.851727,-2.00098e-05,0.0109753,0.024432,0.887114,0.290886,0.00969611,0.0277449,0.0479695,0.00880755,98292.000000
12,8191,0.194455,0.85163,-7.36578e-05,0.0111089,0.0240804,0.886746,0.28757,0.00969794,0.0267073,0.0477727,0.00866908,106483.000000
13,8191,0.193078,0.851617,1.69116e-06,0.0112599,0.024443,0.887321,0.289005,0.00976171,0.0259773,0.048271,0.00867975,114674.000000
14,8191,0.191976,0.851581,9.19541e-05,0.0114063,0.0241117,0.887191,0.286469,0.00977629,0.0251784,0.0484353,0.00856758,122865.000000
15,8191,0.190961,0.852,0.000517164,0.0115429,0.0238559,0.887916,0.284187,0.00978602,0.0244887,0.0499336,0.0084811,131056.000000
16,8191,0.191432,0.852205,0.000736683,0.0117452,0.0238359,0.888523,0.284771,0.00979205,0.0239467,0.0505462,0.0084888,139247.000000
17,8191,0.191688,0.852266,0.000860679,0.0119524,0.0238509,0.888929,0.285967,0.00980704,0.0234838,0.0510994,0.00850269,147438.000000
18,8191,0.190844,0.85245,0.00105904,0.0121253,0.0237877,0.889422,0.285914,0.0098095,0.0230639,0.0513821,0.00848802,155629.000000
19,8191,0.19011,0.85291,0.00153362,0.0122776,0.0236869,0.890408,0.28464,0.00980086,0.0225814,0.0516175,0.00844892,163820.000000
0,8191,0.199032,0.854684,-0.00268102,0.0105307,0.101901,0.964435,1.11078,0.0187476,0.176143,0.122773,0.038429,8191.000000
1,8191,0.19925,0.854354,-0.00254652,0.0106909,0.0566297,0.919128,0.630219,0.0133262,0.093728,0.0800759,0.0211721,16382.000000
2,8191,0.191827,0.855913,-0.000991336,0.0103833,0.0437064,0.909012,0.490824,0.0118219,0.0676157,0.0662398,0.0162519,24573.000000
3,8191,0.19335,0.856114,-0.000770467,0.0102244,0.0362402,0.901808,0.411228,0.0109293,0.053867,0.0581333,0.0133995,32764.000000
4,8191,0.194498,0.854846,-0.00201108,0.0103837,0.0325368,0.895756,0.369828,0.0105222,0.0458728,0.0537732,0.0118273,40955.000000
5,8191,0.191533,0.854837,-0.0022274,0.0104064,0.0302279,0.893243,0.349831,0.010304,0.0407856,0.0532175,0.0110026,49146.000000
6,8191,0.189382,0.855269,-0.00196816,0.010427,0.0281552,0.891883,0.328353,0.0100297,0.0369517,0.0512618,0.010233,57337.000000
7,8191,0.187924,0.855721,-0.00155873,0.0105269,0.0270796,0.891768,0.317372,0.00991063,0.0341572,0.0500725,0.009848,65528.000000
8,8191,0.186608,0.855918,-0.00122512,0.0106074,0.0261246,0.891425,0.307502,0.00980171,0.0319801,0.0493427,0.00949191,73719.000000
9,8191,0.187398,0.855391,-0.00149018,0.0107202,0.0251977,0.889818,0.298289,0.00971487,0.030113,0.0484925,0.00914249,81910.000000
10,8191,0.188079,0.854871,-0.00169545,0.0108947,0.0250094,0.88908,0.297665,0.00974494,0.0288936,0.0487775,0.00906223,90101.000000
11,8191,0.18888,0.854917,-0.00170631,0.011,0.0243602,0.888571,0.290543,0.00968983,0.0274949,0.048184,0.00881676,98292.000000
12,8191,0.187896,0.855361,-0.00146477,0.0111148,0.0240455,0.889056,0.287239,0.00968704,0.0264886,0.0479507,0.00868895,106483.000000
13,8191,0.187168,0.855192,-0.00168417,0.0113134,0.0244177,0.889239,0.288693,0.0097663,0.0257601,0.04854,0.0086946,114674.000000
14,8191,0.18799,0.855248,-0.00165566,0.0115013,0.0241008,0.889194,0.286167,0.00979272,0.0249774,0.0487642,0.00858461,122865.000000
15,8191,0.188437,0.855409,-0.00146148,0.01167,0.0238328,0.889451,0.283882,0.00981058,0.0242956,0.0503695,0.00849504,131056.000000
16,8191,0.187711,0.855379,-0.00141235,0.0118573,0.0238046,0.889629,0.284453,0.00981892,0.0237545,0.0510058,0.00849686,139247.000000
17,8191,0.188229,0.855561,-0.00112865,0.0120734,0.0238552,0.890361,0.285662,0.00984323,0.0233029,0.0515945,0.0085195,147438.000000
18,8191,0.188805,0.855662,-0.000975091,0.0122903,0.0238116,0.890789,0.285617,0.00986026,0.0228882,0.051976,0.00850235,155629.000000
19,8191,0.189137,0.855526,-0.0010043,0.0124584,0.0236471,0.890627,0.284351,0.00985268,0.022396,0.0521245,0.00844421,163820.000000
0,8191,0.199749,0.851558,0.000333144,0.0106272,0.103079,0.965597,1.11184,0.0193074,0.178261,0.122259,0.0385083,8191.000000
1,8191,0.198973,0.851443,-0.000695313,0.0105536,0.0570021,0.918303,0.630711,0.0135093,0.0947527,0.0791381,0.0211257,16382.000000
2,8191,0.191156,0.851747,-0.000300922,0.0102121,0.0437068,0.905365,0.491101,0.0118703,0.0682469,0.0650545,0.0161467,24573.000000
3,8191,0.187162,0.851962,-0.000147189,0.0100167,0.036229,0.89806,0.411497,0.0109306,0.0543366,0.0572562,0.0132969,32764.000000
4,8191,0.184805,0.852258,-2.60966e-05,0.0100379,0.0327303,0.895,0.370136,0.0104924,0.0463244,0.0532241,0.0118212,40955.000000
5,8191,0.187099,0.851975,-0.000225294,0.0101608,0.0304278,0.892338,0.350163,0.0102895,0.0411684,0.0526203,0.0109961,49146.000000
6,8191,0.188096,0.851169,-0.000564716,0.0102666,0.0282599,0.88913,0.328656,0.0100111,0.0372553,0.0508725,0.0102002,57337.000000
7,8191,0.189501,0.850892,-0.000816407,0.0104179,0.0270872,0.887581,0.317632,0.00988234,0.0344076,0.0496882,0.00979488,65528.000000
8,8191,0.18993,0.851411,-2.62135e-05,0.0105231,0.0262241,0.888132,0.307788,0.00977732,0.0322415,0.0489933,0.00947872,73719.000000
9,8191,0.190397,0.851392,0.000291798,0.0106236,0.0253558,0.887664,0.298581,0.00968594,0.0303756,0.0481607,0.00915345,81910.000000
10,8191,0.189067,0.850886,9.67531e-05,0.0107876,0.0251317,0.886902,0.297947,0.00971681,0.0291181,0.0483924,0.00906148,90101.000000
11,8191,0.189787,0.850184,-0.000624029,0.0109005,0.0243711,0.884832,0.290794,0.00965318,0.027676,0.0477219,0.00877961,98292.000000
12,8191,0.18864,0.850121,-0.000714869,0.0110119,0.0239929,0.884411,0.287467,0.00964286,0.0266381,0.0474411,0.00863427,106483.000000
13,8191,0.18774,0.85031,-0.000637183,0.0111759,0.0243614,0.88521,0.28889,0.00970551,0.0258947,0.0479194,0.0086409,114674.000000
14,8191,0.188453,0.850413,-0.000483786,0.0113419,0.0240544,0.885325,0.286371,0.00972738,0.0250969,0.0481719,0.00853281,122865.000000
15,8191,0.187669,0.85001,-0.000691572,0.0115021,0.0237136,0.884534,0.28406,0.0097409,0.0243812,0.049741,0.00841754,131056.000000
16,8191,0.188097,0.849999,-0.000624263,0.011706,0.0236799,0.884761,0.284638,0.00974799,0.0238386,0.0503705,0.00842429,139247.000000
17,8191,0.187642,0.850007,-0.000664563,0.0119036,0.023691,0.884937,0.285841,0.00976444,0.0233733,0.0509449,0.00843944,147438.000000
18,8191,0.188021,0.849763,-0.000849659,0.0120962,0.0235783,0.884588,0.28577,0.0097724,0.0229403,0.0512083,0.00840932,155629.000000
19,8191,0.188529,0.849948,-0.000674426,0.0122678,0.0234351,0.884976,0.284492,0.00976421,0.0224475,0.0513636,0.00835715,163820.000000
0,8191,0.195784,0.84932,-0.0016676,0.0109567,0.1035,0.96211,1.11131,0.0199195,0.17815,0.131213,0.0386117,8191.000000
1,8191,0.196686,0.852047,-0.000292093,0.0112249,0.0582896,0.921269,0.630839,0.013964,0.0949986,0.0875822,0.0215146,16382.000000
2,8191,0.191207,0.855856,0.00207653,0.0109383,0.0452579,0.914129,0.491525,0.01234,0.0685868,0.0731628,0.0165919,24573.000000
3,8191,0.188622,0.857147,0.00251546,0.0108153,0.0375744,0.908052,0.411876,0.0113962,0.0546341,0.0650257,0.0136828,32764.000000
4,8191,0.186932,0.858264,0.00335334,0.0108536,0.0341244,0.906595,0.370622,0.0109638,0.0466407,0.0606506,0.0122169,40955.000000
5,8191,0.188296,0.856915,0.00261453,0.0109756,0.0316327,0.902137,0.350519,0.0107424,0.0414426,0.0599058,0.0113385,49146.000000
6,8191,0.187223,0.858122,0.00343855,0.0110421,0.0295671,0.90217,0.329076,0.0104544,0.037571,0.0579966,0.0105715,57337.000000
7,8191,0.18831,0.858218,0.00308436,0.0111856,0.0283142,0.900802,0.318051,0.0103196,0.0346988,0.0566206,0.0101318,65528.000000
8,8191,0.18919,0.857893,0.00295299,0.011307,0.0272492,0.899403,0.308145,0.0102141,0.0324651,0.0557929,0.00974348,73719.000000
9,8191,0.189938,0.857516,0.00262608,0.0114372,0.0262679,0.897847,0.2989,0.010125,0.0305655,0.054857,0.00937765,81910.000000
10,8191,0.189125,0.858032,0.00304763,0.0116067,0.0261716,0.898858,0.298341,0.0101517,0.0293624,0.055356,0.00932849,90101.000000
11,8191,0.189675,0.857411,0.00249213,0.0117461,0.0254227,0.897072,0.291177,0.0100906,0.0279138,0.0547426,0.00905454,98292.000000
12,8191,0.190127,0.857236,0.00237892,0.0119049,0.0250482,0.896568,0.287852,0.0100901,0.0268737,0.0544702,0.0089052,106483.000000
13,8191,0.190509,0.857139,0.00234772,0.0121115,0.0254365,0.897035,0.289304,0.0101673,0.0261321,0.0551246,0.00891191,114674.000000
14,8191,0.190493,0.856729,0.0023042,0.0122731,0.0250782,0.896384,0.286738,0.01018,0.0253324,0.055266,0.00879564,122865.000000
15,8191,0.189807,0.857026,0.00255391,0.0124472,0.024812,0.896839,0.284482,0.0101937,0.0246419,0.0569223,0.00870609,131056.000000
16,8191,0.189921,0.856855,0.00258343,0.0126559,0.0247759,0.896871,0.285044,0.0102027,0.0240944,0.0576532,0.0087107,139247.000000
17,8191,0.189424,0.857091,0.00262543,0.0128838,0.0247874,0.897387,0.28626,0.0102246,0.0236279,0.0582588,0.00872096,147438.000000
18,8191,0.18932,0.85711,0.00269137,0.0130906,0.024719,0.897611,0.286221,0.0102333,0.02321,0.0586082,0.00870523,155629.000000
19,8191,0.189671,0.857281,0.00287233,0.0132867,0.0245801,0.89802,0.284944,0.0102258,0.0227185,0.0588441,0.00865311,163820.000000
0,8191,0.177799,0.855985,0.00116192,0.0103046,0.104479,0.971931,1.11455,0.0191699,0.179436,0.123856,0.039265,8191.000000
1,8191,0.185875,0.849117,-0.00338262,0.010474,0.056642,0.91285,0.631714,0.0134404,0.095005,0.0793077,0.0211742,16382.000000
2,8191,0.188553,0.850156,-0.00177222,0.0101526,0.043766,0.902302,0.491882,0.0118754,0.0684971,0.0653642,0.0162561,24573.000000
3,8191,0.190882,0.849017,-0.00286883,0.0100987,0.0359775,0.892225,0.411998,0.0109811,0.0544336,0.0576322,0.0133053,32764.000000
4,8191,0.187711,0.849906,-0.00187895,0.0100699,0.0326291,0.890726,0.370574,0.0105448,0.0464309,0.0535036,0.0118676,40955.000000
5,8191,0.188772,0.850124,-0.00132211,0.0101625,0.0304576,0.889422,0.350539,0.0103305,0.0413004,0.0529764,0.0110826,49146.000000
6,8191,0.190035,0.849628,-0.00180288,0.010279,0.0282358,0.88634,0.328959,0.0100573,0.0373609,0.0511317,0.0102709,57337.000000
7,8191,0.188274,0.850156,-0.00147006,0.0103701,0.0271093,0.886166,0.317892,0.0099099,0.0345103,0.0498108,0.00987196,65528.000000
8,8191,0.189106,0.850595,-0.000989394,0.0104854,0.0261637,0.886255,0.307981,0.0098053,0.0323095,0.049111,0.00952085,73719.000000
9,8191,0.1878,0.850684,-0.000990784,0.0105794,0.0252528,0.885526,0.298754,0.00972021,0.0304261,0.0482534,0.00918114,81910.000000
10,8191,0.186642,0.850542,-0.0011711,0.010722,0.0250356,0.885128,0.298124,0.00973894,0.0291796,0.0484692,0.00909575,90101.000000
11,8191,0.187429,0.850806,-0.0012188,0.0108334,0.0243781,0.884799,0.290976,0.0096808,0.0277599,0.047897,0.00884703,98292.000000
12,8191,0.186697,0.85138,-0.000853146,0.0109747,0.0240649,0.885567,0.287659,0.00968481,0.0267344,0.0476992,0.00871764,106483.000000
13,8191,0.187376,0.851486,-0.000894354,0.0111592,0.024421,0.886172,0.289078,0.0097557,0.0259878,0.0482074,0.00872091,114674.000000
14,8191,0.187878,0.851715,-0.000694556,0.0113207,0.0241113,0.886452,0.28654,0.00976827,0.0251927,0.0483409,0.0086129,122865.000000
15,8191,0.188426,0.851788,-0.000733556,0.0114944,0.023802,0.886351,0.284247,0.00977979,0.0244836,0.0498664,0.00850693,131056.000000
16,8191,0.189,0.851818,-0.000860566,0.0117228,0.0237513,0.886431,0.284823,0.00979646,0.0239278,0.050567,0.00850525,139247.000000
17,8191,0.189553,0.851811,-0.00104512,0.0119617,0.0237379,0.886465,0.286015,0.00982218,0.0234489,0.0511377,0.00851164,147438.000000
18,8191,0.188851,0.852022,-0.00103352,0.0121353,0.023656,0.88678,0.285952,0.00982704,0.0230233,0.051411,0.00849149,155629.000000
19,8191,0.189205,0.851964,-0.00117083,0.0123101,0.0234724,0.886576,0.284648,0.00981502,0.0225195,0.0515479,0.00842857,163820.000000
0,8191,0.179747,0.862406,0.00115697,0.0104891,0.103938,0.97799,1.11046,0.0187304,0.176973,0.123575,0.0389509,8191.000000
1,8191,0.188435,0.861223,0.00238969,0.0106483,0.0581719,0.932433,0.630255,0.0133008,0.0943111,0.0810695,0.0215702,16382.000000
2,8191,0.191879,0.857718,6.74406e-05,0.0104235,0.0440369,0.912246,0.490604,0.0118148,0.0677786,0.0666007,0.0162595,24573.000000
3,8191,0.193634,0.857327,0.00016338,0.0103009,0.0365083,0.9043,0.411084,0.0109419,0.0539693,0.0590528,0.0133879,32764.000000
4,8191,0.190384,0.857829,0.00100614,0.0102936,0.0331681,0.902297,0.369867,0.0105391,0.0461082,0.0547012,0.0119509,40955.000000
5,8191,0.191698,0.857638,0.0009035,0.0104059,0.0308868,0.899834,0.349903,0.0103474,0.041022,0.0542111,0.0111444,49146.000000
6,8191,0.190028,0.856921,0.00020477,0.0104832,0.0286322,0.896241,0.328439,0.0100802,0.0371333,0.0522571,0.0103167,57337.000000
7,8191,0.190843,0.856524,-0.000232828,0.0106239,0.0274106,0.894326,0.317397,0.00995828,0.0342882,0.0509669,0.00989345,65528.000000
8,8191,0.190525,0.856821,-0.000177184,0.0107323,0.0264304,0.893807,0.307521,0.00986092,0.0321025,0.0502371,0.00953025,73719.000000
9,8191,0.191332,0.856428,-0.00068742,0.010829,0.0254573,0.892027,0.298287,0.00977501,0.030221,0.0493353,0.00917132,81910.000000
10,8191,0.191914,0.856591,-0.000554137,0.0109864,0.0252934,0.892317,0.297683,0.00980418,0.0290079,0.0496843,0.00909931,90101.000000
11,8191,0.192342,0.856444,-0.000509786,0.0110911,0.0246556,0.891681,0.290572,0.00975071,0.0276087,0.0491403,0.00885589,98292.000000
12,8191,0.191231,0.856592,-7.04525e-05,0.0112182,0.0243607,0.892101,0.287278,0.00975462,0.0265981,0.0489341,0.00873537,106483.000000
13,8191,0.191707,0.856079,-0.000368599,0.0113942,0.0246924,0.891797,0.2887,0.009821,0.0258517,0.0494942,0.00873648,114674.000000
14,8191,0.192152,0.855664,-0.000754915,0.0115677,0.0243143,0.890791,0.286162,0.00983874,0.0250492,0.0496779,0.00861317,122865.000000
15,8191,0.192467,0.855433,-0.00077766,0.0117175,0.023997,0.890369,0.283864,0.00985002,0.024352,0.0512376,0.00850961,131056.000000
16,8191,0.191623,0.855565,-0.000510615,0.0119162,0.0239943,0.890965,0.284464,0.00986066,0.0238206,0.0519365,0.00852333,139247.000000
17,8191,0.190789,0.855357,-0.00062668,0.0121003,0.0239784,0.890809,0.285649,0.00987604,0.0233544,0.0524457,0.00852869,147438.000000
18,8191,0.190125,0.855269,-0.000614398,0.0122902,0.0238988,0.890843,0.285622,0.00988938,0.0229342,0.0527796,0.00850918,155629.000000
19,8191,0.190513,0.854828,-0.000931755,0.0124786,0.0237036,0.890079,0.284327,0.00988272,0.0224335,0.0529944,0.00844016,163820.000000
0,8191,0.17849,0.86129,0.00557867,0.0107026,0.107772,0.985344,1.11373,0.0191549,0.178034,0.126855,0.0402879,8191.000000
1,8191,0.188278,0.857853,0.00264566,0.0108155,0.0590384,0.930353,0.631545,0.013503,0.094496,0.0817629,0.0218957,16382.000000
2,8191,0.190477,0.856232,0.00164999,0.0104792,0.0449047,0.913266,0.491524,0.0119149,0.0679962,0.0668863,0.0165791,24573.000000
3,8191,0.187661,0.856696,0.00135631,0.0103021,0.0370601,0.905415,0.411772,0.0110151,0.0541417,0.0585948,0.0136087,32764.000000
4,8191,0.189443,0.856512,0.00135422,0.0103467,0.0335328,0.901745,0.370419,0.0106074,0.0461884,0.0543857,0.0121018,40955.000000
5,8191,0.190919,0.855994,0.00122192,0.0104313,0.0311653,0.898812,0.350367,0.01039,0.0410949,0.0537913,0.0112581,49146.000000
6,8191,0.192333,0.85586,0.00102683,0.0105496,0.0289036,0.89634,0.328813,0.0101266,0.0371756,0.0518273,0.0104263,57337.000000
7,8191,0.19303,0.855286,0.000641886,0.0106758,0.0276369,0.894241,0.317732,0.009993,0.0343313,0.0505594,0.00998202,65528.000000
8,8191,0.193612,0.854758,0.000308805,0.0108048,0.0265583,0.89243,0.307817,0.00989221,0.0321204,0.0498725,0.0095869,73719.000000
9,8191,0.194335,0.854049,-0.000285545,0.0109315,0.0255495,0.890245,0.298577,0.00981019,0.0302419,0.0490245,0.00921777,81910.000000
10,8191,0.194684,0.854017,-0.000421026,0.0110902,0.0253455,0.890032,0.297959,0.00984247,0.0290255,0.0493307,0.00912794,90101.000000
11,8191,0.19326,0.854116,-0.000204415,0.0111518,0.0246866,0.88975,0.290812,0.00977546,0.0276216,0.0487309,0.00887742,98292.000000
12,8191,0.193634,0.854051,-0.000404446,0.0112789,0.0242911,0.889217,0.287475,0.00976964,0.0265852,0.0486232,0.00872552,106483.000000
13,8191,0.193776,0.853896,-0.00040431,0.0114525,0.0246642,0.889608,0.288896,0.00983396,0.0258513,0.0490533,0.00873363,114674.000000
14,8191,0.192654,0.853957,-0.00024151,0.0115792,0.0243288,0.889624,0.286356,0.00984145,0.0250624,0.0491212,0.00862371,122865.000000
15,8191,0.192892,0.8538,-0.000331105,0.0117514,0.0240049,0.889225,0.284054,0.00985221,0.0243641,0.0506903,0.00851922,131056.000000
16,8191,0.191981,0.853937,-0.000205762,0.0119261,0.0239635,0.889621,0.284626,0.00985682,0.0238224,0.0513246,0.00851791,139247.000000
17,8191,0.191241,0.854184,1.83425e-05,0.0121408,0.0240015,0.890345,0.285842,0.00987904,0.0233732,0.051897,0.00853875,147438.000000
18,8191,0.190524,0.854215,3.95974e-05,0.0123242,0.023909,0.890488,0.285773,0.00988411,0.0229508,0.0521495,0.00851438,155629.000000
19,8191,0.190802,0.854022,-7.01906e-05,0.0124977,0.0237235,0.890173,0.284473,0.00987187,0.0224517,0.052303,0.00844919,163820.000000
0,8191,0.201364,0.852767,0.000397559,0.0109696,0.10431,0.968445,1.1125,0.0202169,0.178365,0.132971,0.0383646,8191.000000
1,8191,0.190626,0.85641,0.00370551,0.0111195,0.0593273,0.930562,0.631647,0.0141526,0.0953201,0.0886427,0.0215771,16382.000000
2,8191,0.18922,0.856149,0.00319021,0.0108559,0.0453854,0.91558,0.49174,0.0124651,0.0686117,0.0732925,0.016424,24573.000000
3,8191,0.190763,0.854776,0.00304126,0.0107108,0.037574,0.906102,0.411925,0.0114962,0.0546078,0.0648976,0.0135185,32764.000000
4,8191,0.188961,0.855001,0.00263074,0.0107416,0.0338577,0.902231,0.370537,0.0110488,0.046529,0.0604604,0.0119922,40955.000000
5,8191,0.187496,0.856203,0.00354685,0.0108765,0.0317474,0.902373,0.350661,0.0108452,0.0414437,0.0598377,0.0112454,49146.000000
6,8191,0.188666,0.856238,0.00369284,0.0109913,0.029564,0.900486,0.329147,0.010564,0.037541,0.057984,0.010457,57337.000000
7,8191,0.189015,0.855563,0.00329167,0.0111011,0.0282834,0.89824,0.318053,0.0104156,0.0346652,0.0565339,0.0100291,65528.000000
8,8191,0.187947,0.855652,0.00329539,0.0112334,0.0272266,0.897408,0.308155,0.0103062,0.0324452,0.0556323,0.00966059,73719.000000
9,8191,0.187509,0.856015,0.00350643,0.0113463,0.0263114,0.897179,0.298945,0.0102105,0.0305703,0.0547423,0.0093269,81910.000000
10,8191,0.188405,0.855244,0.00301814,0.011533,0.0260438,0.895839,0.298286,0.0102332,0.0292986,0.0550313,0.00922519,90101.000000
11,8191,0.189139,0.854909,0.00256212,0.0116656,0.0253075,0.894444,0.291137,0.0101701,0.0278641,0.054381,0.00895852,98292.000000
12,8191,0.188453,0.855161,0.00274728,0.0118103,0.0249731,0.894692,0.287836,0.0101659,0.0268408,0.0541467,0.00882981,106483.000000
13,8191,0.188982,0.85493,0.00251501,0.0120215,0.0253195,0.894786,0.28927,0.0102401,0.0260845,0.0547155,0.00882717,114674.000000
14,8191,0.189581,0.85452,0.00234087,0.0122032,0.0249436,0.894008,0.286708,0.0102566,0.0252778,0.0548762,0.00870844,122865.000000
15,8191,0.189024,0.854806,0.00246471,0.0123735,0.0246418,0.894286,0.284434,0.0102671,0.0245787,0.0565284,0.00860828,131056.000000
16,8191,0.188491,0.855049,0.00272636,0.0125813,0.0246329,0.894989,0.285007,0.0102755,0.0240418,0.0572209,0.00862219,139247.000000
17,8191,0.188544,0.854545,0.00235622,0.0127954,0.0245869,0.894283,0.286163,0.0102934,0.0235617,0.057771,0.00861928,147438.000000
18,8191,0.188616,0.854622,0.00248838,0.0130041,0.0245156,0.89463,0.286096,0.0103014,0.0231367,0.0581079,0.00860116,155629.000000
19,8191,0.188996,0.85432,0.00219175,0.0132043,0.0243155,0.894032,0.284796,0.0102887,0.0226269,0.0582844,0.00853411,163820.000000
0,8191,0.179008,0.852857,-0.00148855,0.0105665,0.102995,0.964929,1.11232,0.0194404,0.178551,0.122374,0.0385164,8191.000000
1,8191,0.186864,0.849176,-0.00359265,0.0105729,0.0568299,0.912986,0.630909,0.013591,0.0948552,0.0792748,0.0210933,16382.000000
2,8191,0.187311,0.850634,-0.0019761,0.0102725,0.0438974,0.902828,0.491346,0.0119871,0.0683969,0.0654847,0.0161998,24573.000000
3,8191,0.188557,0.850686,-0.0020723,0.0101109,0.0363259,0.895051,0.411654,0.0110487,0.0544336,0.0578182,0.0133271,32764.000000
4,8191,0.186056,0.85053,-0.00231034,0.0101049,0.0327221,0.891047,0.370265,0.0106076,0.0463982,0.0533972,0.0118146,40955.000000
5,8191,0.184375,0.849691,-0.00281996,0.0101995,0.030314,0.887384,0.3502,0.0103878,0.0412393,0.0526888,0.0109643,49146.000000
6,8191,0.183213,0.849544,-0.00296831,0.0102602,0.02814,0.884976,0.328707,0.0101073,0.0373056,0.0508302,0.0101638,57337.000000
7,8191,0.182307,0.850198,-0.00249672,0.010364,0.0270401,0.885106,0.317694,0.00997038,0.0344756,0.0496083,0.00978281,65528.000000
8,8191,0.184012,0.850483,-0.00221746,0.0104976,0.0260802,0.884844,0.307821,0.00987108,0.0322642,0.0489621,0.00942658,73719.000000
9,8191,0.185457,0.851038,-0.00173283,0.0106385,0.0252509,0.885194,0.298641,0.00979352,0.0304161,0.0481716,0.00911975,81910.000000
10,8191,0.184722,0.851195,-0.00156156,0.0107814,0.0250804,0.885495,0.298032,0.00981141,0.0291844,0.0485115,0.00904433,90101.000000
11,8191,0.184135,0.851782,-0.00103136,0.0108744,0.0244944,0.88612,0.290918,0.00974977,0.0277845,0.0479119,0.00881835,98292.000000
12,8191,0.183544,0.851908,-0.000817268,0.0110131,0.0241674,0.886271,0.287598,0.00974942,0.0267468,0.0478735,0.0086867,106483.000000
13,8191,0.184598,0.851915,-0.000788613,0.0112069,0.0245293,0.886862,0.289034,0.00981279,0.0259997,0.0482841,0.00869477,114674.000000
14,8191,0.185497,0.852152,-0.000575643,0.0113777,0.0242108,0.887165,0.286506,0.00984588,0.0252036,0.0484185,0.00858779,122865.000000
15,8191,0.186271,0.852136,-0.000573695,0.0115618,0.0239115,0.887035,0.284217,0.00985674,0.0244982,0.0499976,0.00848585,131056.000000
16,8191,0.187036,0.852158,-0.000612222,0.011789,0.0238682,0.887203,0.284797,0.00986976,0.0239482,0.0506694,0.00848462,139247.000000
17,8191,0.186537,0.852377,-0.000396133,0.0119943,0.02389,0.887866,0.286003,0.00988692,0.0234823,0.051219,0.00850369,147438.000000
18,8191,0.187059,0.851889,-0.000806861,0.0122065,0.0237404,0.887029,0.285919,0.00989014,0.0230373,0.0514452,0.00845929,155629.000000
19,8191,0.187438,0.851725,-0.000844692,0.0123773,0.0235747,0.886832,0.284633,0.00987634,0.0225373,0.051604,0.00840062,163820.000000

