Backup ID, Logical chunk num, Unique chunk num, Base chunk num, Delta chunk num, Logical chunk size, Unique chunk size, Base chunk size, Delta chunk size, LZ4_save size, Delta_save size, 
0,24641,24495,24461,34,208250880,207122891,100522795,132661,106250527,216908
1,49838,39626,31436,8190,420976640,343883169,130445276,1751231,137248341,74438321
2,75769,54678,37459,17219,640409600,480951594,155755379,3858107,164226953,157111155
3,102154,69374,43225,26149,864501760,615776387,180428681,6251655,189836328,239259723
4,128934,85204,49893,35311,1092659200,760639837,208914257,8959157,219641169,323125254
5,156457,101934,57217,44717,1326612480,913110906,240177572,12085245,252096181,408751908
6,184290,118788,64086,54702,1563217920,1067086366,269551303,15504355,282376642,499654066
7,212510,136407,71609,64798,1803356160,1227283855,301721009,19180338,315673063,590709445
8,241451,155151,79421,75730,2049822720,1397466120,335111763,23187444,349914514,689252399
9,270745,172102,85275,86827,2300139520,1554665685,360204990,27119538,376395548,790945609
10,300593,189672,91581,98091,2554542080,1715971804,386837781,31279199,404620852,893233972
11,331389,208165,98850,109315,2817464320,1885698253,417437301,35645613,436969722,995645617
12,362473,226816,106370,120446,3082168320,2056620195,449571226,39651145,470320961,1097076863
13,394467,248136,116072,132064,3355002880,2249505687,491190043,44081748,513218860,1201015036
14,427730,269719,126488,143231,3639654400,2446105951,535901606,48242966,559894866,1302066513
15,461573,291289,135894,155395,3929231360,2642868685,576022332,52746391,601826932,1412273030
16,495907,313484,147462,166022,4223057920,2845343213,625689111,57111569,654270238,1508272295
17,533891,338250,162091,176159,4533319680,3055374134,682392343,61216327,715105757,1596659707
18,573226,363914,175031,188883,4869498880,3288730076,737255738,66302855,774406952,1710764531
19,614460,390057,187159,202898,5222645760,3527677934,788705189,71390533,829469878,1838112334
20,657190,416136,198298,217838,5588357120,3767058441,835399753,76879338,879872467,1974906883
21,701984,444128,210673,233455,5970749440,4022803683,886944002,82583548,936355031,2116921102
22,748244,472329,222256,250073,6365849600,4281805935,935607504,88283467,989170628,2268744336
23,795533,500237,232488,267749,6770524160,4539452538,978496319,94526080,1035565292,2430864847
24,843831,528928,243162,285766,7183421440,4803542209,1022818302,100698906,1084025177,2595999824
25,892453,557325,253456,303869,7597076480,5064122709,1065197927,106538684,1130197500,2762188598
26,943081,588339,266144,322195,8028426240,5347599334,1117506397,112546877,1188161694,2929384366
27,994732,617593,276305,341288,8468920320,5618093235,1159760900,118590484,1234139452,3105602399
28,1047519,648825,287143,361682,8918517760,5905656166,1204973826,125286891,1283724371,3291671078
29,1100481,678191,296624,381567,9369497600,6177498332,1244618768,134263128,1325929915,3472686521
30,1161683,730293,336873,393420,9891061760,6631310292,1408393076,144185732,1509047857,3569683627
31,1224165,764459,349028,415431,10425190400,6949135668,1459218562,150364686,1565781477,3773770943
32,1287906,799067,360701,438366,10969159680,7270247371,1507499352,156838253,1618991046,3986918720
33,1352398,833924,371292,462632,11518976000,7592912324,1551012646,164334586,1667163267,4210401825
34,1418053,869731,382549,487182,12079032320,7925229976,1597019546,172691197,1718753697,4436765536
35,1485051,906885,394761,512124,12650547200,8269312100,1646907231,181010275,1775314656,4666079938
36,1552883,943650,406191,537459,13229209600,8610980264,1693498411,189147633,1828007587,4900326633
37,1620506,980487,417553,562934,13805813760,8953041890,1739818516,197290314,1880453340,5135479720
38,1688546,1017268,427537,589731,14386237440,9294603528,1781004467,205502401,1925823273,5382273387
39,1757006,1054333,438580,615753,14970695680,9640069539,1826685693,214002774,1976922431,5622458641
40,1810412,1083547,446892,636655,15425167360,9911406345,1861492357,224421711,2015079242,5810413035
41,1864540,1113534,455593,657941,15886080000,10189212551,1897870911,233160908,2054964349,6003216383
42,1919273,1143338,463648,679690,16352163840,10465661096,1931567514,241047109,2092471996,6200574477
43,1974837,1173737,471871,701866,16824729600,10747386683,1966008887,249814756,2130217602,6401345438
44,2031182,1204027,479874,724153,17304453120,11028976023,1999335314,258027534,2167125869,6604487306
45,2088613,1233728,486651,747077,17793658880,11306693526,2027467658,265665756,2198459251,6815100861
46,2147190,1264387,493828,770559,18292684800,11593204633,2057261910,274736813,2232069709,7029136201
47,2206496,1294554,499731,794823,18798346240,11876362472,2081853147,282855188,2259534274,7252119863
48,2266715,1323504,504040,819464,19312179200,12150398334,2099567923,290736804,2279510662,7480582945
49,2335940,1359838,514129,845709,19902177280,12489094108,2141058124,307013840,2326439410,7714582734
50,2419066,1426420,561204,865216,20615280640,13077690238,2327899271,323907056,2549827832,7876056079
51,2503193,1471068,575610,895458,21337559040,13492750308,2387258925,332382098,2616762005,8156347280
52,2593570,1520912,594678,926234,22117294080,13956496725,2455701668,341833361,2718171399,8440790297
53,2687808,1568890,609743,959147,22935326720,14407514754,2512933218,352219253,2796674591,8745687692
54,2782874,1615142,624066,991076,23760384000,14838437071,2570383657,364674650,2862893898,9040484866
55,2878878,1662942,637948,1024994,24594739200,15284296250,2627066796,376715373,2927875402,9352638679
56,2975128,1710128,651533,1058595,25430681600,15725714597,2681755608,389379899,2992113695,9662465395
57,3070965,1757037,665724,1091313,26264494080,16164609531,2738991373,400284556,3059531651,9965801951
58,3166442,1803100,678523,1124577,27094425600,16595252208,2791135521,410766488,3119693705,10273656494
59,3262959,1849992,692098,1157894,27933890560,17033027647,2846508897,421859975,3182907398,10581751377
60,3332759,1886832,700885,1185947,28529817600,17377600787,2882992520,435501971,3223734804,10835371492
61,3430872,1934164,714582,1219582,29384591360,17821510252,2938474618,447685534,3289528258,11145821842
62,3504712,1972423,724238,1248185,30015549440,18178220181,2978335334,457822869,3333818940,11408243038
63,3579605,2009807,732842,1276965,30656389120,18529206646,3014007338,468034455,3374072941,11673091912
64,3655420,2047926,741138,1306788,31304744960,18886528805,3047977394,478531794,3412817615,11947202002
65,3732183,2085663,748388,1337275,31962798080,19242462056,3078229858,489004948,3446723682,12228503568
66,3809922,2124329,756390,1367939,32629002240,19606090117,3111654633,499211433,3484134389,12511089662
67,3888789,2162403,762922,1399481,33305978880,19966345083,3138844907,510054374,3514417656,12803028146
68,3968924,2200450,769428,1431022,33992949760,20325995601,3165716945,520057078,3544414605,13095806973
69,4050053,2237353,774352,1463001,34688532480,20677381896,3186006880,530373071,3567414986,13393586959
70,4149217,2284535,788484,1496051,35551836160,21119663880,3242869175,552581059,3635202634,13689011012
71,4265450,2371143,851047,1520096,36571084800,21893659608,3480132600,594031199,3948306271,13871189538
72,4386386,2425654,868629,1557025,37635307520,22408755401,3546215997,604330919,4039166312,14219042173
73,4508081,2477154,882336,1594818,38705633280,22895215145,3601333217,615427885,4104287118,14574166925
74,4632072,2531806,897828,1633978,39797422080,23410168790,3661764480,627375006,4180286101,14940743203
75,4732223,2578458,908693,1669765,40669081600,23848856535,3706315684,642601411,4231339858,15268599582
76,4832181,2625447,922477,1702970,41540311040,24291221580,3762468300,661576885,4296888139,15570288256
77,4936619,2671964,933332,1738632,42453647360,24729783746,3806567675,677583621,4347706670,15897925780
78,5043629,2718584,943271,1775313,43391784960,25170334985,3846645832,691582203,4394701672,16237405278
79,5152164,2765822,953305,1812517,44339476480,25614745161,3886287150,704938891,4441750749,16581768371
80,5261707,2811976,961567,1850409,45297090560,26053001409,3919570433,717938680,4480674130,16934818166
81,5372102,2858319,969523,1888796,46262865920,26494109032,3951956456,731028814,4518213909,17292909853
82,5484739,2905801,977639,1928162,47246745600,26944336428,3984270779,743711276,4556228118,17660126255
83,5615274,2974727,1036467,1938260,48257761280,27443678836,4173051514,751455882,4774424945,17744746495
84,5746948,3029093,1053950,1975143,49277388800,27828197717,4224539739,761237594,4836077755,18006342629
85,5878524,3079049,1060729,2018320,50296289280,28176859675,4242112004,770870057,4858864298,18305013316
86,6010103,3128955,1066267,2062688,51315240960,28525163481,4256272326,780613525,4877722757,18610554873
87,6141701,3178812,1070825,2107987,52334305280,28872958077,4267926084,790459500,4893250290,18921322203
88,6273302,3228688,1074908,2153780,53353441280,29220978790,4278743668,799794757,4907566615,19234873750
89,6404919,3278502,1079002,2199500,54372648960,29568467799,4289490415,808939637,4922295764,19547741983
90,6536540,3328324,1082520,2245804,55391866880,29916062621,4298570438,817454050,4934485440,19865552693
91,6668160,3378140,1085494,2292646,56411105280,30263561394,4306188019,828253082,4944836829,20184283464
92,6804565,3431960,1095702,2336258,57475010560,30644138614,4337428893,836003973,4981864446,20488841302
93,6940979,3482283,1099321,2382962,58538915840,30995265413,4346640540,843336882,4994049734,20811238257
94,7077386,3532627,1102546,2430081,59602872320,31346808615,4354997802,849558516,5005263647,21136988650
95,7213812,3582970,1105776,2477194,60666920960,31698289312,4363239824,854728146,5016402500,21463918842
96,7350241,3633269,1109588,2523681,61731000320,32049460760,4373132319,858339694,5029885098,21788103649
97,7486674,3683528,1112213,2571315,62795130880,32400320490,4379787262,861961771,5038996052,22119575405
98,7623116,3733785,1114694,2619091,63859322880,32751090403,4386060747,865641981,5047654430,22451733245
99,7759591,3784184,1117780,2666404,64923535360,33102591715,4393914135,880170345,5058220611,22770286624
100,7896734,3837918,1126917,2711001,65993605120,33482551991,4421605431,895586934,5091361425,23073998201
101,8033918,3888530,1130926,2757604,67063715840,33836062449,4432180001,901478113,5105611861,23396792474
102,8171098,3939120,1133964,2805156,68133888000,34189542680,4440204293,905860458,5116175033,23727302896
103,8308293,3989691,1136735,2852956,69204070400,34542631238,4447384360,909446978,5125753041,24060046859
104,8445492,4040213,1139589,2900624,70274324480,34895496730,4454460331,914082347,5135536928,24391417124
105,8582680,4090615,1141719,2948896,71344588800,35247383444,4459774741,918453992,5142905833,24726248878
106,8719869,4141100,1144638,2996462,72414894080,35599950429,4466795394,922561929,5152776080,25057817026
107,8857075,4191540,1146602,3044938,73485209600,35952016244,4471594712,926489176,5159525642,25394406714
108,8994276,4241970,1148604,3093366,74555525120,36304049595,4476430888,944108953,5166424829,25717084925
109,9133868,4296766,1157795,3138971,75646996480,36692624072,4505285803,949940288,5200490587,26036907394
110,9273476,4347897,1160953,3186944,76738498560,37049737902,4513383771,954636268,5211114719,26370603144
111,9413087,4398892,1163485,3235407,77830031360,37405820556,4519780874,959474018,5219913025,26706652639
112,9552710,4449914,1165672,3284242,78921687040,37762308541,4525501062,964332953,5227673981,27044800545
113,9692345,4500877,1168038,3332839,80013373440,38118104505,4531486834,969176767,5235853285,27381587619
114,9831983,4551835,1170421,3381414,81105090560,38473884103,4537491327,973588020,5244082868,27718721888
115,9971637,4602922,1175274,3427648,82196858880,38830540205,4551764450,976793947,5261922552,28040059256
116,10111284,4653852,1177477,3476375,83288637440,39186071420,4557263376,996025723,5269562531,28363219790
117,10254480,4719071,1192704,3526367,84415191040,39665633935,4605622894,1006965419,5336189970,28716855652
118,10397681,4770973,1196205,3574768,85541744640,40028724542,4614728178,1011794765,5348011948,29054189651
119,10540871,4822680,1198851,3623829,86668339200,40390617824,4621610081,1016235209,5357245630,29395526904
120,10684073,4874361,1201131,3673230,87794995200,40752012280,4627556459,1020450134,5365061311,29738944376
121,10827281,4926037,1203728,3722309,88921692160,41113288654,4634159025,1025105616,5374118946,30079905067
122,10970483,4977636,1205909,3771727,90048409600,41473895648,4639722630,1029919377,5381735281,30422518360
123,11113686,5029199,1208009,3821190,91175137280,41834152531,4644985578,1034645205,5388891875,30765629873
124,11256922,5081046,1210409,3870637,92301875200,42196440001,4651147226,1060460762,5397275328,31087556685
125,11401515,5143663,1222713,3920950,93438638080,42646913920,4691919779,1070006373,5443840148,31441147620
126,11546098,5195868,1225922,3969946,94575441920,43011697796,4700213469,1074370036,5454772432,31782341859
127,11690685,5248179,1228184,4019995,95712296960,43377614779,4706046281,1078639413,5462431100,32130497985
128,11835284,5300501,1230756,4069745,96849203200,43743443888,4713045381,1083327221,5471301154,32475770132
129,11979903,5352677,1233258,4119419,97986140160,44107982046,4719277161,1087468377,5480010066,32821226442
130,12124509,5404840,1235293,4169547,99123118080,44472661525,4724345979,1091432655,5487025530,33169857361
131,12269135,5456984,1237101,4219883,100260126720,44837198007,4728942723,1096171275,5493302083,33518781926
132,12413757,5509206,1239329,4269877,101397145600,45202159037,4734453304,1125034857,5501073160,33841597716
133,12560306,5573743,1252268,4321475,102548971520,45669972107,4776780310,1133452373,5551967403,34207772021
134,12706853,5626534,1255190,4371344,103700848640,46039405097,4784590150,1137996184,5562042218,34554776545
135,12853388,5679316,1257731,4421585,104852684800,46408795222,4791176862,1142494232,5570729473,34904394655
136,12999928,5732016,1259842,4472174,106004572160,46777402158,4796668901,1147962741,5578126549,35254643967
137,13146491,5784871,1261942,4522929,107156520960,47147233419,4801946464,1153462634,5585280204,35606544117
138,13293046,5837477,1263792,4573685,108308500480,47515049838,4806565086,1158202854,5591672166,35958609732
139,13439601,5890056,1265927,4624129,109460500480,47882533659,4811714692,1162878190,5599002572,36308938205
140,13586157,5942529,1267741,4674788,110612520960,48249044660,4816225870,1167261792,5605176014,36660380984
141,13732717,5995056,1269704,4725352,111764551680,48616124200,4821077402,1195413281,5611960697,36987672820
142,13880344,6058499,1281743,4776756,112924149760,49073860100,4860804535,1206746056,5657991973,37348317536
143,14027988,6111925,1285016,4826909,114083829760,49447891995,4869235866,1210468299,5669228853,37698958977
144,14175645,6165186,1287525,4877661,115243581440,49820445302,4875629468,1215519213,5677834847,38051461774
145,14323303,6218305,1289675,4928630,116403353600,50191733991,4881020645,1220621473,5685202753,38404889120
146,14470960,6271425,1291764,4979661,117563146240,50563113252,4886404031,1226039677,5692430927,38758238617
147,14618628,6324581,1293984,5030597,118722969600,50934898919,4891936467,1230589682,5700209876,39112162894
148,14766300,6377676,1296050,5081626,119882823680,51306102127,4897140222,1235747259,5707373027,39465841619
149,14913989,6430735,1298251,5132484,121042739200,51676783287,4902579114,1240782381,5714959680,39818462112
150,15061697,6483725,1301440,5182285,122202654720,52046653921,4910849047,1276945832,5726160913,40132698129
151,15215081,6551594,1316939,5234655,123417743360,52542126172,4958828414,1290127647,5794003736,40499166375
152,15368526,6606120,1320946,5285174,124632862720,52923284157,4969418990,1296525051,5807597394,40849742722
153,15521904,6659947,1324023,5335924,125848002560,53299309398,4977807950,1300997796,5818693646,41201810006
154,15675282,6713636,1326052,5387584,127063162880,53674073370,4982888205,1305321932,5825808819,41560054414
155,15828675,6767498,1328436,5439062,128278353920,54050239508,4989000625,1310640334,5834180015,41916418534
156,15982054,6821147,1330387,5490760,129493575680,54424765409,4993840684,1315217387,5840916255,42274791083
157,16135440,6874760,1332444,5542316,130708828160,54798978754,4998852601,1319960141,5848022058,42632143954
158,16288844,6928446,1334753,5593693,131924111360,55173626794,5004444892,1355942837,5856083374,42957155691
159,16447881,6997829,1351269,5646560,133193082880,55683897240,5054269657,1369248467,5931040266,43329338850
160,16606926,7052409,1354352,5698057,134462105600,56065143765,5062138473,1373944752,5941724496,43687336044
161,16765974,7106802,1356764,5750038,135731159040,56444802879,5068149772,1378327935,5949983475,44048341697
162,16925032,7161385,1359616,5801769,137000273920,56826044878,5075678881,1383889266,5960041843,44406434888
163,17084103,7215812,1362014,5853798,138269419520,57205869603,5081727974,1389398862,5968297710,44766445057
164,17243196,7270287,1363968,5906319,139538606080,57586041595,5086626268,1394372120,5975138421,45129904786
165,17402274,7324836,1365703,5959133,140807864320,57967173406,5091042221,1398569248,5981159853,45496402084
166,17561357,7379256,1367702,6011554,142077163520,58347083586,5096042643,1403779170,5988127467,45859134306
167,17720447,7433609,1369909,6063700,143346462720,58726475359,5101253425,1439935664,5995684995,46189601275
168,17886817,7504752,1387308,6117444,144686612480,59254482293,5152308359,1529831073,6080695693,46491647168
169,18053209,7560224,1390846,6169378,146026874880,59642371034,5161263382,1554684948,6092968353,46833454351
170,18219602,7615541,1393486,6222055,147367178240,60028979932,5167986611,1572712437,6102133982,47186146902
171,18386010,7670761,1395831,6274930,148707522560,60414563771,5173886014,1590981734,6110346278,47539349745
172,18552417,7725971,1397863,6328108,150047897600,60800172108,5178909533,1604644944,6117401521,47899216110
173,18718807,7781013,1399727,6381286,151388272640,61184458625,5183458370,1616301950,6123885402,48260812903
174,18885225,7836302,1401972,6434330,152728668160,61570577496,5188823625,1628665520,6131602270,48621486081
175,19051640,7891501,1404455,6487046,154069084160,61956043340,5195003771,1649893490,6140237945,48970908134
176,19220179,7958927,1417168,6541759,155427061760,62443904441,5235519402,1681358517,6190938335,49336088187
177,19388737,8014877,1420210,6594667,156785070080,62834909536,5243479211,1690426846,6201511527,49699491952
178,19557303,8070715,1423097,6647618,158143150080,63225012328,5250621093,1700584073,6211433228,50062373934
179,19725862,8126473,1425381,6701092,159501301760,63614575920,5256388397,1709110132,6219416786,50429660605
180,19894446,8182287,1427775,6754512,160859504640,64004795765,5262290497,1718553721,6227823917,50796127630
181,20063015,8238008,1429914,6808094,162217748480,64394128344,5267701300,1726807043,6235446088,51164173913
182,20231579,8293687,1431708,6861979,163576023040,64783161592,5272190416,1734501862,6241678094,51534791220
183,20400159,8349256,1433582,6915674,164934318080,65171073852,5276810957,1741807273,6248191138,51904264484
184,20568769,8405097,1436389,6968708,166292643840,65560730580,5284009815,1769030466,6257996271,52249694028
185,20738884,8474319,1451976,7022343,167663482880,66060826530,5331483248,1791978652,6320742470,52616622160
186,20909007,8530654,1455268,7075386,169034342400,66453771629,5339307625,1800014013,6332290390,52982159601
187,21079149,8586848,1457559,7129289,170405335040,66846099255,5345034765,1806738224,6340280685,53354045581
188,21249296,8643194,1460082,7183112,171776348160,67239456128,5351373099,1813961346,6349130807,53724990876
189,21419516,8699712,1463310,7236402,173147402240,67633595012,5359562099,1823291866,6360268260,54090472787
190,21589668,8755882,1465352,7290530,174518487040,68025605366,5364659605,1830409243,6367449496,54463087022
191,21759830,8812170,1467168,7345002,175889612800,68418780233,5369187362,1836689915,6373766381,54839136575
192,21930000,8868495,1469357,7399138,177260769280,68811767293,5374701100,1843300826,6381436609,55212328758
193,22100177,8924695,1471613,7453082,178631946240,69203938386,5380156485,1874366409,6389293349,55560122143
194,22271074,8992244,1485413,7506831,180008775680,69690705773,5424741236,1891522927,6442513431,55931928179
195,22441790,9048642,1488501,7560141,181384151040,70084352759,5432592161,1898405722,6453089791,56300265085
196,22612511,9105227,1491255,7613972,182759546880,70479646678,5439688867,1905639616,6462564927,56671753268
197,22783370,9163082,1496040,7667042,184135034880,70884113696,5452572805,1918072660,6479732574,57033735657
198,22954098,9219404,1497938,7721466,185510543360,71277231023,5457231237,1923548858,6486392443,57410058485
199,23124824,9275749,1499944,7775805,186886082560,71670617640,5462353319,1929128435,6493468272,57785667614
200,23295551,9332065,1501954,7830111,188261662720,72063721272,5467359246,1935554790,6500477255,58160329981
201,23466280,9388353,1504238,7884115,189637253120,72456450053,5472973553,1965704745,6508500454,58509271301
202,23639562,9457474,1517908,7939566,191035084800,72958078126,5515979993,1982617225,6565404795,58894076113
203,23812842,9514409,1521510,7992899,192432936960,73355640238,5524745134,1988594386,6577715882,59264584836
204,23986132,9571470,1524198,8047272,193830850560,73754512241,5531369764,1995343085,6587103951,59640695441
205,24159416,9628351,1526621,8101730,195228815360,74151741452,5537450231,2001931901,6595559031,60016800289
206,24332721,9685313,1528726,8156587,196626831360,74549606383,5542790308,2008658842,6602868260,60395288973
207,24506020,9742188,1530501,8211687,198024888320,74946933668,5547201516,2014714513,6609171747,60775845892
208,24679332,9799081,1533087,8265994,199422986240,75344383951,5553797520,2020374351,6618405981,61151806099
209,24852683,9856049,1535250,8320799,200821135360,75742099691,5559067261,2055392960,6625959926,61501679544
