Backup ID, FPindex, SFindex, Deltaindex
0,1959600,4687040,1728
1,3170080,6024896,522144
2,4374240,7180544,938848
3,5549920,8287104,1320704
4,6816320,9564800,1710848
5,8154720,10969664,2117216
6,9503040,12288128,2551392
7,10912560,13732096,2983296
8,12412080,15231168,3462848
9,13768160,16353856,3938752
10,15173760,17562048,4402976
11,16653200,18952640,4863648
12,18145280,20387456,5332288
13,19850880,22242752,5826496
14,21577520,24233472,6305792
15,23303120,26031552,6840800
16,25078720,28245568,7299808
17,27060000,31041472,7751808
18,29113120,33512576,8312448
19,31204560,35829568,8936288
20,33290880,37964544,9577696
21,35530240,40326400,10233792
22,37786320,42537088,10936416
23,40018960,44492224,11677216
24,42314240,46532864,12424320
25,44586000,48501696,13163584
26,47067120,50926720,13910080
27,49407440,52868736,14698080
28,51906000,54938624,15523456
29,54255280,56749952,16324256
30,58423440,64467456,16810304
31,61156720,66800000,18012768
32,63925360,69038080,18966304
33,66713920,71069376,19938720
34,69578480,73225920,20912160
35,72550800,75565120,21902688
36,75492000,77749376,22907584
37,78438960,79923264,23910656
38,81381440,81828224,24970688
39,84346640,83933888,25976608
40,86683760,85500864,26779296
41,89082720,87149248,27595296
42,91467040,88671936,28436736
43,93898960,90231296,29282816
44,96322160,91747520,30130560
45,98698240,93029056,31000960
46,101150960,94381888,31873664
47,103564320,95496768,32774656
48,105880320,96306816,33663968
49,108787040,98211648,34675104
50,114113600,107206144,35447328
51,117685440,109967232,37001312
52,121672960,113590848,38257920
53,125511200,116472960,39577920
54,129211360,119215488,40823008
55,133035360,121866432,42167488
56,136810240,124459008,43479744
57,140562960,127171584,44758944
58,144248000,129604864,46067136
59,147999360,132194048,47357664
60,150946560,133829824,48404800
61,154733120,136436096,49705120
62,157793840,138260800,50777120
63,160784560,139863296,51852960
64,163834080,141426688,52959936
65,166853040,142787712,54080032
66,169946320,144286400,55195136
67,172992240,145507136,56336832
68,176036000,146731712,57462912
69,178988240,147653888,58592064
70,182762800,150328320,59867232
71,189691440,162265792,60860192
72,194052320,165635520,62829792
73,198172320,168265344,64352832
74,202544480,171232896,65874304
75,206276640,173269952,67222400
76,210035760,175885952,68468160
77,213757120,177947584,69862848
78,217486720,179826048,71223936
79,221265760,181727808,72595232
80,224958080,183288320,73977024
81,228665520,184794240,75358784
82,232464080,186328576,76772544
83,237978160,197606656,77230944
84,242327440,200962624,79447488
85,246323920,202263552,81222944
86,250316400,203326464,82803424
87,254304960,204200512,84371552
88,258295040,204981888,85946464
89,262280160,205763200,87497632
90,266265920,206430400,89063744
91,270251200,206990080,90633280
92,274556800,208927808,92138112
93,278582640,209608768,93838016
94,282610160,210204864,95429824
95,286637600,210797952,97006656
96,290661520,211499776,98564320
97,294682240,211971136,100148352
98,298702800,212411904,101731872
99,302734720,212966464,103302816
100,307033440,214684288,104813280
101,311082400,215424640,106481696
102,315129600,215964480,108081376
103,319175280,216456192,109675744
104,323217040,216957760,111258912
105,327249200,217326912,112856960
106,331288000,217858240,114425536
107,335323200,218199104,116021696
108,339357600,218549056,117614592
109,343741280,220257152,119153152
110,347831760,220828224,120872160
111,351911360,221277824,122488544
112,355993120,221665920,124107072
113,360070160,222072320,125710720
114,364146800,222497472,127314208
115,368233760,223366208,128875936
116,372308160,223763264,130480448
117,377525680,226573056,132215584
118,381677840,227218880,133958816
119,385814400,227697536,135603552
120,389948880,228106688,137239360
121,394082960,228577472,138863936
122,398210880,228961984,140494176
123,402335920,229333440,142122272
124,406483680,229760704,143752832
125,411493040,232047232,145473440
126,415669440,232639680,147204640
127,419854320,233043584,148869824
128,424040080,233499904,150519840
129,428214160,233936640,152161408
130,432387200,234295680,153812640
131,436558720,234614528,155466048
132,440736480,235009536,157107968
133,445899440,237394688,158874208
134,450122720,237922752,160644160
135,454345280,238380992,162317120
136,458561280,238754496,163990784
137,462789680,239126144,165663776
138,466998160,239456960,167330944
139,471204480,239830080,168983424
140,475402320,240137856,170644288
141,479604480,240482944,172296800
142,484679920,242713472,174047776
143,488954000,243307456,175822848
144,493214880,243755840,177509920
145,497464400,244124096,179195808
146,501714000,244492096,180871840
147,505966480,244881536,182543296
148,510214080,245238592,184218688
149,514458800,245618624,185886976
150,518698000,246193344,187525376
151,524127520,249065024,189327552
152,528489600,249803264,191142688
153,532795760,250351872,192841120
154,537090880,250714816,194554240
155,541399840,251128256,196254848
156,545691760,251462080,197954080
157,549980800,251825792,199648320
158,554275680,252227776,201335488
159,559826320,255301888,203155808
160,564192720,255857984,204994400
161,568544160,256284288,206722784
162,572910800,256788224,208434784
163,577264960,257214208,210148672
164,581622960,257563328,211872320
165,585986880,257871680,213603392
166,590340480,258223360,215319584
167,594688720,258611200,217028384
168,600380160,261799040,218875776
169,604817920,262447808,220733920
170,609243280,262923456,222491264
171,613660880,263343872,224238208
172,618077680,263699904,225993344
173,622481040,264027840,227740000
174,626904160,264428096,229477216
175,631320080,264866368,231205696
176,636714160,267204928,233073408
177,641190160,267764736,234936608
178,645657200,268282112,236694240
179,650117840,268689856,238459424
180,654582960,269110080,240219776
181,659040640,269487680,241978112
182,663494960,269803392,243742048
183,667940480,270114368,245497632
184,672407760,270604800,247238496
185,677945520,273505280,249075584
186,682452320,274103872,250957344
187,686947840,274508864,252751040
188,691455520,274947264,254529952
189,695976960,275528768,256292896
190,700470560,275882496,258068320
191,704973600,276196352,259853952
192,709479600,276576320,261629632
193,713975600,276963264,263402592
194,719379520,279492288,265239104
195,723891360,280060160,267125440
196,728418160,280548928,268918944
197,733046560,281427584,270689248
198,737552320,281754752,272482080
199,742059920,282102784,274262944
200,746565200,282451712,276042496
201,751068240,282852224,277811104
202,756597920,285376512,279703936
203,761152720,286036224,281587744
204,765717600,286514368,283395328
205,770268080,286946304,285189440
206,774825040,287309184,286994624
207,779375040,287611968,288804416
208,783926480,288081152,290587488
209,788483920,288458752,292384160
