Backup ID, Online Delta_save, Offline Delta_save, Offline delta time, Offline dedelta time, Offline delete time, Offline Delta chunk num
0,216908,0,0,0,0,0
1,74438321,0,0,0,0,0
2,157111155,0,0,0,0,0
3,239259723,0,0,0,0,0
4,323013599,111655,38,25,6,13
5,408640253,111655,38,25,6,13
6,499542411,111655,38,25,6,13
7,590597790,111655,38,25,6,13
8,689115425,136974,46,29,11,17
9,790052494,893115,328,236,33,92
10,889491278,3742694,1559,1169,83,390
11,984110477,11535140,4940,3670,199,1270
12,1067181440,29895423,14008,10685,326,3323
13,1155313571,45701465,21495,16378,474,5117
14,1238651064,63415449,29978,22914,641,7064
15,1333552565,78720465,36748,27966,823,8782
16,1420887766,87384529,41199,31442,988,9757
17,1498476923,98182784,46989,36023,1166,10966
18,1595171766,115592765,55425,42497,1394,12928
19,1709311335,128800999,62230,47806,1604,14424
20,1835661463,139245420,67401,51824,1804,15577
21,1958101567,158819535,77386,59601,2058,17785
22,2093694075,175050261,85575,65995,2309,19580
23,2234470632,196394215,97391,75469,2586,21922
24,2376047743,219952081,111024,86528,2871,24496
25,2523277075,238911523,122532,95926,3170,26606
26,2663575348,265809018,138279,108660,3500,29619
27,2818718625,286883774,150647,118729,3802,31918
28,2968677267,322993811,174554,138593,4196,35961
29,3126280719,346405802,189482,150756,4547,38726
30,3193408406,376275221,211996,169373,4987,42623
31,3395623372,378147571,213396,170542,5096,42854
32,3607074730,379843990,214307,171263,5177,43044
33,3825503624,384898201,218596,174966,5363,43630
34,4041278166,395487370,227564,182754,5643,44810
35,4257221507,408858431,237393,191094,5959,46299
36,4468136776,432189857,254243,205395,6348,48848
37,4683616726,451862994,267981,216951,6727,51030
38,4903197094,479076293,287481,233466,7131,54015
39,5106590206,515868435,315051,256964,7605,58087
40,5229315769,581097266,367742,302181,8222,65561
41,5365243454,637972929,415160,343051,8831,72109
42,5516995056,683579421,455935,378586,9418,77349
43,5666142533,735202905,500728,417511,10039,83217
44,5818890311,785596995,547085,458124,10633,88961
45,5988061965,827038896,584416,490820,11195,93596
46,6149294245,879841956,635635,535959,11819,99676
47,6333702123,918417740,676313,572226,12403,104087
48,6530326726,950256219,706337,598757,12924,107580
49,6678708080,1035874654,791786,674098,13653,117688
50,6772280363,1103775716,867803,741423,14546,126380
51,7042506642,1113840638,880147,752606,14927,127541
52,7315895875,1124894422,889338,760507,15317,128831
53,7606484214,1139203478,901219,770697,15736,130522
54,7880498520,1159986346,927309,794344,16330,132965
55,8159479459,1193159220,954790,818102,17023,136688
56,8431191499,1231273896,987886,846866,17674,141020
57,8707996300,1257805651,1010661,866664,18256,143997
58,8956893084,1316763410,1057941,907459,19032,150482
59,9217795069,1363956308,1096993,941175,19778,155818
60,9353847848,1481523644,1218104,1048842,20774,169262
61,9603255180,1542566662,1267953,1091784,21572,176169
62,9791740437,1616502601,1346208,1161876,22558,184332
63,9993879924,1679211988,1416047,1224764,23446,191283
64,10204849121,1742352881,1485430,1286967,24376,198463
65,10411457652,1817045916,1565124,1358310,25275,206814
66,10625477382,1885612280,1641928,1427419,26172,214509
67,10845741650,1957286496,1724793,1502294,27042,222499
68,11076744644,2019062329,1799355,1570048,27913,229307
69,11322000241,2071586718,1858569,1623331,28699,235238
70,11519661147,2169349865,1964880,1717837,29790,247043
71,11613846446,2257343092,2068199,1807930,31227,260269
72,11955297604,2263744569,2074145,1813216,31520,260929
73,12302417124,2271749801,2079644,1817794,31927,261850
74,12659670932,2281072271,2086752,1823839,32348,262913
75,12881630514,2386969068,2181130,1906291,33475,274839
76,13122852321,2447435935,2240040,1957901,34533,282139
77,13402219914,2495705866,2279951,1992064,35430,287887
78,13682151189,2555254089,2331173,2036502,36379,294671
79,13978491884,2603276487,2371436,2071401,37281,300035
80,14278081770,2656736396,2414301,2108303,38116,305998
81,14586773820,2706136033,2460064,2148544,38932,311520
82,14905592251,2754534004,2503004,2186110,39780,316894
83,14980395348,2764351147,2509141,2190775,40770,318366
84,15241565554,2764777075,2509258,2190826,40787,318432
85,15540236241,2764777075,2509258,2190826,40787,318432
86,15844710994,2765843879,2509847,2191264,40859,318583
87,16153714552,2767607651,2510916,2192084,40977,318832
88,16461630206,2773243544,2514832,2195231,41234,319601
89,16769839791,2777902192,2518644,2198371,41461,320273
90,17076083467,2789469226,2528735,2206864,41786,321871
91,17380640632,2803642832,2542300,2218310,42151,323990
92,17652840016,2836001286,2573718,2245299,42872,328419
93,17954111887,2857126370,2595182,2263804,43323,331378
94,18251257450,2885731200,2626474,2291109,43793,335365
95,18540951349,2922967493,2670478,2329864,44342,340614
96,18821273317,2966830332,2726123,2379327,44869,346796
97,19111498631,3008076774,2781988,2429440,45369,352548
98,19402026741,3049706504,2841618,2483167,45855,358451
99,19679257095,3091029529,2918165,2552563,46481,365602
100,19935795588,3138202613,3006760,2633208,47105,373552
101,20216281606,3180510868,3076886,2697182,47633,379704
102,20486684466,3240618430,3177126,2788569,48145,388557
103,20766336556,3293710303,3270019,2873891,48710,396128
104,21038138121,3353279003,3382653,2977661,49248,404992
105,21318970882,3407277996,3488383,3075412,49770,412971
106,21607252469,3450564557,3577109,3157773,50290,419336
107,21897909536,3496497178,3674415,3248379,50809,426036
108,22181397251,3535687674,3785816,3352460,51369,433356
109,22417755006,3619152388,3973826,3528116,52247,445710
110,22695560632,3675042512,4101074,3646937,52856,454137
111,22974581051,3732071588,4238635,3775904,53506,462731
112,23264166531,3780634014,4359861,3889847,54180,470014
113,23547223413,3834364206,4499510,4021226,54838,478284
114,23832107471,3886614417,4635214,4149180,55503,486034
115,24053713130,3986346126,4878698,4378122,56339,500576
116,24345186923,4018032867,4995882,4488838,57023,507044
117,24501691243,4215164409,5487319,4951927,58634,535392
118,24794179232,4260010419,5612265,5069947,59385,542318
119,25091705372,4303821532,5735251,5186296,60152,548955
120,25386502684,4352441692,5877007,5320608,60933,556399
121,25681871005,4398034062,6012968,5449526,61704,563442
122,25971602844,4450915516,6171099,5599505,62506,571594
123,26260996041,4504633832,6340286,5760228,63307,580058
124,26543073877,4544482808,6525020,5936215,64218,588805
125,26745558941,4695588679,6965973,6355153,65790,610820
126,27040830397,4741511462,7116023,6498168,66667,617855
127,27339538615,4790959370,7276108,6650607,67580,625501
128,27626294813,4849475319,7473643,6839230,68601,634413
129,27905212974,4916013468,7699406,7054759,69604,644647
130,28199619428,4970237933,7889570,7236641,70587,652929
131,28503124376,5015657550,8051935,7392008,71544,659927
132,28781497383,5060100333,8283872,7613816,72515,670056
133,28977234812,5230537209,8853523,8158859,74337,694664
134,29266095237,5288681308,9065337,8361836,75468,703501
135,29561550705,5342843950,9265902,8554016,76516,711886
136,29860257820,5394386147,9463859,8744019,77599,719840
137,30161877339,5444666778,9656371,8928724,78726,727647
138,30471361385,5487248347,9824565,9090326,79811,734239
139,30762288753,5546649452,10057647,9314267,80936,743380
140,31057885435,5602495549,10280945,9528975,82116,751970
141,31351226264,5636446556,10497133,9736872,83227,760261
142,31558961759,5789355777,11090630,10307632,85246,782998
143,31846705025,5852253952,11346581,10554049,86502,792532
144,32138272886,5913188888,11612293,10810384,87820,801909
145,32417584887,5987304233,11930786,11117554,89129,813232
146,32711790594,6046448023,12190943,11368540,90428,822403
147,33009081612,6103081282,12442185,11611249,91748,830936
148,33299304902,6166536717,12729862,11888936,93100,840926
149,33577204531,6241257581,13064993,12212550,94476,852443
150,33849600864,6283097265,13384440,12521269,95871,863171
151,34054018758,6445147617,14064109,13176808,98173,887301
152,34335674645,6514068077,14372990,13475083,99685,897907
153,34617756319,6584053687,14675726,13767057,101105,908669
154,34922207559,6637846855,14926948,14010164,102560,916784
155,35202253119,6714165415,15276422,14347998,104212,928424
156,35488833531,6785957552,15610041,14670734,105730,939307
157,35787741666,6844402288,15892136,14943803,107148,948333
158,36071209720,6885945971,16211670,15252863,108648,958807
159,36267145670,7062193180,17003243,16018305,111218,984938
160,36557121242,7130214802,17318378,16322871,112726,995507
161,36850868334,7197473363,17654904,16649242,114367,1005662
162,37140386528,7266048360,17983718,16967483,115978,1016235
163,37432108003,7334337054,18325075,17298231,117576,1026844
164,37747979872,7381924914,18565070,17530862,119007,1034208
165,38073625176,7422776908,18761726,17721298,120397,1040428
166,38374678756,7484455550,19068592,18018552,121903,1050040
167,38670622464,7518978811,19387632,18328171,123482,1059461
168,38860869419,7630777749,20292623,19205612,126173,1087011
169,39154697983,7678756368,20632880,19535785,127891,1097095
170,39461190988,7724955914,20930419,19824507,129557,1105912
171,39756769954,7782579791,21282087,20165546,131324,1116541
172,40067898875,7831317235,21569823,20444729,132897,1125094
173,40385552569,7875260334,21828782,20696195,134439,1132587
174,40687430560,7934055521,22185207,21042627,136079,1142580
175,40982581644,7988326490,22531956,21379205,137828,1152751
176,41193096386,8142991801,23397242,22219071,140815,1178171
177,41511005027,8188486925,23652514,22466805,142416,1185709
178,41806594593,8255779341,24046800,22850180,144272,1196620
179,42116987581,8312673024,24381245,23175512,146086,1205733
180,42411237488,8384890142,24785852,23568435,147742,1217417
181,42719728341,8444445572,25125213,23898264,149547,1226949
182,43041625555,8493165665,25412264,24177397,151245,1234867
183,43360014741,8544249743,25724139,24481138,152908,1243001
184,43636133081,8613560947,26224429,24968069,155039,1256360
185,43838512472,8778109688,27167316,25885206,158064,1282110
186,44144280115,8837879486,27527065,26235371,159952,1291694
187,44458458447,8895587134,27864279,26563513,161796,1300766
188,44748622309,8976368567,28342125,27028696,163778,1313429
189,45038372484,9052100303,28826352,27500823,165988,1325529
190,45341490463,9121596559,29254414,27917829,167911,1336585
191,45658740600,9180395975,29593895,28248186,169715,1345709
192,45963657809,9248670949,30004007,28647600,171698,1356407
193,46247474219,9312647924,30524288,29154627,173811,1369661
194,46412239215,9519688964,31692475,30291736,177175,1400739
195,46725864107,9574400978,32037714,30628320,179157,1409394
196,47030680764,9641072504,32447656,31027751,181351,1419905
197,47314923033,9718812624,32910525,31477942,183626,1432583
198,47626663137,9783395348,33306126,31863640,185499,1442486
199,47944770492,9840897122,33671999,32220634,187500,1451365
200,48253131562,9907198419,34082526,32620868,189524,1461658
201,48547738174,9961533127,34544322,33070980,191525,1473342
202,48751277316,10142798797,35619234,34118437,195011,1500797
203,49064020570,10200564266,35986644,34477017,197080,1509627
204,49369376972,10271318469,36456175,34935379,199250,1520796
205,49684566070,10332234219,36849017,35318646,201248,1530371
206,49983464256,10411824717,37368938,35826036,203437,1542902
207,50296935072,10478910820,37803998,36250705,205545,1553293
208,50622092816,10529713283,38109343,36548059,207186,1561284
209,50921171874,10580507670,38613566,37040625,209345,1572941
