BackupID, OnlineSpeed(MB/s), Encalve ProcessTime(s), BackupSize, OnlineSize, OfflineSize, OfflineTime(s)
0, 100.192, 1.98223, 208250880, 100655456, 100655456, 0.000308
1, 143.998, 1.40884, 212725760, 132196507, 132196507, 0.000329
2, 140.109, 1.49361, 219432960, 159613486, 159613486, 0.000381
3, 143.85, 1.48565, 224092160, 186680336, 186680336, 0.000403
4, 139.29, 1.56212, 228157440, 217923487, 217873414, 0.130556
5, 134.515, 1.65867, 233953280, 252262817, 252262817, 0.000464
6, 130.054, 1.73501, 236605440, 285055658, 285055658, 0.000556
7, 125.43, 1.82583, 240138240, 320901347, 320901347, 0.00061
8, 120.298, 1.9539, 246466560, 358310387, 358299207, 0.089595
9, 128.075, 1.86391, 250316800, 387697336, 387324528, 0.92325
10, 115.764, 2.0958, 254402560, 419466163, 418116980, 2.26713
11, 100.81, 2.48729, 262922240, 456464981, 453082914, 5.42207
12, 99.7026, 2.53194, 264704000, 497638731, 489222371, 11.4075
13, 91.307, 2.84968, 272834560, 542485895, 535271791, 9.8599
14, 91.4727, 2.96771, 284651520, 592471790, 584144572, 10.5921
15, 90.8214, 3.04072, 289576960, 635889234, 628768723, 9.28941
16, 91.9437, 3.04768, 293826560, 686845332, 682800680, 6.50498
17, 90.5363, 3.26818, 310261760, 748196602, 743608670, 8.0101
18, 91.4175, 3.50705, 336179200, 811463711, 803558593, 11.4363
19, 95.8041, 3.51537, 353146880, 866116802, 860095722, 9.26551
20, 96.8144, 3.60245, 365711360, 917058732, 912279091, 7.46665
21, 99.2512, 3.67429, 382392320, 978591635, 969527550, 13.1481
22, 99.3557, 3.79241, 395100160, 1031100311, 1023890971, 11.4248
23, 100.278, 3.84857, 404674560, 1082893841, 1073022399, 14.884
24, 99.5614, 3.95504, 412897280, 1134480730, 1123517208, 16.8771
25, 98.5848, 4.00155, 413655040, 1180534478, 1171736611, 14.7622
26, 96.5357, 4.26129, 431349760, 1242375330, 1230053274, 19.2277
27, 98.8612, 4.24927, 440494080, 1288171864, 1278351384, 15.5513
28, 95.8321, 4.47417, 449597440, 1346906127, 1330260717, 26.8314
29, 99.0721, 4.34116, 450979840, 1388512257, 1378881896, 18.3858
30, 74.5745, 6.66987, 521564160, 1564550445, 1552578808, 26.1554
31, 110.329, 4.61696, 534128640, 1610352381, 1609583248, 3.22506
32, 107.363, 4.83192, 543969280, 1665131610, 1664337605, 2.36998
33, 107.159, 4.89317, 549816320, 1717570673, 1715347232, 6.521
34, 109.086, 4.89623, 560056320, 1774027888, 1769710743, 11.8904
35, 106.389, 5.12307, 571514880, 1833873641, 1827917506, 13.0875
36, 106.167, 5.198, 578662400, 1892917057, 1882646044, 20.6326
37, 103.517, 5.31211, 576604160, 1946034954, 1937108830, 17.5341
38, 104.779, 5.28291, 580423680, 1998961021, 1986506868, 23.2272
39, 101.937, 5.46793, 584458240, 2057592242, 2040688467, 31.4776
40, 94.361, 4.59319, 454471680, 2114467580, 2085914068, 52.2502
41, 92.8748, 4.73283, 460912640, 2156508172, 2131031819, 47.2663
42, 93.0076, 4.77909, 466083840, 2192878637, 2172614623, 40.7702
43, 92.5298, 4.87058, 472565760, 2238580751, 2215823643, 44.5611
44, 95.1302, 4.8092, 479723520, 2279775284, 2257362848, 44.7196
45, 95.4907, 4.88574, 489205760, 2311462467, 2293133414, 37.0998
46, 94.5026, 5.03593, 499025920, 2354706462, 2331998723, 48.5317
47, 96.8642, 4.97848, 505661440, 2381777103, 2364708335, 38.9695
48, 95.0561, 5.15516, 513832960, 2404407413, 2390304727, 30.1215
49, 98.3129, 5.72322, 589998080, 2483200050, 2448071964, 74.8502
50, 81.623, 8.33182, 713103360, 2679070905, 2651806327, 69.8746
51, 104.097, 6.61705, 722278400, 2723859527, 2719641023, 14.9836
52, 108.325, 6.86463, 779735040, 2802105501, 2797535029, 13.4206
53, 113.103, 6.8976, 818032640, 2871128854, 2865152471, 16.0504
54, 113.217, 6.94981, 825057280, 2942803070, 2935058307, 27.6398
55, 112.834, 7.05195, 834355200, 3018382333, 3003782169, 32.9841
56, 115.626, 6.8948, 835942400, 3086497659, 3071135507, 36.4908
57, 115.573, 6.88039, 833812480, 3150743764, 3139275929, 26.7989
58, 116.276, 6.80696, 829931520, 3228820259, 3201902009, 50.7299
59, 113.294, 7.06633, 839464960, 3289091808, 3268368872, 42.9899
60, 99.0708, 5.7365, 595927040, 3369508792, 3318494491, 103.693
61, 109.954, 7.41382, 854773760, 3412643630, 3386160152, 51.8335
62, 92.6356, 6.49565, 630958080, 3468214060, 3436158203, 70.4316
63, 96.789, 6.31428, 640839680, 3509208015, 3482041793, 63.023
64, 98.6922, 6.26514, 648355840, 3554393607, 3526509188, 63.9623
65, 101.625, 6.17533, 658053120, 3599780376, 3567234806, 71.0068
66, 97.8346, 6.49404, 666204160, 3640783716, 3610866066, 68.3456
67, 98.6292, 6.54589, 676976640, 3680044454, 3648899281, 72.2649
68, 99.693, 6.57164, 686970880, 3712185040, 3685774023, 65.1058
69, 102.081, 6.49839, 695582720, 3738504553, 3716379951, 54.2541
70, 109.956, 7.48764, 863303680, 3833563708, 3795450234, 92.3612
71, 92.233, 10.5389, 1019248640, 4098030874, 4074163799, 97.3343
72, 125.56, 8.08313, 1064222720, 4153385360, 4150546916, 9.56031
73, 131.54, 7.75991, 1070325760, 4219768695, 4216761102, 11.3149
74, 127.258, 8.18186, 1091788800, 4293130310, 4289139486, 12.7049
75, 109.187, 7.61335, 871659520, 4394378601, 4348917095, 88.4577
76, 105.334, 7.88795, 871229440, 4446572091, 4424045185, 60.7375
77, 111.361, 7.82165, 913336320, 4502864904, 4484151296, 44.8765
78, 117.083, 7.6414, 938137600, 4563082620, 4538228035, 54.5838
79, 113.477, 7.96453, 947691520, 4611088570, 4591226041, 45.1125
80, 117.944, 7.74307, 957614080, 4659224050, 4637509113, 46.7687
81, 117.146, 7.86226, 965775360, 4703752701, 4682985270, 47.7624
82, 115.647, 8.11351, 983879680, 4748242577, 4727982055, 46.281
83, 86.1219, 11.1955, 1011015680, 4927398487, 4924507396, 19.368
84, 121.701, 7.99003, 1019627520, 4985975481, 4985777333, 0.377071
85, 138.125, 7.03495, 1018900480, 5012982061, 5012982061, 0.008927
86, 135.851, 7.15306, 1018951680, 5037298032, 5036885851, 1.81472
87, 134.299, 7.23653, 1019064320, 5059068604, 5058385584, 3.73897
88, 130.928, 7.42335, 1019136000, 5081184621, 5078538425, 8.86173
89, 128.66, 7.55473, 1019207680, 5100642683, 5098430052, 8.3443
90, 127.071, 7.64928, 1019217920, 5121703389, 5116024488, 15.5931
91, 124.281, 7.82116, 1019238400, 5140615248, 5134441101, 19.5469
92, 116.565, 8.70429, 1063905280, 5188833316, 5173432866, 40.7355
93, 129.92, 7.80958, 1063905280, 5200375759, 5189977422, 27.4085
94, 127.117, 7.98217, 1063956480, 5218340563, 5204556318, 36.101
95, 126.59, 8.01608, 1064048640, 5236095495, 5217967970, 46.8937
96, 124.385, 8.15844, 1064079360, 5253050927, 5231472013, 55.5125
97, 125.978, 8.05563, 1064130560, 5261584885, 5241749033, 53.8584
98, 123.871, 8.19312, 1064192000, 5271800646, 5251702728, 55.6988
99, 123.938, 8.18888, 1064212480, 5289720790, 5274084480, 70.4336
100, 114.677, 8.89889, 1070069760, 5335257956, 5317192365, 76.8363
101, 123.6, 8.25675, 1070110720, 5353488519, 5333658114, 61.5694
102, 124.36, 8.2068, 1070172160, 5374235024, 5346064751, 83.7781
103, 121.305, 8.41352, 1070182400, 5382112198, 5356831338, 77.5635
104, 122.253, 8.34885, 1070254080, 5396246661, 5368542678, 89.9747
105, 120.756, 8.45243, 1070264320, 5403194422, 5378228733, 84.0928
106, 121.027, 8.43384, 1070305280, 5409835605, 5389357323, 71.697
107, 119.579, 8.53608, 1070315520, 5419289639, 5398083888, 76.3739
108, 117.345, 8.69853, 1070315520, 5432943386, 5420539841, 86.6395
109, 115.579, 9.00602, 1091471360, 5493042428, 5455226091, 143.475
110, 123.365, 8.43783, 1091502080, 5493592029, 5468020039, 96.738
111, 120.898, 8.6103, 1091532800, 5505256236, 5479254892, 104.74
112, 119.114, 8.74025, 1091655680, 5511860660, 5489834015, 92.1429
113, 117.613, 8.85199, 1091686400, 5524845451, 5500663601, 105.859
114, 116.414, 8.94343, 1091717120, 5535184414, 5511079347, 102.7
115, 118.293, 8.80178, 1091768320, 5574647385, 5528558397, 178.346
116, 117.188, 8.88487, 1091778560, 5561547507, 5553289099, 90.3979
117, 117.787, 9.12122, 1126553600, 5701040085, 5612588313, 351.196
118, 122.248, 8.7884, 1126553600, 5646175241, 5626522943, 93.9567
119, 118.939, 9.03326, 1126594560, 5657292551, 5637845290, 93.2801
120, 120.443, 8.92096, 1126656000, 5669754387, 5648006593, 108.078
121, 121.804, 8.82156, 1126696960, 5679406676, 5659264641, 102.69
122, 119.575, 8.98614, 1126717440, 5692914352, 5669642007, 118.642
123, 118.026, 9.10417, 1126727680, 5702935267, 5679630783, 125.982
124, 115.865, 9.27405, 1126737920, 5720010916, 5711607988, 135.811
125, 111.314, 9.73917, 1136762880, 5829486041, 5761926152, 310.24
126, 122.905, 8.82098, 1136803840, 5795117176, 5774583505, 109.552
127, 119.64, 9.0621, 1136855040, 5806932032, 5784685694, 118.821
128, 119.747, 9.05441, 1136906240, 5822880870, 5796372602, 145.955
129, 115.403, 9.39549, 1136936960, 5835887014, 5806745538, 163.355
130, 114.477, 9.47183, 1136977920, 5840279836, 5815778634, 139.55
131, 115.712, 9.37102, 1137008640, 5845673830, 5825113998, 118.933
132, 113.976, 9.51384, 1137018880, 5867748451, 5859488161, 165.722
133, 112.368, 9.77559, 1151825920, 5986346488, 5910232683, 388.389
134, 121.424, 9.04696, 1151877120, 5948688637, 5922586334, 150.226
135, 119.463, 9.19509, 1151836160, 5957823389, 5933671094, 144.053
136, 117.506, 9.34865, 1151887360, 5967381651, 5944631642, 144.403
137, 115.699, 9.49518, 1151948800, 5977357765, 5955409098, 139.521
138, 118.682, 9.25677, 1151979520, 5983658811, 5964767940, 124.967
139, 114.286, 9.61301, 1152000000, 6000863786, 5974592882, 166.987
140, 114.995, 9.55395, 1152020480, 6008221620, 5983487662, 158.207
141, 104.696, 10.4938, 1152030720, 6020522336, 6016490683, 155.147
142, 113.818, 9.71618, 1159598080, 6134334523, 6067550591, 395.793
143, 115.256, 9.59568, 1159680000, 6108547405, 6079704165, 178.874
144, 118.009, 9.37241, 1159751680, 6118411728, 6091148681, 187.642
145, 117.243, 9.43381, 1159772160, 6133806510, 6101642118, 218.533
146, 115.474, 9.5785, 1159792640, 6138465830, 6112443708, 182.038
147, 114.006, 9.70204, 1159823360, 6147645546, 6122526149, 174.591
148, 115.579, 9.57026, 1159854080, 6160762689, 6132887481, 198.153
149, 114.732, 9.6414, 1159915520, 6176469284, 6143361495, 231.632
150, 112.964, 9.79232, 1159915520, 6191023093, 6187794879, 219.728
151, 112.501, 10.3003, 1215088640, 6318905487, 6248956061, 446.632
152, 121.425, 9.54357, 1215119360, 6296225834, 6265944041, 219.193
153, 119.765, 9.67599, 1215139840, 6309820513, 6278805746, 214.135
154, 117.506, 9.8622, 1215160320, 6312662229, 6288210137, 175.62
155, 119.835, 9.67076, 1215191040, 6333088329, 6299640959, 242.875
156, 117.586, 9.85595, 1215221760, 6341059649, 6309058071, 231.233
157, 115.415, 10.0416, 1215252480, 6344577287, 6318812742, 196.149
158, 117.245, 9.88518, 1215283200, 6363633296, 6360387729, 219.615
159, 114.766, 10.5448, 1268971520, 6500901966, 6423518124, 516.548
160, 125.279, 9.66034, 1269022720, 6466543893, 6436083225, 222.673
161, 122.112, 9.91113, 1269053440, 6476822771, 6446477707, 235.341
162, 122.546, 9.87645, 1269114880, 6489816832, 6459568147, 230.786
163, 120.727, 10.0256, 1269145600, 6501126186, 6471126836, 234.051
164, 121.389, 9.97113, 1269186560, 6502235540, 6480998388, 172.245
165, 120.276, 10.064, 1269258240, 6508010558, 6489611469, 143.004
166, 119.139, 10.1603, 1269299200, 6526521398, 6499821813, 215.366
167, 117.748, 10.2804, 1269299200, 6541342426, 6541189089, 221.033
168, 120.266, 10.627, 1340149760, 6688580799, 6682139432, 585.602
169, 124.998, 10.2256, 1340262400, 6727704548, 6715948330, 233.408
170, 125.551, 10.1808, 1340303360, 6755209109, 6740699048, 211.366
171, 124.644, 10.2553, 1340344320, 6783758645, 6764867748, 243.998
172, 122.262, 10.4552, 1340375040, 6801168198, 6783554477, 203.571
173, 122.931, 10.3983, 1340375040, 6816336816, 6799760320, 183.42
174, 121.203, 10.5468, 1340395520, 6840021819, 6817489145, 245.756
175, 119.994, 10.6532, 1340416000, 6862924553, 6844897261, 237.265
176, 122.891, 10.5384, 1357977600, 6975337888, 6916877919, 557.91
177, 127.157, 10.185, 1358008320, 6952334506, 6933906057, 181.333
178, 125.41, 10.3275, 1358080000, 6978747712, 6951205166, 268.39
179, 123.463, 10.4908, 1358151680, 6989051105, 6965498529, 231.058
180, 123.389, 10.4975, 1358202880, 7010238763, 6980844218, 278.596
181, 122.424, 10.5806, 1358243840, 7019128593, 6994508343, 231.382
182, 122.099, 10.609, 1358274560, 7027033640, 7006692278, 202.793
183, 120.985, 10.7069, 1358295040, 7040068398, 7018618230, 216.028
184, 121.949, 10.6224, 1358325760, 7073542756, 7053040281, 334.746
185, 118.52, 11.0305, 1370839040, 7189933010, 7123461900, 600.603
186, 124.877, 10.4691, 1370859520, 7164517494, 7139321638, 247.639
187, 123.8, 10.5613, 1370992640, 7176422571, 7151772989, 236.089
188, 124.385, 10.5117, 1371013120, 7200201443, 7165334445, 321.286
189, 121.312, 10.7783, 1371054080, 7214733469, 7182853965, 323.324
190, 124.718, 10.4842, 1371084800, 7224653266, 7195068848, 291.194
191, 119.446, 10.9473, 1371125760, 7231194583, 7205877277, 235.66
192, 122.388, 10.6843, 1371156480, 7247477051, 7218001926, 276.205
193, 121.808, 10.7354, 1371176960, 7270462449, 7254522894, 345.733
194, 107.552, 12.2085, 1376829440, 7404509156, 7316264163, 739.172
195, 124.548, 10.5314, 1375375360, 7354434229, 7330997883, 239.466
196, 123.926, 10.5844, 1375395840, 7373441058, 7345328483, 283.321
197, 126.031, 10.4083, 1375488000, 7400612993, 7370645465, 319.654
198, 123.15, 10.652, 1375508480, 7409038904, 7380780095, 265.92
199, 123.661, 10.6082, 1375539200, 7417098594, 7391481754, 252.712
200, 121.969, 10.7557, 1375580160, 7431224079, 7402914036, 279.021
201, 124.091, 10.5718, 1375590400, 7450598541, 7438678298, 311.335
202, 119.208, 11.1828, 1397831680, 7575462774, 7498597218, 679.82
203, 126.954, 10.5006, 1397852160, 7538731218, 7513339520, 249.145
204, 126.181, 10.5654, 1397913600, 7557058538, 7526712849, 312.718
205, 123.591, 10.7873, 1397964800, 7565452435, 7539382132, 270.659
206, 125.617, 10.6136, 1398016000, 7585463857, 7551449150, 352.052
207, 123.574, 10.7894, 1398056960, 7590908022, 7561916029, 292.398
208, 120.655, 11.0508, 1398097920, 7596328288, 7574171871, 213.347
209, 122.033, 10.9264, 1398149120, 7622148904, 7614460221, 337.23
