Backup ID, Ecall, Inline_Ocall, Offline_Ocall, _Inline_FPOcall, _Inline_SFOcall, _Inline_LocalOcall, _Inline_LoadOcall, _Inline_DeltaOcall, _Inline_RecipeOcall, _Inline_Write_ContainerOcall, _inline_have_similar_chunk_num, _inline_need_load_container_num
0,195,637,5,193,193,0,34,193,24,27,64,33,
1,394,1283,10,390,390,0,65,390,48,36,8227,276,
2,599,1957,15,593,593,0,105,593,73,45,17259,727,
3,808,2649,20,800,800,0,151,800,98,54,26191,1378,
4,1020,3368,12075,1010,1010,1,214,1009,124,64,35360,2240,
5,1238,4115,12080,1226,1226,1,287,1225,150,74,44773,3288,
6,1458,4872,12085,1444,1444,1,363,1443,177,84,54758,4548,
7,1681,5662,12090,1665,1665,1,463,1664,204,95,64857,6001,
8,1910,6489,20953,1892,1892,2,581,1890,232,106,75795,7643,
9,2141,7367,96089,2121,2121,3,744,2118,260,115,86901,9422,
10,2377,8369,215473,2355,2355,8,1015,2347,289,125,98168,11414,
11,2620,9611,416326,2596,2596,24,1504,2572,319,136,109401,13590,
12,2865,10913,656403,2839,2839,59,2047,2780,349,149,120536,15845,
13,3117,12336,912090,3089,3089,94,2689,2995,380,164,132165,18169,
14,3379,13825,1191331,3349,3349,131,3366,3218,412,180,143348,20460,
15,3646,15365,1488701,3614,3614,165,4078,3449,445,195,155514,22747,
16,3917,16964,1769359,3883,3883,184,4837,3699,478,211,166160,24896,
17,4216,18717,2076273,4180,4180,207,5662,3973,515,229,176320,27175,
18,4526,20472,2437556,4488,4488,250,6455,4238,553,248,189072,29658,
19,4851,22299,2793234,4811,4811,278,7273,4533,593,265,203098,32182,
20,5187,24225,3142285,5145,5145,299,8156,4846,634,282,218042,34781,
21,5539,26116,3568914,5495,5495,338,8954,5157,677,301,233672,37564,
22,5903,28153,3990841,5857,5857,372,9860,5485,722,319,250309,40487,
23,6275,30220,4463355,6227,6227,415,10771,5812,768,336,267996,43572,
24,6655,32294,4964014,6605,6605,460,11664,6145,815,354,286020,46720,
25,7037,34458,5476889,6985,6985,498,12641,6487,862,371,304128,49899,
26,7435,36721,6042016,7381,7381,553,13667,6828,911,391,322461,53268,
27,7841,39066,6590843,7785,7785,591,14750,7194,961,408,341555,56556,
28,8256,41544,7263720,8198,8198,666,15938,7532,1012,428,361950,60291,
29,8672,43939,7883285,8612,8612,713,17040,7899,1063,445,381835,63762,
30,9153,46898,8604131,9091,9091,814,18503,8277,1122,494,393698,67791,
31,9644,49422,8892624,9580,9580,818,19499,8762,1183,511,415709,70248,
32,10144,52028,9110652,10078,10078,821,20549,9257,1245,528,438671,73054,
33,10650,54759,9540229,10582,10582,830,21706,9752,1307,544,462937,76352,
34,11165,57486,10147997,11095,11095,850,22830,10245,1371,562,487488,79979,
35,11691,60319,10789994,11619,11619,876,24026,10743,1436,581,512433,83973,
36,12223,63171,11555982,12149,12149,919,25222,11230,1502,600,537770,88226,
37,12754,66135,12295221,12678,12678,958,26533,11720,1568,619,563251,92707,
38,13288,69137,13118276,13210,13210,1007,27873,12203,1634,637,590048,97335,
39,13825,72220,14040256,13745,13745,1079,29285,12666,1700,658,616071,102134,
40,14245,74835,15185134,14163,14163,1209,30594,12954,1752,679,636973,106369,
41,14670,77549,16309557,14586,14586,1326,31987,13260,1804,699,658259,110519,
42,15100,80370,17394204,15014,15014,1415,33471,13599,1857,717,680008,114535,
43,15537,83233,18534354,15449,15449,1517,34975,13932,1911,736,702184,118715,
44,15980,86082,19658598,15890,15890,1611,36446,14279,1966,755,724471,122816,
45,16431,89099,20732409,16339,16339,1684,38060,14655,2022,771,747395,126901,
46,16891,92139,21901830,16797,16797,1780,39669,15017,2079,789,770877,131189,
47,17357,95275,23031326,17261,17261,1850,41356,15411,2136,804,795141,135349,
48,17830,98514,24042917,17732,17732,1905,43124,15827,2194,816,819783,139435,
49,18373,101854,25472163,18273,18273,2077,44774,16196,2261,842,846032,144978,
50,19025,105928,27015129,18923,18923,2279,46817,16644,2342,903,865708,151109,
51,19685,109697,27880854,19581,19581,2297,48530,17284,2424,924,895961,154901,
52,20394,113790,28751967,20288,20288,2321,50414,17967,2512,949,927048,159152,
53,21133,117883,29645471,21025,21025,2348,52204,18677,2604,971,960002,163860,
54,21878,121997,30847868,21768,21768,2389,53997,19379,2696,994,991932,169038,
55,22631,126195,32144854,22518,22518,2454,55851,20065,2789,1018,1025852,174705,
56,23385,130239,33435804,23259,23259,2524,57568,20747,2882,1042,1059458,180531,
57,24136,134348,34633412,23981,23981,2578,59391,21442,2975,1065,1092188,186355,
58,24884,138345,36150175,24697,24697,2689,61117,22077,3068,1090,1125473,192481,
59,25641,142562,37630850,25423,25423,2785,63033,22736,3162,1115,1158794,198639,
60,26189,145882,39592344,25969,25969,3011,64647,23056,3230,1143,1186848,204516,
61,26958,150318,41149682,26706,26706,3130,66747,23704,3325,1169,1220487,210970,
62,27537,154223,42997045,27282,27282,3271,68851,24140,3397,1192,1249095,216444,
63,28125,158151,44688553,27867,27867,3383,70950,24614,3470,1212,1278063,221725,
64,28720,162063,46418923,28459,28459,3497,73011,25093,3544,1233,1307922,227125,
65,29322,165913,48120732,29058,29058,3630,74989,25560,3618,1254,1338409,232573,
66,29932,169984,49854721,29665,29665,3750,77163,26048,3693,1276,1369118,238091,
67,30551,174130,51589071,30281,30281,3871,79383,26544,3770,1296,1400661,243669,
68,31180,178420,53303380,30907,30907,3975,81716,27067,3848,1315,1432202,249198,
69,31816,182663,54865770,31540,31540,4065,83980,27611,3927,1331,1464182,254498,
70,32593,187222,56931191,32281,32281,4278,86186,28173,4023,1363,1497254,261631,
71,33504,192480,59357136,33160,33160,4614,88664,28746,4136,1442,1521602,270093,
72,34451,197361,60109575,34073,34073,4624,90656,29681,4254,1465,1558561,274434,
73,35404,202211,61075133,34991,34991,4640,92601,30616,4372,1486,1596355,279253,
74,36375,207287,62056337,35925,35925,4659,94719,31566,4493,1509,1635541,284723,
75,37160,211962,64257834,36671,36671,4859,97022,32149,4590,1538,1671328,291694,
76,37943,216892,66243260,37416,37416,4987,99584,32802,4687,1565,1704538,298241,
77,38761,221918,67979542,38194,38194,5084,102137,33521,4788,1588,1740200,304534,
78,39600,226802,69801808,38994,38994,5199,104480,34243,4892,1611,1776881,310952,
79,40450,231926,71541442,39802,39802,5290,107035,35000,4997,1633,1814094,317503,
80,41308,236918,73167223,40608,40608,5385,109453,35761,5103,1653,1851986,323986,
81,42173,241985,74814833,41412,41412,5473,111942,36536,5210,1673,1890373,330430,
82,43055,247194,76511446,42235,42235,5559,114516,37330,5319,1693,1929739,336910,
83,44077,254521,78210642,43195,43195,5644,118776,38265,5446,1746,1939891,343587,
84,45108,260274,78243133,44161,44161,5645,121440,39293,5574,1765,1976776,348079,
85,46138,265604,78243138,45122,45122,5645,123692,40321,5702,1776,2019960,352715,
86,47168,271031,78427893,46083,46083,5648,126041,41346,5830,1786,2064330,358059,
87,48199,276560,78828986,47046,47046,5652,128487,42371,5958,1796,2109629,363909,
88,49230,282167,79605007,48006,48006,5666,131017,43386,6086,1806,2155424,370305,
89,50261,287944,80318803,48964,48964,5677,133721,44404,6214,1816,2201156,376804,
90,51292,293759,81231570,49922,49922,5702,136463,45408,6342,1826,2247461,383667,
91,52323,299733,82268202,50878,50878,5733,139368,46406,6470,1836,2294305,390767,
92,53391,306163,83997433,51875,51875,5815,142605,47390,6603,1853,2337919,398449,
93,54459,312167,85283474,52871,52871,5859,145418,48412,6736,1863,2384624,405581,
94,55527,318240,86653444,53869,53869,5917,148296,49420,6869,1874,2431744,413044,
95,56595,324393,88269596,54862,54862,5993,151264,50410,7002,1886,2478857,420640,
96,57663,330751,89859482,55853,55853,6082,154441,51387,7135,1899,2525346,428529,
97,58731,337002,91424064,56839,56839,6163,157521,52372,7268,1911,2572980,436205,
98,59799,343364,92959503,57826,57826,6249,160710,53352,7401,1923,2620756,443962,
99,60868,349694,94948664,58809,58809,6355,163874,54313,7534,1936,2668070,451853,
100,61942,356470,96787693,59794,59794,6479,167475,55261,7667,1955,2712672,460003,
101,63016,362914,98499006,60775,60775,6569,170752,56243,7800,1968,2759276,467882,
102,64090,369281,100322408,61756,61756,6688,173952,57196,7933,1982,2806829,475884,
103,65164,375812,102186343,62736,62736,6801,177318,58155,8066,1995,2854629,483959,
104,66238,382386,104105437,63716,63716,6926,180727,59102,8199,2008,2902303,492056,
105,67312,389044,105975227,64696,64696,7036,184220,60064,8332,2021,2950586,500014,
106,68386,395745,107786758,65676,65676,7126,187756,61046,8465,2033,2998159,507769,
107,69460,402458,109608834,66656,66656,7219,191304,62025,8598,2045,3046644,515494,
108,70534,409346,111604819,67636,67636,7320,195027,62996,8731,2057,3095076,523345,
109,71627,416227,114361403,68637,68637,7519,198679,63888,8867,2079,3140682,532035,
110,72720,422928,116450318,69638,69638,7634,202151,64864,9003,2092,3188659,539984,
111,73813,429803,118695786,70638,70638,7750,205799,65839,9139,2105,3237134,548109,
112,74906,436738,120946631,71637,71637,7855,209509,66825,9275,2118,3285971,556131,
113,75999,443780,123194620,72636,72636,7965,213326,67806,9411,2130,3334649,564234,
114,77092,450922,125467873,73635,73635,8078,217243,68784,9547,2142,3383225,572410,
115,78186,457866,128424671,74636,74636,8323,220957,69631,9683,2161,3429469,581579,
116,79279,464956,130735053,75635,75635,8410,224822,70635,9819,2173,3478196,589421,
117,80400,471164,135552087,76661,76661,8890,227720,71274,9958,2214,3528267,600420,
118,81521,477959,137963103,77687,77687,8981,231205,72302,10097,2226,3576669,607862,
119,82642,485006,140411814,78714,78714,9068,234940,73334,10236,2237,3625753,615584,
120,83763,491951,142935655,79740,79740,9164,238575,74357,10375,2249,3675155,623311,
121,84884,498790,145401640,80760,80760,9256,242116,75384,10514,2261,3724235,630863,
122,86005,505781,148075548,81782,81782,9368,245805,76391,10653,2273,3773653,638664,
123,87126,512916,150752403,82804,82804,9475,249638,77403,10792,2285,3823117,646567,
124,88248,520158,153706330,83826,83826,9592,253577,78406,10931,2299,3872564,654626,
125,89380,526982,158452672,84860,84860,9952,257062,79176,11072,2332,3922886,664762,
126,90512,533894,161224003,85892,85892,10041,260639,80217,11213,2344,3971885,672280,
127,91644,540931,164112802,86924,86924,10137,264341,81251,11354,2356,4021935,680044,
128,92776,547929,167346849,87953,87953,10261,268010,82257,11495,2369,4071689,688038,
129,93908,555075,170594897,88981,88981,10394,271829,83254,11636,2383,4121363,696216,
130,95040,562368,173725547,90007,90007,10500,275799,84278,11777,2395,4171492,704270,
131,96172,569752,176685875,91028,91028,10590,279870,85318,11918,2406,4221830,712245,
132,97304,577077,179950230,92049,92049,10720,283882,86318,12059,2421,4271824,720518,
133,98451,583820,185515246,93087,93087,11110,287261,87073,12202,2456,4323433,730959,
134,99598,590800,188936890,94125,94125,11233,290877,88095,12345,2469,4373302,738942,
135,100745,597958,192199121,95161,95161,11338,294675,89135,12488,2482,4423544,747028,
136,101892,605211,195541890,96197,96197,11443,298568,90175,12631,2494,4474133,755140,
137,103040,612540,198916442,97236,97236,11550,302530,91214,12774,2506,4524894,763292,
138,104187,619829,202262085,98272,98272,11636,306459,92273,12917,2518,4575650,771141,
139,105334,627298,205865021,99309,99309,11755,310566,93299,13060,2531,4626094,779384,
140,106481,634831,209488115,100345,100345,11869,314739,94330,13203,2543,4676760,787596,
141,107628,642427,213010766,101382,101382,11975,318973,95369,13346,2556,4727334,795805,
142,108784,649406,219019651,102429,102429,12331,322560,96167,13490,2589,4778738,806081,
143,109940,656847,222889822,103477,103477,12456,326607,97196,13634,2603,4828909,814393,
144,111096,664219,226858764,104523,104523,12580,330589,98226,13778,2616,4879661,822678,
145,112252,671583,231001323,105569,105569,12731,334563,99229,13922,2631,4930633,831256,
146,113408,679040,234990863,106615,106615,12853,338630,100261,14066,2644,4981665,839562,
147,114564,686663,238965859,107660,107660,12971,342865,101297,14210,2657,5032630,847942,
148,115720,694190,243109503,108704,108704,13103,347006,102319,14354,2671,5083659,856374,
149,116876,701685,247421847,109750,109750,13260,351111,103316,14498,2686,5134519,864971,
150,118032,709250,251742396,110792,110792,13409,355294,104321,14642,2702,5184321,873550,
151,119233,716541,258412550,111883,111883,13798,359055,105131,14791,2739,5236839,884315,
152,120434,723984,262954875,112973,112973,13946,362970,106182,14940,2755,5287363,892803,
153,121635,731562,267250156,114063,114063,14094,367020,107233,15089,2770,5338114,901508,
154,122836,739250,271448485,115153,115153,14205,371180,108321,15238,2783,5389782,909955,
155,124037,746819,276284932,116243,116243,14368,375221,109357,15387,2798,5441260,918727,
156,125238,754452,280871722,117330,117330,14518,379332,110406,15536,2812,5492958,927425,
157,126439,762350,285128795,118416,118416,14639,383710,111484,15685,2825,5544514,935959,
158,127640,770124,289643446,119504,119504,14780,387960,112542,15834,2840,5595892,944551,
159,128885,777416,297090732,120636,120636,15196,391590,113369,15989,2879,5648835,955753,
160,130130,785042,301622247,121763,121763,15329,395564,114479,16144,2894,5700338,964256,
161,131375,792789,306386558,122894,122894,15467,399651,115584,16299,2908,5752324,972909,
162,132620,800484,311134107,124025,124025,15617,403686,116677,16454,2923,5804115,981668,
163,133865,808311,315913840,125153,125153,15760,407859,117777,16609,2937,5856144,990446,
164,135110,816156,320177788,126283,126283,15857,412046,118923,16764,2950,5908665,998771,
165,136355,824121,324211717,127409,127409,15942,416361,120081,16919,2961,5961479,1007048,
166,137600,832100,328859593,128535,128535,16068,420690,121198,17074,2974,6013900,1015644,
167,138845,840168,333638245,129657,129657,16193,425116,122316,17229,2988,6066048,1024259,
168,140147,847819,341641169,130838,130838,16629,428943,123180,17391,3029,6120410,1035599,
169,141449,855764,346588374,132011,132011,16762,433080,124347,17553,3045,6172345,1044224,
170,142751,863821,351388625,133179,133179,16877,437339,125532,17715,3059,6225022,1052885,
171,144054,871881,356457092,134347,134347,17024,441600,126686,17877,3074,6277898,1061795,
172,145357,880164,361125701,135515,135515,17141,446084,127870,18039,3087,6331076,1070610,
173,146659,888442,365642369,136681,136681,17241,450568,129070,18201,3100,6384254,1079236,
174,147962,896726,370605959,137847,137847,17371,455057,130241,18363,3115,6437298,1088142,
175,149265,905022,375752151,139013,139013,17508,459558,131405,18525,3131,6490014,1097024,
176,150584,912575,384068340,140193,140193,17922,463270,132308,18689,3168,6544768,1108180,
177,151903,920577,388702121,141373,141373,18021,467431,133526,18853,3181,6597691,1116443,
178,153222,928680,394100627,142547,142547,18169,471705,134695,19017,3197,6650644,1125402,
179,154541,936984,399247330,143714,143714,18291,476194,135890,19181,3211,6704118,1134284,
180,155861,945160,404412554,144881,144881,18443,480554,137056,19345,3227,6757538,1143321,
181,157180,953464,409532249,146043,146043,18574,485053,138242,19509,3241,6811123,1152252,
182,158499,961885,414367639,147203,147203,18683,489673,139450,19673,3254,6865008,1161003,
183,159819,970347,419271972,148363,148363,18791,494333,140660,19837,3267,6918839,1169716,
184,161139,978646,425417329,149519,149519,18984,498838,141785,20001,3285,6971874,1179225,
185,162471,986300,434073034,150690,150690,19396,502654,142703,20167,3324,7025660,1190395,
186,163803,994496,439377888,151861,151861,19521,507012,143908,20333,3339,7078717,1199225,
187,165135,1002841,444582892,153032,153032,19642,511519,145117,20499,3353,7132622,1208173,
188,166467,1010989,450470851,154200,154200,19808,515835,146281,20665,3369,7186456,1217391,
189,167799,1019335,456553967,155363,155363,19978,520359,147441,20831,3385,7239746,1226803,
190,169131,1027537,462188162,156521,156521,20124,524749,148625,20997,3400,7293876,1235842,
191,170463,1036018,467429666,157678,157678,20246,529420,149833,21163,3414,7348348,1244886,
192,171795,1044337,473191559,158833,158833,20391,533933,151018,21329,3429,7402485,1253968,
193,173127,1052688,479335854,159982,159982,20569,538490,152170,21495,3446,7456441,1263383,
194,174465,1059828,489025324,161134,161134,21074,541824,153001,21661,3487,7510190,1275318,
195,175801,1067982,494496558,162282,162282,21191,546182,154218,21827,3501,7563500,1284147,
196,177137,1076151,500461221,163429,163429,21330,550557,155413,21993,3516,7617363,1293231,
197,178474,1084217,506737802,164578,164578,21522,554824,156556,22159,3534,7670454,1302765,
198,179810,1092445,512295407,165722,165722,21656,559264,157756,22325,3548,7724881,1311788,
199,181146,1100730,517919746,166868,166868,21777,563757,158969,22491,3562,7779263,1320748,
200,182482,1109027,523725498,168014,168014,21913,568262,160167,22657,3577,7833583,1329880,
201,183818,1117344,529620199,169159,169159,22066,572789,161348,22823,3593,7887587,1339060,
202,185174,1125017,539217506,170330,170330,22504,576597,162264,22992,3632,7943125,1350607,
203,186530,1133196,544918761,171498,171498,22626,580917,163496,23161,3647,7996476,1359391,
204,187886,1141403,551081110,172668,172668,22776,585261,164700,23330,3663,8050853,1368437,
205,189242,1149795,556845298,173836,173836,22903,589794,165927,23499,3677,8105313,1377443,
206,190598,1158004,563240343,175004,175004,23068,594144,167116,23668,3692,8160174,1386675,
207,191954,1166384,569239389,176171,176171,23210,598667,168328,23837,3707,8215274,1395692,
208,193310,1175037,574330222,177339,177339,23314,603461,169578,24006,3720,8269586,1404645,
209,194667,1183564,580690774,178509,178509,23469,608124,170778,24175,3737,8324392,1414018,
