Backup ID, Logical chunk num, Unique chunk num, Base chunk num, Delta chunk num, Logical chunk size, Unique chunk size, Base chunk size, Delta chunk size, LZ4_save size, Delta_save size, 
0,47270,45091,44909,182,374824960,355493664,226784630,121336,127123884,1463814
1,93760,63193,55122,8071,741068800,495103669,277185919,1010991,157508677,59398082
2,140254,80435,65134,15301,1108418560,629979924,326743206,1919801,188598739,112718178
3,186916,97135,75209,21926,1477611520,759367472,378624205,2776403,217542505,160424359
4,233561,111930,86622,25308,1846190080,875009206,440253926,3146981,247161896,184446403
5,271616,126584,98531,28053,2149201920,988912863,501036049,3479972,279591546,204805296
6,333509,182509,152615,29894,2647705600,1439024217,758133603,4236048,457688271,218966295
7,375631,217536,181390,36146,2997319680,1732574333,883470448,5093266,573402537,270608082
8,419564,249310,206238,43072,3364526080,1998004082,997778311,6201656,666188686,327835429
9,463497,249332,206249,43083,3731732480,1998126473,997787295,6204460,666239558,327895160
10,511234,257100,213155,43945,4109803520,2059446492,1030243538,6354623,688849895,333998436
11,550375,262844,217727,45117,4422103040,2104629607,1049346264,6477252,706587162,342218929
12,589502,277512,230257,47255,4734248960,2218783128,1112652901,6788115,740928939,358413173
13,652520,280730,232120,48610,5241784320,2241418287,1120386266,6937248,746315102,367779671
14,717905,300858,244216,56642,5764464640,2400783295,1174047188,7855529,786220948,432659630
15,783325,316129,254359,61770,6287237120,2525462985,1223537223,8350611,820380412,473194739
16,829595,341773,275954,65819,6673735680,2745488039,1313587703,9171654,915838556,506890126
17,875466,350721,283321,67400,7057971200,2823472834,1337622285,9388271,957711531,518750747
18,923854,357394,289256,68138,7442227200,2876277470,1362580553,9478743,980202717,524015457
19,971484,363629,294620,69009,7817871360,2924628193,1384906533,9577620,999819152,530324888
20,1019179,369592,299549,70043,8194682880,2971142827,1405491893,9686164,1018300194,537664576
21,1067026,375496,304457,71039,8573368320,3017413239,1425930525,9789208,1036812416,544881090
22,1112897,375519,304469,71050,8957603840,3017536324,1425943464,9792631,1036858492,544941737
23,1158768,375540,304476,71064,9341839360,3017643824,1425950274,9796194,1036884105,545013251
24,1207545,391103,316820,74283,9731287040,3147129212,1490067356,10220620,1076198459,570642777
25,1256392,394790,319064,75726,10121338880,3173146392,1499662791,10348119,1082026725,581108757
26,1305302,398504,321083,77421,10512404480,3198894091,1507784487,10461717,1087467391,593180496
27,1354172,412295,331869,80426,10903429120,3314601417,1562494383,10771670,1123974653,617360711
28,1402940,415863,334135,81728,11293941760,3340115247,1573910835,10869898,1128728150,626606364
29,1443085,436186,352091,84095,11619184640,3504542465,1661794004,11318223,1185941371,645488867
30,1483217,452933,366053,86880,11944468480,3640857118,1729374081,11671395,1232498305,667313337
31,1523363,455386,367978,87408,12269639680,3659050396,1739461543,11709884,1236636243,671242726
32,1563546,457878,369377,88501,12595281920,3677505788,1747337280,11795489,1239220193,679152826
33,1603775,460343,370931,89412,12921047040,3695746745,1756025513,11855530,1242249711,685615991
34,1648884,470364,380485,89879,13298063360,3789919389,1786127795,12033341,1302398917,689359336
35,1694029,478149,387985,90164,13675489280,3861312313,1812903930,12135432,1344383462,691889489
36,1741440,485699,395306,90393,14072944640,3929958353,1838966107,12171501,1385133134,693687611
37,1788524,505702,413970,91732,14468106240,4101652910,1919839528,12377295,1464737879,704698208
38,1835523,513397,421253,92144,14863370240,4171832822,1945678230,12496985,1505749174,707908433
39,1876216,530689,436508,94181,15191316480,4311487807,2021630955,12777847,1552608445,724470560
40,1913449,545953,448143,97810,15492782080,4436563133,2079050201,13266993,1589771034,754474905
41,1950738,563025,461156,101869,15794718720,4575785202,2142327435,13777214,1631077356,788603197
42,1988065,578196,473996,104200,16096768000,4699732147,2208157005,14074711,1670092241,807408190
43,2025433,582690,477353,105337,16399237120,4732139714,2223581523,14209903,1678488893,815859395
44,2074134,597635,491845,105790,16789903360,4856818378,2297195812,14398026,1725925762,819298778
45,2122847,600194,493417,106777,17180590080,4875734367,2306027783,14468868,1728944112,826293604
46,2171519,603472,495570,107902,17570560000,4899115325,2316185814,14552014,1734024414,834353083
47,2220326,618425,509086,109339,17961431040,5021636387,2382377744,14814108,1779519970,844924565
48,2257694,618450,509094,109356,18263900160,5021781860,2382382815,14816588,1779551772,845030685
49,2307202,622086,511915,110171,18659973120,5049354401,2399677124,14884648,1783965734,850826895
50,2356622,624875,513713,111162,19055656960,5069977693,2409263392,14972955,1787721970,858019376
51,2405612,636347,524764,111583,19468840960,5177786411,2447227549,15320871,1853992952,861245039
52,2447006,637794,525774,112020,19802460160,5189341117,2454266112,15374444,1855082654,864617907
53,2484962,639336,526995,112341,20109813760,5201673249,2462902974,15410198,1856291097,867068980
54,2522969,640807,528347,112460,20417689600,5213578195,2472736240,15426038,1857416393,867999524
55,2561009,642051,529500,112551,20725667840,5223559501,2480923863,15442275,1858512266,868681097
56,2599098,643311,530552,112759,21034076160,5233628060,2488616853,15467344,1859376453,870167410
57,2639876,645916,532840,113076,21364449280,5252952705,2500396196,15496610,1864409360,872650539
58,2680677,648640,534947,113693,21695129600,5273120641,2512106178,15545344,1868364729,877104390
59,2721490,651174,537030,114144,22025707520,5292001087,2523213623,15582034,1872654479,880550951
60,2762338,653720,538838,114882,22356746240,5310963607,2533147596,15634665,1876207022,885974324
61,2803249,656273,540612,115661,22687907840,5329807731,2543198693,15685049,1879377683,891546306
62,2850269,667060,551068,115992,23082076160,5426033199,2579208304,15767274,1936899721,894157900
63,2897423,675589,559426,116163,23477360640,5503728992,2609289433,15801993,1982915125,895722441
64,2946849,684080,567688,116392,23892674560,5580869610,2639232267,15875924,2028299191,897462228
65,2995937,692541,575978,116563,24305715200,5657844301,2669033575,15904432,2074112856,898793438
66,3034026,692567,575990,116577,24614123520,5657992401,2669046751,15909762,2074159293,898876595
67,3083892,695994,578986,117008,25014067200,5683878422,2683670064,15949745,2082107588,902151025
68,3133068,710148,591690,118458,25406832640,5802337491,2748943078,16156276,2123394043,913844094
69,3182530,712856,593601,119255,25803069440,5822555219,2759341000,16210823,2127243841,919759555
70,3220619,712881,593612,119269,26111477760,5822699186,2759354651,16216125,2127293004,919835406
71,3263035,735096,614656,120440,26455859200,6005656824,2877797555,16605702,2182703953,928549614
72,3307336,746419,624101,122318,26815508480,6098796294,2928654960,17020869,2210003845,943116620
73,3350218,752391,628980,123411,27163023360,6147772247,2956353110,17219925,2222288858,951910354
74,3393144,753605,629473,124132,27510743040,6157487549,2959804783,17295534,2222852768,957534464
75,3436144,759571,634106,125465,27858503680,6204746036,2984099238,17479972,2235545292,967621534
76,3479144,762358,636431,125927,28206233600,6225611499,2996264861,17532521,2240720020,971094097
77,3523445,770570,643353,127217,28565800960,6291053095,3030573371,17698404,2262449158,980332162
78,3567732,772866,644718,128148,28925265920,6310049010,3039407691,17770404,2264641478,988229437
79,3612081,781297,651982,129315,29285120000,6376027080,3073480289,17995525,2287827913,996723353
80,3656412,784282,654075,130207,29644994560,6399193338,3084776893,18079099,2292465627,1003871719
81,3700674,787566,656635,130931,30004213760,6425556325,3099422160,18148567,2297874289,1010111309
82,3740691,798725,667103,131622,30326528000,6515039713,3156185398,18329443,2324867411,1015657461
83,3783372,805381,673259,132122,30671964160,6567954497,3187805859,18453266,2342165955,1019529417
84,3825950,810353,677626,132727,31016939520,6607659097,3211103083,18568763,2353936460,1024050791
85,3868596,815960,682388,133572,31362539520,6650687784,3238705341,18644939,2363032385,1030305119
86,3910995,819466,685161,134305,31706787840,6677029366,3253860338,18721300,2369111705,1035336023
87,3953403,821838,686990,134848,32051159040,6694505446,3264236390,18787879,2372635585,1038845592
88,3997704,821859,687002,134857,32410808320,6694628515,3264254039,18790616,2372696955,1038886905
89,4042378,824073,689113,134960,32773447680,6712487789,3279790891,18807186,2374265893,1039623819
90,4086956,826102,690609,135493,33135206400,6728833826,3291114177,18861553,2375138810,1043719286
91,4131606,827496,691696,135800,33497640960,6740028415,3298884568,18893983,2376149568,1046100296
92,4176284,834288,697829,136459,33860229120,6794113241,3328905077,19062907,2395255650,1050889607
93,4220932,838026,700481,137545,34222755840,6822115611,3340569932,19187434,2403045787,1059312458
94,4265582,838047,700486,137561,34585190400,6822244413,3340573788,19190432,2403065141,1059415052
