Backup ID, FPindex, SFindex, Deltaindex
0,3607280,8560768,9184
1,5055440,10503680,507968
2,6434800,12388992,807840
3,7770800,14060864,971392
4,8954400,15452992,827872
5,10126720,16901824,842112
6,14600720,26894464,865472
7,17402880,31729984,1204256
8,19944800,35165568,1420992
9,19946560,35167488,1421664
10,20568000,36210304,1404768
11,21027520,36880448,1445632
12,22200960,38339584,1433792
13,22458400,38433792,1488896
14,24068640,40228032,1720768
15,25290320,41378048,1624928
16,27341840,43368896,1547904
17,28057680,43616448,1618720
18,28591520,44414528,1606144
19,29090320,45066432,1623456
20,29567360,45661760,1647872
21,30039680,46237184,1670432
22,30041520,46239488,1671072
23,30043200,46240192,1671552
24,31288240,47896640,1676864
25,31583200,48052352,1689984
26,31880320,48152832,1729216
27,32983600,49256576,1695328
28,33269040,49380736,1690272
29,34894880,51067648,1577056
30,36234640,52285952,1645696
31,36430880,52359936,1625696
32,36630240,52455808,1674784
33,36827440,52545856,1685280
34,37629120,53276288,1705600
35,38251920,53442368,1703520
36,38855920,53540544,1703968
37,40456160,54473472,1651936
38,41071760,54636928,1655136
39,42455120,56301312,1717920
40,43676240,57230848,1820960
41,45042000,58349568,1915392
42,46255680,59487744,1890848
43,46615200,59725120,1921024
44,47810800,61167936,1786816
45,48015520,61279680,1838272
46,48277760,61363200,1843008
47,49474000,62398400,1848896
48,49476000,62399872,1849984
49,49766880,62757120,1868864
50,49990000,62888704,1891456
51,50907760,63651072,1898656
52,51023520,63738048,1922432
53,51146880,63862656,1930368
54,51264560,63954368,1918208
55,51364080,64009280,1909344
56,51464880,64056576,1918944
57,51673280,64166400,1885056
58,51891200,64295360,1907776
59,52093920,64373056,1902720
60,52297600,64451456,1928512
61,52501840,64523072,1947264
62,53364800,64872768,1928160
63,54047120,64963712,1930816
64,54726400,65070912,1935008
65,55403280,65135232,1936064
66,55405360,65137536,1936736
67,55679520,65438656,1923744
68,56811840,66636480,1957760
69,57028480,66777920,1983584
70,57030480,66778624,1984000
71,58807680,70751744,2051072
72,59713520,72464640,2138240
73,60191280,73317504,2186080
74,60288400,73379648,2217792
75,60765680,74062336,2207584
76,60988640,74185216,2175584
77,61645600,75176512,2197056
78,61829280,75252672,2235456
79,62503760,76190080,2233312
80,62742560,76289088,2241376
81,63005280,76449408,2231552
82,63898000,78288384,2249792
83,64430480,79137536,2246688
84,64828240,79779648,2269792
85,65276800,80284672,2275232
86,65557280,80453952,2282112
87,65747040,80504128,2290304
88,65748720,80504832,2290816
89,65925840,80872960,2294240
90,66088160,81086080,2322912
91,66199680,81155584,2318976
92,66743040,81952960,2310880
93,67042080,82076672,2342208
94,67043760,82077632,2343104
