Backup ID, Online Delta_save, Offline Delta_save, Offline delta time, Offline dedelta time, Offline delete time, Offline Delta chunk num
0,1463814,0,0,0,0,0
1,59398082,0,0,0,0,0
2,112718178,0,0,0,0,0
3,160424359,0,0,0,0,0
4,184446403,0,0,0,0,0
5,204805296,0,0,0,0,0
6,218966295,0,0,0,0,0
7,270608082,0,0,0,0,0
8,327835429,0,0,0,0,0
9,327895160,0,0,0,0,0
10,333998436,0,0,0,0,0
11,342218929,0,0,0,0,0
12,358413173,0,0,0,0,0
13,367779671,0,0,0,0,0
14,432659630,0,0,0,0,0
15,473194739,0,0,0,0,0
16,506890126,0,0,0,0,0
17,518750747,0,0,0,0,0
18,524015457,0,0,0,0,0
19,530324888,0,0,0,0,0
20,537664576,0,0,0,0,0
21,544881090,0,0,0,0,0
22,544941737,0,0,0,0,0
23,545013251,0,0,0,0,0
24,570642777,0,0,0,0,0
25,581108757,0,0,0,0,0
26,593180496,0,0,0,0,0
27,617360711,0,0,0,0,0
28,626606364,0,0,0,0,0
29,645488867,0,0,0,0,0
30,667313337,0,0,0,0,0
31,671242726,0,0,0,0,0
32,679152826,0,0,0,0,0
33,685615991,0,0,0,0,0
34,689359336,0,0,0,0,0
35,691889489,0,0,0,0,0
36,693687611,0,0,0,0,0
37,704698208,0,0,0,0,0
38,707908433,0,0,0,0,0
39,724470560,0,0,0,0,0
40,754474905,0,0,0,0,0
41,788603197,0,0,0,0,0
42,807408190,0,0,0,0,0
43,815859395,0,0,0,0,0
44,819298778,0,0,0,0,0
45,826293604,0,0,0,0,0
46,834353083,0,0,0,0,0
47,844924565,0,0,0,0,0
48,845030685,0,0,0,0,0
49,850826895,0,0,0,0,0
50,858019376,0,0,0,0,0
51,861245039,0,0,0,0,0
52,864617907,0,0,0,0,0
53,867068980,0,0,0,0,0
54,867999524,0,0,0,0,0
55,868681097,0,0,0,0,0
56,870167410,0,0,0,0,0
57,872650539,0,0,0,0,0
58,877104390,0,0,0,0,0
59,880550951,0,0,0,0,0
60,885974324,0,0,0,0,0
61,891546306,0,0,0,0,0
62,894157900,0,0,0,0,0
63,895722441,0,0,0,0,0
64,897462228,0,0,0,0,0
65,898793438,0,0,0,0,0
66,898876595,0,0,0,0,0
67,902151025,0,0,0,0,0
68,913844094,0,0,0,0,0
69,919759555,0,0,0,0,0
70,919835406,0,0,0,0,0
71,928549614,0,0,0,0,0
72,943116620,0,0,0,0,0
73,951910354,0,0,0,0,0
74,957534464,0,0,0,0,0
75,967621534,0,0,0,0,0
76,971094097,0,0,0,0,0
77,980332162,0,0,0,0,0
78,988229437,0,0,0,0,0
79,996723353,0,0,0,0,0
80,1003871719,0,0,0,0,0
81,1010111309,0,0,0,0,0
82,1015657461,0,0,0,0,0
83,1019529417,0,0,0,0,0
84,1024050791,0,0,0,0,0
85,1030305119,0,0,0,0,0
86,1035336023,0,0,0,0,0
87,1038845592,0,0,0,0,0
88,1038886905,0,0,0,0,0
89,1039623819,0,0,0,0,0
90,1043719286,0,0,0,0,0
91,1046100296,0,0,0,0,0
92,1050889607,0,0,0,0,0
93,1059312458,0,0,0,0,0
94,1059415052,0,0,0,0,0
