BackupID, OnlineSpeed(MB/s), Encalve ProcessTime(s), BackupSize, OnlineSize, OfflineSize, OfflineTime(s)
0, 97.8473, 3.65325, 374824960, 226905966, 226905966, 0.001345
1, 183.154, 1.90702, 366243840, 278196910, 278196910, 0.002837
2, 188.875, 1.85483, 367349760, 328663007, 328663007, 0.006063
3, 190.08, 1.85233, 369192960, 381400608, 381400608, 0.039391
4, 198.407, 1.77163, 368578560, 443400907, 443400907, 0.1185
5, 175.042, 1.65089, 303011840, 504516021, 504516021, 0.122047
6, 96.2192, 4.94091, 498503680, 762369651, 762369651, 0.049214
7, 104.233, 3.19879, 349614080, 888563714, 888563714, 0.077745
8, 110.776, 3.16131, 367206400, 1003979967, 1003979967, 0.186806
9, 564.08, 0.620826, 367206400, 1003991755, 1003991755, 0.002087
10, 274.748, 1.31232, 378071040, 1036598161, 1036598161, 0.043599
11, 277.967, 1.07146, 312299520, 1055823516, 1055823516, 0.039997
12, 170.172, 1.74932, 312145920, 1119441016, 1119441016, 0.141774
13, 406.068, 1.19198, 507535360, 1127323514, 1127323514, 0.041416
14, 192.861, 2.58459, 522680320, 1181902717, 1181902717, 0.085152
15, 233.509, 2.13506, 522772480, 1231887834, 1231887834, 0.12857
16, 139.469, 2.64283, 386498560, 1322759357, 1322759357, 0.316912
17, 259.17, 1.41388, 384235520, 1347010556, 1347010556, 0.16663
18, 261.16, 1.40318, 384256000, 1372059296, 1372059296, 0.059729
19, 287.935, 1.24418, 375644160, 1394484153, 1394484153, 0.060395
20, 303.531, 1.18392, 376811520, 1415178057, 1415178057, 0.054312
21, 291.626, 1.23837, 378685440, 1435719733, 1435719733, 0.056385
22, 540.566, 0.677874, 384235520, 1435736095, 1435736095, 0.002671
23, 586.086, 0.625225, 384235520, 1435746468, 1435746468, 0.002744
24, 181.405, 2.04738, 389447680, 1500287976, 1500287976, 0.107671
25, 367.438, 1.01237, 390051840, 1510010910, 1510010910, 0.04348
26, 356.552, 1.04599, 391065600, 1518246204, 1518246204, 0.046474
27, 195.882, 1.90375, 391024640, 1573266053, 1573266053, 0.145753
28, 365.177, 1.01984, 390512640, 1584780733, 1584780733, 0.049722
29, 139.837, 2.21813, 325242880, 1673112227, 1673112227, 0.268401
30, 160.817, 1.92899, 325283840, 1741045476, 1741045476, 0.220456
31, 369.899, 0.838358, 325171200, 1751171427, 1751171427, 0.047234
32, 366.916, 0.846398, 325642240, 1759132769, 1759132769, 0.029219
33, 375.05, 0.828354, 325765120, 1767881043, 1767881043, 0.034126
34, 245.5, 1.46456, 377016320, 1798161136, 1798161136, 0.161648
35, 286.333, 1.25707, 377425920, 1825039362, 1825039362, 0.184137
36, 296.563, 1.27812, 397455360, 1851137608, 1851137608, 0.197462
37, 163.799, 2.30072, 395161600, 1932216823, 1932216823, 0.408075
38, 298.601, 1.2624, 395264000, 1958175215, 1958175215, 0.181066
39, 152.291, 2.05367, 327946240, 2034408802, 2034408802, 0.191876
40, 155.189, 1.85258, 301465600, 2092317194, 2092317194, 0.19616
41, 140.924, 2.04329, 301936640, 2156104649, 2156104649, 0.20663
42, 158.479, 1.81764, 302049280, 2222231716, 2222231716, 0.199501
43, 308.062, 0.936361, 302469120, 2237791426, 2237791426, 0.065248
44, 191.016, 1.95046, 390666240, 2311593838, 2311593838, 0.202282
45, 416.435, 0.894708, 390686720, 2320496651, 2320496651, 0.032787
46, 354.122, 1.05021, 389969920, 2330737828, 2330737828, 0.053043
47, 189.27, 1.96948, 390871040, 2397191852, 2397191852, 0.2382
48, 484.341, 0.595566, 302469120, 2397199403, 2397199403, 0.004221
49, 330.09, 1.14431, 396072960, 2414561772, 2414561772, 0.037194
50, 380.889, 0.990718, 395683840, 2424236347, 2424236347, 0.035943
51, 235.248, 1.67501, 413184000, 2462548420, 2462548420, 0.208512
52, 433.975, 0.733139, 333619200, 2469640556, 2469640556, 0.020196
53, 443.038, 0.661603, 307353600, 2478313172, 2478313172, 0.027059
54, 423.094, 0.693967, 307875840, 2488162278, 2488162278, 0.029238
55, 429.182, 0.68435, 307978240, 2496366138, 2496366138, 0.029067
56, 407.552, 0.721677, 308408320, 2504084197, 2504084197, 0.027057
57, 347.384, 0.906973, 330373120, 2515892806, 2515892806, 0.053938
58, 360.936, 0.873733, 330680320, 2527651522, 2527651522, 0.045825
59, 374.458, 0.841919, 330577920, 2538795657, 2538795657, 0.05219
60, 363.703, 0.868024, 331038720, 2548782261, 2548782261, 0.044796
61, 347.81, 0.908025, 331161600, 2558883742, 2558883742, 0.044244
62, 237.94, 1.57984, 394168320, 2594975578, 2594975578, 0.246764
63, 266.572, 1.41415, 395284480, 2625091426, 2625091426, 0.224393
64, 270.345, 1.46507, 415313920, 2655108191, 2655108191, 0.218797
65, 284.706, 1.38355, 413040640, 2684938007, 2684938007, 0.225895
66, 476.627, 0.617088, 308408320, 2684956513, 2684956513, 0.004686
67, 340.938, 1.11872, 399943680, 2699619809, 2699619809, 0.054267
68, 185.532, 2.0189, 392765440, 2765099354, 2765099354, 0.188787
69, 343.434, 1.1003, 396236800, 2775551823, 2775551823, 0.038706
70, 524.343, 0.560933, 308408320, 2775570776, 2775570776, 0.005105
71, 135.889, 2.41688, 344381440, 2894403257, 2894403257, 0.014455
72, 209.268, 1.63899, 359649280, 2945675829, 2945675829, 0.020492
73, 284.67, 1.16421, 347514880, 2973573035, 2973573035, 0.017368
74, 427.549, 0.77561, 347719680, 2977100317, 2977100317, 0.009728
75, 291.239, 1.13876, 347760640, 3001579210, 3001579210, 0.042285
76, 360.504, 0.919882, 347729920, 3013797382, 3013797382, 0.052342
77, 238.392, 1.43843, 359567360, 3048271775, 3048271775, 0.065136
78, 389.5, 0.880134, 359464960, 3057178095, 3057178095, 0.033746
79, 243.068, 1.41188, 359854080, 3091475814, 3091475814, 0.073831
80, 365.435, 0.939163, 359874560, 3102855992, 3102855992, 0.04971
81, 342.475, 1.0003, 359219200, 3117570727, 3117570727, 0.054303
82, 192.96, 1.59299, 322314240, 3174514841, 3174514841, 0.030271
83, 258.876, 1.27255, 345436160, 3206259125, 3206259125, 0.053996
84, 288.188, 1.14159, 344975360, 3229671846, 3229671846, 0.034663
85, 286.989, 1.14844, 345600000, 3257350280, 3257350280, 0.066217
86, 352.194, 0.932159, 344248320, 3272581638, 3272581638, 0.058932
87, 382.448, 0.858725, 344371200, 3283024269, 3283024269, 0.049651
88, 504.829, 0.679415, 359649280, 3283044655, 3283044655, 0.008621
89, 396.585, 0.872044, 362639360, 3298598077, 3298598077, 0.010788
90, 402.723, 0.856669, 361758720, 3309975730, 3309975730, 0.016814
91, 407.932, 0.84731, 362434560, 3317778551, 3317778551, 0.025985
92, 264.01, 1.30976, 362588160, 3347967984, 3347967984, 0.069621
93, 332.438, 1.03999, 362526720, 3359757366, 3359757366, 0.071685
94, 604.504, 0.571782, 362434560, 3359764220, 3359764220, 0.005635
