Backup ID, Ecall, Inline_Ocall, Offline_Ocall, _Inline_FPOcall, _Inline_SFOcall, _Inline_LocalOcall, _Inline_LoadOcall, _Inline_DeltaOcall, _Inline_RecipeOcall, _Inline_Write_ContainerOcall, _inline_have_similar_chunk_num, _inline_need_load_container_num
0,372,1421,29,370,370,3,265,367,46,59,515,163,
1,738,2556,115,694,694,7,343,727,91,73,8497,541,
2,1104,3706,302,1016,1016,14,440,1084,136,87,15924,1069,
3,1471,4841,1676,1334,1334,39,529,1424,181,102,23909,1721,
4,1838,5923,5843,1622,1622,104,625,1724,226,119,31419,2406,
5,2138,6823,10209,1861,1861,176,712,1950,263,136,38484,3015,
6,2624,8664,11886,2340,2340,218,1051,2392,323,203,42236,3532,
7,2956,10249,14652,2666,2666,277,1613,2663,364,236,52403,4181,
8,3302,11653,21360,2992,2992,379,1979,2905,406,266,66209,5090,
9,3648,12059,21381,2999,2999,380,1985,3248,448,268,66221,5098,
10,4023,12852,22857,3151,3151,416,2055,3585,494,278,68539,5454,
11,4331,13533,23945,3283,3283,440,2128,3867,532,284,70785,5747,
12,4639,14473,28879,3525,3525,529,2240,4084,570,301,77803,6478,
13,5134,15391,30264,3674,3674,559,2306,4547,631,304,80524,6808,
14,5647,16795,33014,4017,4017,607,2450,5010,694,319,91279,7542,
15,6161,18088,37178,4319,4319,667,2564,5462,757,333,100524,8212,
16,6525,19250,48357,4652,4652,829,2653,5662,802,357,115636,9503,
17,6886,20070,54319,4833,4833,913,2708,5937,846,365,123116,10300,
18,7267,20867,56102,4987,4987,967,2771,6262,893,373,125616,10756,
19,7642,21676,58080,5143,5143,1018,2849,6584,939,380,128440,11222,
20,8017,22463,59915,5295,5295,1064,2913,6911,985,387,131285,11650,
21,8393,23250,61838,5444,5444,1108,2982,7241,1031,394,134180,12076,
22,8754,23672,61858,5451,5451,1108,2987,7600,1075,396,134191,12084,
23,9115,24089,61876,5458,5458,1109,2987,7958,1119,398,134209,12096,
24,9499,25077,65610,5681,5681,1176,3100,8273,1166,416,141124,12701,
25,9883,25992,67055,5880,5880,1226,3188,8605,1213,420,143992,13225,
26,10268,26893,68558,6071,6071,1266,3277,8948,1260,424,147170,13703,
27,10652,27869,73621,6287,6287,1343,3392,9253,1307,439,155184,14343,
28,11035,28763,75249,6477,6477,1392,3478,9585,1354,443,158092,14842,
29,11351,29827,84444,6773,6773,1536,3597,9755,1393,467,169559,16012,
30,11667,30824,92084,7031,7031,1650,3725,9955,1432,486,179905,16910,
31,11983,31468,93632,7147,7147,1688,3784,10231,1471,490,181960,17250,
32,12299,32119,94538,7264,7264,1710,3848,10523,1510,493,183945,17531,
33,12616,32768,95634,7377,7377,1737,3917,10811,1549,497,185936,17823,
34,12971,33425,101278,7489,7489,1816,3953,11085,1593,506,191986,18786,
35,13326,34081,107864,7603,7603,1895,3984,11359,1637,514,198786,19440,
36,13699,34747,114703,7714,7714,1977,4011,11648,1683,522,205781,20106,
37,14069,35854,128406,8007,8007,2166,4119,11827,1728,544,220698,21726,
38,14439,36539,134707,8122,8122,2247,4161,12114,1773,552,227349,22453,
39,14759,37542,141280,8373,8373,2358,4305,12321,1812,573,235915,23320,
40,15052,38492,148081,8624,8624,2457,4426,12513,1848,589,246273,24139,
41,15346,39484,155253,8892,8892,2565,4554,12697,1884,606,257431,25058,
42,15640,40454,162196,9162,9162,2675,4656,12879,1920,624,266631,25923,
43,15934,41342,164318,9407,9407,2715,4726,13131,1956,629,269865,26353,
44,16317,42282,171329,9624,9624,2846,4804,13381,2003,649,277254,27493,
45,16700,43212,172326,9839,9839,2869,4876,13739,2050,653,279223,27795,
46,17083,44111,174054,10027,10027,2922,4971,14067,2097,657,282053,28337,
47,17467,45252,182210,10319,10319,3049,5099,14322,2144,675,291568,29522,
48,17761,45835,182226,10443,10443,3049,5106,14614,2180,677,291586,29530,
49,18150,46602,183190,10564,10564,3075,5196,14975,2228,683,293352,29873,
50,18539,47356,184312,10686,10686,3109,5271,15328,2276,687,295448,30213,
51,18924,48083,191333,10815,10815,3205,5310,15615,2323,698,302815,31260,
52,19250,48688,191900,10921,10921,3217,5339,15927,2363,701,303808,31380,
53,19549,49526,192477,11159,11159,3229,5367,16212,2400,705,304695,31494,
54,19848,50310,193358,11371,11371,3244,5393,16494,2437,709,305681,31605,
55,20148,50882,194235,11477,11477,3259,5418,16777,2474,713,306635,31720,
56,20448,51329,195046,11517,11517,3269,5450,17065,2511,716,307641,31829,
57,20769,52318,196772,11805,11805,3323,5505,17330,2550,720,309661,32299,
58,21090,53257,198220,12065,12065,3363,5566,17609,2589,724,311706,32637,
59,21411,53910,199911,12182,12182,3406,5627,17885,2628,728,313826,33003,
60,21733,54569,201317,12297,12297,3438,5697,18173,2667,732,315951,33327,
61,22055,55229,202727,12411,12411,3468,5770,18463,2706,736,318121,33656,
62,22425,56089,211338,12604,12604,3606,5831,18693,2751,747,326972,35250,
63,22796,56790,219171,12732,12732,3699,5861,18969,2797,756,334893,36143,
64,23185,57512,226903,12859,12859,3791,5894,19264,2845,765,342772,36954,
65,23571,58586,234712,13165,13165,3884,5925,19555,2892,774,350669,37971,
66,23871,59000,234732,13200,13200,3884,5934,19853,2929,776,350683,37982,
67,24263,59762,236173,13328,13328,3935,6002,20192,2977,781,352535,38440,
68,24650,60751,242668,13548,13548,4052,6118,20460,3025,799,360411,39282,
69,25039,61707,243848,13769,13769,4087,6197,20812,3073,803,362371,39668,
70,25339,62120,243875,13803,13803,4088,6207,21109,3110,805,362392,39684,
71,25673,62997,244205,14015,14015,4110,6287,21419,3151,836,363905,39941,
72,26022,63912,244733,14240,14240,4126,6362,21750,3194,850,366305,40229,
73,26360,64732,245176,14429,14429,4139,6427,22073,3235,858,367833,40456,
74,26698,65435,245349,14576,14576,4142,6459,22406,3276,860,368720,40550,
75,27036,66184,246436,14730,14730,4166,6523,22718,3317,868,371124,40853,
76,27374,67012,248125,14922,14922,4210,6590,23010,3358,873,373253,41230,
77,27723,67891,249883,15122,15122,4255,6679,23312,3401,883,376278,41668,
78,28071,68678,250863,15300,15300,4271,6721,23642,3444,887,378174,41866,
79,28420,69607,253249,15521,15521,4321,6818,23939,3487,897,381699,42386,
80,28769,70474,254839,15724,15724,4355,6889,24252,3530,901,384162,42720,
81,29117,71264,256574,15901,15901,4389,6936,24564,3573,906,386598,42994,
82,29432,72058,257454,16080,16080,4427,7020,24839,3612,922,388169,43382,
83,29768,72851,259189,16251,16251,4471,7096,25129,3653,931,390382,43756,
84,30103,73626,260214,16420,16420,4500,7159,25433,3694,938,391996,44062,
85,30439,74468,262354,16614,16614,4559,7238,25708,3735,946,394954,44592,
86,30773,75247,264254,16787,16787,4597,7298,26002,3776,951,397563,44982,
87,31107,76009,265827,16946,16946,4631,7369,26300,3817,955,399658,45341,
88,31456,76660,265856,17073,17073,4633,7376,26645,3860,957,399675,45353,
89,31808,77420,266054,17237,17237,4645,7415,26983,3903,962,399969,45480,
90,32159,78036,266448,17327,17327,4653,7459,27324,3946,966,400887,45596,
91,32510,78629,267180,17409,17409,4664,7496,27662,3989,969,401913,45723,
92,32862,79480,269172,17585,17585,4717,7602,27959,4032,978,404540,46213,
93,33213,80298,271185,17757,17757,4760,7684,28265,4075,982,407614,46608,
94,33564,80847,271198,17832,17832,4760,7691,28614,4118,984,407630,46619,
