Backup ID, Logical chunk num, Unique chunk num, Base chunk num, Delta chunk num, Logical chunk size, Unique chunk size, Base chunk size, Delta chunk size, LZ4_save size, Delta_save size, 
0,349658,181563,75827,105736,2869463040,1586581660,334017059,89415836,310472227,852676538
1,700527,225166,84290,140876,5748879360,2005085802,369818735,122688593,341803231,1170775243
2,1048641,266111,89134,176977,8606402560,2401076896,388840975,161000021,360124177,1491111723
3,1400928,309641,99294,210347,11506227200,2823542516,433763905,200841553,393690430,1795246628
4,1749773,350273,103613,246660,14379182080,3221877633,450351596,232362541,409581727,2129581769
5,2102412,391624,107772,283852,17284945920,3626123370,465997581,267347846,425111518,2467666425
6,2454706,434179,111971,322208,20191088640,4041790630,481943306,300859386,440769665,2818218273
7,2812109,475940,120904,355036,23129180160,4435403046,517585289,347726486,472182614,3097908657
8,3167314,516183,125116,391067,26049710080,4815972298,534725304,373474826,488107336,3419664832
9,3522400,556670,129379,427291,28969748480,5198324110,552064880,407899159,504255758,3734104313
10,3874982,595347,134052,461295,31867842560,5565605388,568664466,437900935,519706127,4039333860
11,4227381,634533,137632,496901,34764001280,5937267741,584045263,466570120,533813108,4352839250
12,4585507,676861,141951,534910,37705349120,6332317969,601446735,507033181,549243969,4674594084
13,4940662,717180,145333,571847,40626268160,6713959396,615235640,515074891,562179169,5021469696
14,5298219,756126,148013,608113,43568435200,7082753289,626106384,572303716,572279920,5312063269
15,5655036,794396,150397,643999,46505267200,7445443641,635885547,589474239,581412505,5638671350
16,6017260,834554,154165,680389,49483950080,7823476615,648829332,631996297,594483277,5948167709
17,6381829,874758,157667,717091,52483553280,8201432140,661870191,644555618,607168003,6287838328
18,6746630,914145,162090,752055,55485675520,8572341154,677524204,682753682,621461971,6590601297
19,7108426,954067,166677,787390,58467983360,8948973987,692823107,721772802,635903532,6898474546
20,7464498,993174,171072,822102,61400565760,9319044274,707535648,759077700,649561437,7202869489
21,7815621,1032218,174169,858049,64291246080,9690481972,718425388,782845490,660340887,7528870207
22,8163270,1070694,178350,892344,67153766400,10057353438,733133321,820843809,673973509,7829402799
23,8509462,1109121,180874,928247,70005688320,10423757412,743390897,839775657,683888733,8156702125
24,8857126,1147034,183074,963960,72872611840,10785938053,752608217,886155021,692234408,8454940407
25,9205823,1184724,184949,999775,75747768320,11145427019,760239213,895259372,699513616,8790414818
26,9553238,1223126,187378,1035748,78613667840,11511966758,770340448,944717902,709035445,9087872963
27,9900471,1260887,191135,1069752,81478348800,11872768927,783393207,976918170,721135809,9391321741
28,10248239,1299161,193408,1105753,84350238720,12237946237,792540298,1002431531,729864969,9713109439
29,10596588,1337206,195542,1141664,87226378240,12600596594,801086008,1011201429,738086020,10050223137
30,10946481,1375853,199379,1176474,90117150720,12968055455,814164387,1064293093,750312624,10339285351
31,11291923,1413211,201275,1211936,92970352640,13325556050,822408103,1084634475,757960295,10660553177
32,11633491,1450134,203037,1247097,95788369920,13679895037,829916096,1102347155,764818240,10982813546
33,11980449,1491772,205736,1286036,98655385600,14076093037,840655668,1162705490,774760459,11297971420
34,12328874,1532659,208469,1324190,101536942080,14465034928,851377232,1180976716,784899602,11647781378
35,12678852,1573224,211705,1361519,104431165440,14850849290,862817880,1234803805,796006739,11957220866
36,13027926,1613137,216157,1396980,107317770240,15231135114,877709233,1273466427,809947561,12270011893
37,13379379,1652971,219366,1433605,110227466240,15609136396,891180882,1310770396,822375641,12584809477
38,13728163,1691563,221786,1469777,113113917440,15977195134,900749491,1342092980,831316503,12903036160
39,14076885,1730035,225762,1504273,116000757760,16345283035,913933472,1372754517,843700091,13214894955
40,14428208,1769259,229872,1539387,118909593600,16718145370,927728566,1405781379,856874899,13527760526
41,14776888,1807925,233832,1574093,121795717120,17086806716,941014905,1427345450,869375822,13849070539
42,15125521,1846954,236326,1610628,124680949760,17458129194,951136829,1477801116,878996671,14150194578
43,15474430,1885464,240431,1645033,127569377280,17824633621,964963227,1506596537,891818478,14461255379
44,15821608,1923538,242677,1680861,130441646080,18187892099,974334256,1513371726,900475154,14799710963
45,16170670,1961503,246204,1715299,133332664320,18550291606,986211970,1578380548,911411531,15074287557
46,16521828,1999608,248321,1751287,136244039680,18912830265,994626986,1565930355,919454414,15432818510
47,16873063,2038050,252337,1785713,139155404800,19278065298,1007743351,1634609828,932121233,15703590886
48,17225102,2076957,254781,1822176,142071173120,19646653058,1017241092,1660811027,941473031,16027127908
49,17574419,2115318,256982,1858336,144962355200,20012221789,1026214101,1708203162,950068180,16327736346
50,17926301,2154337,259431,1894906,147876433920,20382505558,1036006514,1703288949,959410791,16683799304
51,18271894,2192243,261720,1930523,150738626560,20744929295,1045511721,1768858352,968293212,16962266010
52,18617702,2229865,263724,1966141,153603604480,21104158522,1053903393,1812133388,976137104,17261984637
53,18965640,2267172,265870,2001302,156488765440,21459879139,1063334568,1801323840,984702887,17610517844
54,19314713,2305354,268031,2037323,159383644160,21823151729,1072281384,1868671075,993286504,17888912766
55,19663418,2344057,270480,2073577,162274867200,22191381180,1082251836,1907105134,1002768372,18199255838
56,20013675,2383448,272962,2110486,165181665280,22565614286,1092400496,1933263615,1012661865,18527288310
57,20362245,2421236,276406,2144830,168073625600,22926259665,1103825559,1929261162,1023402999,18869769945
58,20711122,2460140,278766,2181374,170970521600,23297321455,1113624265,2005744030,1032737242,19145215918
59,21060301,2497568,280938,2216630,173870110720,23653978445,1122341860,1989955027,1040944238,19500737320
60,21409582,2535174,284122,2251052,176770754560,24012391341,1132750912,2073222776,1050678640,19755739013
61,21758839,2573456,286420,2287036,179671726080,24376710915,1141905348,2058611669,1059582886,20116611012
62,22110179,2612534,289130,2323404,182588170240,24746247844,1153045552,2136801197,1070279182,20386121913
63,22458283,2651107,291366,2359741,185476454400,25113522953,1162127252,2151924952,1079165304,20720305445
64,22807536,2689545,294999,2394546,188373995520,25479224907,1174539143,2175998713,1090646776,21038040275
65,23153242,2727239,296751,2430488,191239946240,25840016130,1181992023,2181151389,1097737185,21379135533
66,23501375,2764639,298366,2466273,194128947200,26197711913,1188769832,2259217909,1104150180,21645573992
67,23849800,2802055,300004,2502051,197020743680,26555483219,1195497349,2283746900,1110582016,21965656954
68,24197521,2840113,302041,2538072,199907051520,26919495546,1204094664,2222595864,1118658352,22374146666
69,24546857,2878491,304099,2574392,202809763840,27285992635,1212637914,2318428100,1127147251,22627779370
70,24897909,2916854,306106,2610748,205728215040,27651087447,1221069907,2328156211,1135251108,22966610221
71,25251386,2955664,308337,2647327,208668569600,28019890005,1230102741,2426957971,1143928380,23218900913
72,25602695,2993999,311721,2682278,211589539840,28385267946,1241591849,2403941721,1154580467,23585153909
73,25952879,3031642,313589,2718053,214500464640,28744357655,1249027968,2441376156,1161603937,23892349594
74,26306780,3069665,315622,2754043,217447301120,29106010902,1257269457,2412482740,1169392500,24266866205
75,26661969,3108343,318163,2790180,220407265280,29473586437,1267027059,2559795594,1178937732,24467826052
76,27016854,3147052,321786,2825266,223364904960,29841213287,1279083931,2496880512,1190494286,24874754558
77,27372834,3185939,323881,2862058,226333276160,30210618529,1287914816,2613432005,1199028735,25110242973
78,27727488,3224888,326071,2898817,229288622080,30580456393,1296692630,2602863291,1207568660,25473331812
79,28083712,3263563,329727,2933836,232259921920,30947402258,1308380696,2673264283,1218840819,25746916460
80,28435875,3301590,331632,2969958,235194050560,31309801095,1315679924,2646861157,1226021024,26121238990
81,28788926,3339470,333354,3006116,238136698880,31670932755,1322875067,2740909651,1232865340,26374282697
82,29143842,3378802,337563,3041239,241094256640,32043527381,1337090659,2770858322,1245519730,26690058670
83,29499437,3417432,339719,3077713,244057620480,32411265351,1346217333,2807576724,1254251039,27003220255
84,29855034,3456001,341742,3114259,247020236800,32778427332,1354525173,2742127366,1262254822,27419519971
