Backup ID, FPindex, SFindex, Deltaindex
0,14525040,13347840,3685088
1,18013280,14843392,4982112
2,21288880,15655296,6250656
3,24771280,17487936,7357088
4,28021840,18236928,8691616
5,31329920,18953792,9942784
6,34734320,19685248,11216448
7,38075200,21096448,12314176
8,41294640,21814656,13583840
9,44533600,22501056,14806944
10,47627760,22997056,15951936
11,50762640,23544896,17141120
12,54148880,24269376,18407264
13,57374400,24818624,19638208
14,60490080,25249408,20845472
15,63551680,25620992,22038912
16,66764320,26096576,23256736
17,69980640,26629696,24480768
18,73131600,27143488,25651104
19,76325360,27608448,26827008
20,79453920,28096704,27985600
21,82577440,28492736,29177760
22,85655520,28980864,30316512
23,88729680,29398464,31506688
24,91762720,29741760,32689024
25,94777920,30036096,33867264
26,97850080,30391360,35056768
27,100870960,30758336,36177248
28,103932880,31101248,37364608
29,106976480,31426816,38547328
30,110068240,31786560,39699616
31,113056880,32078144,40868544
32,116010720,32346432,42020928
33,119341760,32772800,43319200
34,122612720,33193600,44583520
35,125857920,33552064,45830720
36,129050960,33994240,47018336
37,132237680,34557312,48240704
38,135325040,34948992,49444704
39,138402800,35345408,50591840
40,141540720,35763200,51757376
41,144634000,36160064,52911712
42,147756320,36540480,54124160
43,150837120,36930048,55266272
44,153883040,37288768,56453184
45,156920240,37597440,57594496
46,159968640,37920768,58781440
47,163044000,38320768,59922304
48,166156560,38701632,61125664
49,169225440,39037888,62324576
50,172346960,39420736,63535968
51,175379440,39762496,64712736
52,178389200,40064768,65889792
53,181373760,40389184,67053376
54,184428320,40722368,68238304
55,187524560,41094464,69430272
56,190675840,41479680,70644832
57,193698880,41760064,71778272
58,196811200,42141760,72979744
59,199805440,42422720,74147808
60,202813920,42693632,75280160
61,205876480,43021504,76462720
62,209002720,43440512,77668384
63,212088560,43782592,78863936
64,215163600,44135616,80010240
65,218179120,44402304,81191008
66,221171120,44640576,82365696
67,224164400,44887360,83538368
68,227209040,45185088,84721472
69,230279280,45506688,85913184
70,233348320,45813952,87106112
71,236453120,46158848,88309056
72,239519920,46454080,89457056
73,242531360,46735168,90631232
74,245573200,47039744,91812096
75,248667440,47344000,93002720
76,251764160,47702528,94158400
77,254875120,48032896,95365568
78,257991040,48389376,96573312
79,261085040,48729920,97725280
80,264127200,48979904,98911488
81,267157600,49252928,100097792
82,270304160,49555904,101256736
83,273394560,49938880,102456000
84,276480080,50252608,103656800
