Backup ID, Online Delta_save, Offline Delta_save, Offline delta time, Offline dedelta time, Offline delete time, Offline Delta chunk num
0,21973245,830703293,105621,2707,211,102914
1,100367210,1070408033,179219,49593,423,129626
2,263223091,1227888632,269471,121328,650,148143
3,420556367,1374690261,384940,219947,902,164993
4,575873849,1553707920,526677,341815,1162,184862
5,753856756,1713809669,686514,483522,1441,202992
6,932234610,1885983663,870921,648616,1749,222305
7,1045931079,2051977578,1062319,819845,2095,242474
8,1171349504,2248315328,1265809,1002236,2466,263573
9,1314431706,2419672607,1483660,1200457,2851,283203
10,1433744649,2605589211,1727059,1423298,3247,303761
11,1588605611,2764233639,1983204,1661815,3674,321389
12,1733365225,2941228859,2250787,1908412,4128,342375
13,1871077067,3150392629,2543755,2180482,4619,363273
14,2007699643,3304363626,2847465,2463912,5107,383553
15,2141313466,3497357884,3155323,2751861,5599,403462
16,2227358934,3720808775,3483387,3054132,6215,429255
17,2327727240,3960111088,3831668,3378013,6814,453655
18,2397471432,4193129865,4228843,3748409,7442,480434
19,2480263468,4418211078,4602897,4096596,8066,506301
20,2557788324,4645081165,5017141,4484806,8744,532335
21,2640845181,4888025026,5400134,4841864,9453,558270
22,2710986982,5118415817,5832092,5247535,10170,584557
23,2832080219,5324621906,6263767,5657512,10858,606255
24,2955336170,5499604237,6705667,6078055,11587,627612
25,3091485118,5698929700,7120824,6473394,12267,647430
26,3207140362,5880732601,7600057,6930283,13032,669774
27,3319739678,6071582063,8095225,7403907,13794,691318
28,3426659319,6286450120,8620769,7906305,14658,714464
29,3546258431,6503964706,9129657,8393366,15501,736291
30,3654050008,6685235343,9672191,8913018,16362,759173
31,3758828287,6901724890,10210930,9428828,17187,782102
32,3874139683,7108673863,10733154,9929409,17979,803745
33,3986486809,7311484611,11332734,10503138,19062,829596
34,4082252836,7565528542,11916009,11059688,20114,856321
35,4132602823,7824618043,12521779,11634572,21262,887207
36,4203762171,8066249722,13100189,12185589,22299,914600
37,4276113646,8308695831,13721010,12778728,23426,942282
38,4358611674,8544424486,14405605,13437227,24511,968378
39,4446929626,8767965329,15049560,14056434,25571,993126
40,4539878617,8987881909,15686731,14668968,26665,1017763
41,4654122829,9194947710,16307504,15267569,27712,1039935
42,4742107005,9408087573,16973255,15907417,28881,1065838
43,4830503078,9630752301,17626353,16535910,29966,1090443
44,4930407336,9869303627,18299857,17185575,31091,1114282
45,5025306021,10048981536,18992699,17854483,32215,1138216
46,5122105867,10310712643,19713188,18550725,33340,1162463
47,5216243938,10487346948,20421600,19235103,34483,1186497
48,5327573670,10699554238,21134066,19924401,35669,1209665
49,5422854049,10904882297,21908498,20674036,36865,1234462
50,5519155214,11164644090,22625057,21365711,38051,1259346
51,5626894592,11335371418,23364334,22082089,39133,1282245
52,5728359456,11533625181,24129904,22824163,40212,1305741
53,5857887683,11752630161,24862704,23537032,41224,1325672
54,5999856622,11889056144,25607375,24262138,42291,1345237
55,6111019282,12088236556,26401636,25033332,43448,1368304
56,6220031259,12307257051,27201742,25809619,44579,1392123
57,6317129218,12552640727,28018797,26603132,45688,1415665
58,6450188012,12695027906,28821333,27384619,46867,1436714
59,6551728169,12949009151,29649322,28189474,48074,1459848
60,6647007991,13108731022,30519546,29036008,49190,1483538
61,6767159607,13349451405,31345651,29840191,50361,1505460
62,6860744461,13525377452,32220221,30689758,51569,1530463
63,6968690715,13751614730,33109057,31555007,52774,1554050
64,7087691850,13950348425,33995256,32419510,53999,1575746
65,7216945021,14162190512,34883110,33286617,55167,1596493
66,7357232250,14288341742,35778103,34162037,56279,1616066
67,7490108311,14475548643,36706360,35070060,57508,1636300
68,7615090569,14759056097,37648377,35990565,58679,1657812
69,7734501369,14893278001,38636241,36956254,59929,1679987
70,7858515696,15108094525,39621058,37919199,61191,1701859
71,7968564522,15250336391,40641188,38915889,62487,1725299
72,8092562783,15492591126,41632919,39886489,63768,1746430
73,8205174019,15687175575,42674453,40905621,65066,1768832
74,8325194323,15941671882,43709046,41918506,66428,1790540
75,8407010272,16060815780,44772245,42955579,67834,1816666
76,8490783079,16383971479,45893977,44051737,69151,1842240
77,8627608047,16482634926,46957662,45094577,70430,1863085
78,8750130973,16723200839,48066432,46181109,71817,1885323
79,8860039716,16886876744,49100077,47191966,73120,1908111
80,8962314772,17158924218,50245834,48313803,74446,1932031
81,9060861639,17313421058,51330540,49374126,75756,1956414
82,9122828187,17567230483,52387608,50403030,77326,1984578
83,9200386386,17802833869,53625454,51614058,78763,2011396
84,9326944185,18092575786,54771244,52738100,80152,2033144
