BackupID, OnlineSpeed(MB/s), Encalve ProcessTime(s), BackupSize, OnlineSize, OfflineSize, OfflineTime(s)
0, 152.186, 17.9815, 2869463040, 827361101, 423432895, 193.063
1, 271.168, 10.1266, 2879416320, 619766721, 492507328, 85.5976
2, 278.203, 9.79552, 2857523200, 631770677, 549840996, 88.2192
3, 252.497, 10.9526, 2899824640, 708655636, 634605458, 103.79
4, 278.572, 9.83539, 2872954880, 779203492, 682714137, 123.258
5, 278.154, 9.96265, 2905763840, 817837026, 733345427, 134.074
6, 268.066, 10.3389, 2906142720, 874317819, 782802692, 151.293
7, 262.064, 10.692, 2938091520, 946892821, 865311775, 158.365
8, 274.775, 10.1364, 2920529920, 1016129131, 908200130, 166.978
9, 270.067, 10.3114, 2920038400, 1050549192, 959964039, 178.63
10, 276.758, 9.98646, 2898094080, 1107257817, 1006565401, 189.712
11, 268.192, 10.2986, 2896158720, 1136714665, 1050615383, 199.954
12, 261.348, 10.7332, 2941347840, 1199213534, 1108479916, 208.981
13, 265.297, 10.5, 2920919040, 1252722521, 1130310531, 225.183
14, 266.495, 10.5288, 2942167040, 1269024309, 1198410100, 232.279
15, 270.364, 10.3593, 2936832000, 1335490333, 1225359786, 235.307
16, 273.67, 10.38, 2978682880, 1396174108, 1280825629, 250.213
17, 266.964, 10.7155, 2999603200, 1443936896, 1306425809, 265.317
18, 276.649, 10.349, 3002122240, 1482006704, 1360277886, 296.62
19, 267.227, 10.6432, 2982307840, 1532299215, 1414595909, 286.787
20, 270.618, 10.3346, 2932582400, 1585390527, 1466613348, 307.35
21, 266.864, 10.3302, 2890680320, 1635714300, 1501270878, 290.938
22, 268.366, 10.1723, 2862520320, 1674424517, 1553977130, 323.659
23, 265.617, 10.2396, 2851921920, 1699587145, 1583166554, 320.568
24, 267.742, 10.2117, 2866923520, 1725931532, 1638763238, 327.421
25, 265.558, 10.3253, 2875156480, 1773234464, 1655498585, 306.418
26, 263.027, 10.3911, 2865899520, 1803609561, 1715058350, 353.93
27, 264.197, 10.3407, 2864680960, 1861855788, 1760311377, 358.08
28, 264.002, 10.3744, 2871889920, 1912896871, 1794971829, 385.819
29, 268.795, 10.2044, 2876139520, 1939605180, 1812287437, 368.543
30, 260.309, 10.5907, 2890772480, 1964931172, 1878457480, 396.96
31, 270.157, 10.072, 2853201920, 2027867708, 1907042578, 390.41
32, 264.553, 10.1585, 2818017280, 2049307254, 1932263251, 383.463
33, 259.985, 10.5168, 2867015680, 2100268274, 2003361158, 438.912
34, 272.516, 10.0841, 2881556480, 2176172588, 2032353948, 427.846
35, 277.585, 9.94343, 2894223360, 2227468454, 2097621685, 450.087
36, 268.661, 10.2467, 2886604800, 2278970030, 2151175660, 432.699
37, 277.209, 10.0102, 2909696000, 2329637232, 2201951278, 448.916
38, 272.657, 10.0959, 2886451200, 2370405917, 2242842471, 489.172
39, 270.891, 10.1631, 2886840320, 2407672535, 2286687989, 472.693
40, 267.384, 10.3749, 2908835840, 2450927382, 2333509945, 457.612
41, 267.809, 10.2776, 2886123520, 2484362208, 2368360355, 451.337
42, 274.354, 10.0293, 2885232640, 2534749834, 2428937945, 476.201
43, 270.559, 10.1812, 2888427520, 2592781716, 2471559764, 468.194
44, 269.936, 10.1476, 2872268800, 2627184008, 2487705982, 485.151
45, 271.214, 10.1657, 2891018240, 2645798015, 2564592518, 495.099
46, 272.881, 10.1748, 2911375360, 2722038653, 2560557341, 516.118
47, 268.777, 10.3301, 2911365120, 2720031088, 2642353179, 504.667
48, 268.858, 10.3426, 2915768320, 2794508160, 2678052119, 509.408
49, 271.107, 10.1703, 2891182080, 2837726809, 2734417263, 559.412
50, 270.308, 10.2812, 2914078720, 2896235755, 2739295463, 522.245
51, 268.09, 10.1816, 2862192640, 2890317277, 2814370073, 536.555
52, 271.043, 10.0805, 2864977920, 2967245414, 2866036781, 550.774
53, 257.17, 10.6992, 2885160960, 3001443852, 2864658408, 526.147
54, 269.491, 10.2444, 2894878720, 2997475721, 2940952459, 533.033
55, 267.06, 10.3246, 2891223040, 3093136653, 2989356970, 562.121
56, 268.75, 10.3149, 2906798080, 3145625134, 3025664111, 572.58
57, 269.816, 10.2217, 2891960320, 3181468257, 3033086721, 583.406
58, 256.772, 10.7593, 2896896000, 3174505907, 3119368295, 571.952
59, 267.816, 10.3252, 2899589120, 3270286509, 3112296887, 586.781
60, 265.812, 10.4069, 2900643840, 3267263906, 3205973688, 612.894
61, 258.069, 10.7203, 2900971520, 3351308617, 3200517017, 589.234
62, 267.746, 10.388, 2916444160, 3362028882, 3289846749, 621.571
63, 268.5, 10.2588, 2888284160, 3443067270, 3314052204, 626.822
64, 266.593, 10.3653, 2897541120, 3459925932, 3350537856, 626.169
65, 262.232, 10.4228, 2865950720, 3489111432, 3363143412, 621.872
66, 261.755, 10.5257, 2889000960, 3493727881, 3447987741, 629.328
67, 262.517, 10.5054, 2891796480, 3583009157, 3479244249, 659.478
68, 264.976, 10.3881, 2886307840, 3621273197, 3426690528, 668.545
69, 257.549, 10.7484, 2902712320, 3572514438, 3531066014, 694.937
70, 264.278, 10.5315, 2918451200, 3674522919, 3549226118, 688.967
71, 261.117, 10.739, 2940354560, 3701603539, 3657060712, 715.819
72, 265.226, 10.5029, 2920970240, 3800364567, 3645533570, 694.666
73, 257.654, 10.7744, 2910924800, 3792187546, 3690404124, 729.983
74, 269.444, 10.4301, 2946836480, 3834261333, 3669752197, 735.293
75, 268.943, 10.4961, 2959964160, 3837597214, 3826822653, 739.431
76, 270.281, 10.4359, 2957639680, 3993211632, 3775964443, 781.027
77, 266.038, 10.6408, 2968371200, 3913928185, 3901346821, 747.831
78, 262.503, 10.7368, 2955345920, 4048139204, 3899555921, 769.192
79, 266.004, 10.6527, 2971299840, 4051171790, 3981644979, 728.524
80, 269.616, 10.3785, 2934128640, 4135762584, 3962541081, 790.555
81, 270.382, 10.3791, 2942648320, 4117993105, 4063784718, 756.538
82, 271.8, 10.3773, 2957557760, 4245164597, 4107948981, 736.894
83, 273.69, 10.3258, 2963363840, 4277771025, 4153794057, 868.056
84, 270.264, 10.4541, 2962616320, 4296823301, 4096652539, 803.423
