Backup ID, Ecall, Inline_Ocall, Offline_Ocall, _Inline_FPOcall, _Inline_SFOcall, _Inline_LocalOcall, _Inline_LoadOcall, _Inline_DeltaOcall, _Inline_RecipeOcall, _Inline_Write_ContainerOcall, _inline_have_similar_chunk_num, _inline_need_load_container_num
0,2734,10809,623327,2732,2732,2517,2272,215,341,211,110084,36054,
1,5478,20968,1107299,5474,5474,4445,3863,1029,683,262,145639,55524,
2,8200,30690,1667312,8194,8194,5626,5086,2568,1022,299,182164,70069,
3,10955,41364,2335134,10947,10947,6907,7157,4040,1366,341,215873,84857,
4,13683,51028,3107878,13673,13673,8303,8303,5370,1706,379,252279,100437,
5,16440,60786,3962160,16428,16428,9530,9452,6898,2050,415,289599,115341,
6,19195,70686,4925073,19181,19181,10792,10749,8389,2394,453,328014,130508,
7,21990,82424,5945993,21974,21974,12297,13759,9677,2743,496,362259,146526,
8,24768,92454,7029383,24750,24750,13809,15115,10941,3089,535,398344,162412,
9,27545,102564,8172976,27525,27525,15179,16554,12346,3435,573,434873,177919,
10,30302,112437,9390164,30280,30280,16673,17818,13607,3779,612,470656,193772,
11,33058,122812,10706411,33034,33034,17922,19587,15112,4123,647,506608,208613,
12,35858,133161,12080284,35832,35832,19331,21193,16501,4472,687,544680,224365,
13,38635,143254,13561975,38607,38607,20821,22615,17786,4818,726,581678,240329,
14,41431,153531,15069260,41401,41401,22283,24161,19118,5167,762,617985,256031,
15,44221,163742,16604732,44189,44189,23748,25660,20441,5515,798,653934,271831,
16,47053,174217,18301020,47019,47019,25663,27292,21356,5868,842,690615,289952,
17,49904,184918,20081571,49868,49868,27444,29090,22424,6224,885,727607,307465,
18,52757,195262,22023177,52718,52718,29459,30527,23260,6580,930,764181,326226,
19,55586,205698,23923181,55545,55545,31342,32129,24204,6933,975,801124,344387,
20,58370,215874,25961209,58327,58327,33276,33612,25052,7280,1020,837396,362760,
21,61116,225952,27961787,61071,61071,35153,35116,25919,7622,1064,873461,380730,
22,63835,235817,30116322,63787,63787,37094,36493,26695,7961,1109,909314,398816,
23,66542,245735,32285742,66492,66492,38634,37958,27860,8299,1147,945286,414870,
24,69261,255730,34513147,69209,69209,40154,39463,29057,8638,1185,981102,430717,
25,71988,265909,36602896,71934,71934,41567,41127,30369,8978,1221,1016986,446098,
26,74705,275978,39000723,74649,74649,43170,42712,31481,9317,1260,1053106,462385,
27,77420,286093,41429406,77362,77362,44727,44349,32637,9656,1299,1088671,478318,
28,80139,296105,44042115,80079,80079,46392,45871,33689,9995,1339,1124755,494708,
29,82863,306190,46610377,82801,82801,47949,47450,34854,10335,1377,1160791,510760,
30,85599,316293,49317699,85535,85535,49587,49010,35950,10676,1417,1197074,527270,
31,88300,326184,51980514,88234,88234,51274,50467,36962,11013,1456,1232604,543743,
32,90971,336034,54559885,90903,90903,52849,51977,38056,11346,1494,1267837,559668,
33,93684,345926,57592502,93614,93614,54561,53398,39055,11684,1538,1306816,576830,
34,96409,355663,60567996,96337,96337,56399,54626,39940,12024,1583,1345012,594385,
35,99146,365287,63675503,99072,99072,58613,55704,40461,12365,1633,1382427,614252,
36,101876,375162,66658661,101800,101800,60562,57055,41240,12705,1680,1419532,632969,
37,104624,384953,69809736,104546,104546,62579,58265,41969,13048,1727,1456257,651691,
38,107351,394808,73196266,107271,107271,64468,59605,42805,13388,1771,1492510,669411,
39,110078,404718,76450618,109996,109996,66255,61000,43743,13728,1814,1528595,686647,
40,112825,414736,79689488,112741,112741,68035,62440,44708,14071,1857,1565276,703984,
41,115552,424703,82861332,115466,115466,69623,63892,45845,14411,1897,1601528,720343,
42,118278,434496,86234007,118190,118190,71487,65173,46705,14751,1940,1638123,737993,
43,121006,444347,89553921,120916,120916,73280,66506,47638,15091,1983,1674056,755340,
44,123721,454185,92954601,123629,123629,75027,67866,48604,15430,2024,1709935,772200,
45,126451,464106,96407736,126357,126357,76766,69263,49593,15770,2065,1745897,789204,
46,129197,474059,99966710,129101,129101,78547,70642,50556,16112,2106,1781943,806369,
47,131944,484119,103526805,131846,131846,80325,72124,51523,16455,2148,1817894,823547,
48,134697,494176,107130033,134597,134597,82008,73585,52591,16798,2188,1854415,840321,
49,137429,504082,110957260,137327,137327,83793,74960,53536,17139,2229,1890620,857415,
50,140181,514108,114600618,140077,140077,85573,76393,54506,17482,2271,1927232,874653,
51,142883,524001,118291441,142777,142777,87217,77849,55562,17819,2311,1962926,891056,
52,145587,533846,122048449,145479,145479,88920,79251,56561,18156,2351,1998592,907694,
53,148308,544122,125679747,148198,148198,90376,81031,57824,18495,2387,2033842,923357,
54,151038,554150,129365056,150926,150926,91767,82535,59161,18835,2422,2069940,938820,
55,153765,564104,133280819,153651,153651,93404,83974,60249,19175,2462,2106228,955220,
56,156504,574086,137180022,156388,156388,95073,85403,61317,19517,2503,2143196,971921,
57,159230,584036,141129307,159112,159112,96772,86841,62342,19857,2544,2179097,988676,
58,161958,594186,145114443,161838,161838,98230,88473,63610,20197,2581,2215710,1004630,
59,164688,604401,149179593,164566,164566,99942,90164,64626,20537,2620,2251091,1021265,
60,167419,614527,153338318,167295,167295,101672,91762,65625,20878,2660,2286987,1038092,
61,170150,624764,157373628,170024,170024,103247,93471,66779,21219,2698,2323131,1054321,
62,172897,634827,161606310,172769,172769,105069,94956,67702,21562,2740,2359575,1071541,
63,175619,644770,165903190,175489,175489,106737,96400,68754,21901,2781,2395977,1088202,
64,178350,654835,170209905,178218,178218,108272,97937,69948,22242,2820,2432272,1104181,
65,181053,664919,174494440,180919,180919,109739,99581,71182,22579,2857,2468298,1119881,
66,183775,675186,178780264,183639,183639,111136,101349,72505,22918,2891,2504166,1135283,
67,186500,685322,183240579,186362,186362,112578,102976,73786,23258,2927,2540010,1150877,
68,189219,695453,187729342,189079,189079,114110,104617,74971,23597,2965,2576103,1166874,
69,191951,705758,192433815,191809,191809,115684,106391,76127,23938,3004,2612468,1183234,
70,194696,716029,197147368,194552,194552,117252,108091,77302,24280,3042,2648896,1199490,
71,197460,726085,202010320,197314,197314,118936,109516,78380,24625,3082,2685523,1216257,
72,200207,736239,206766496,200059,200059,120434,111092,79627,24968,3120,2721976,1232234,
73,202945,746488,211701758,202795,202795,122048,112792,80749,25309,3159,2757830,1248707,
74,205712,756762,216654125,205560,205560,123628,114426,81934,25654,3197,2793879,1264880,
75,208489,767021,221714660,208335,208335,125541,116014,82796,26000,3241,2830130,1282756,
76,211264,777262,226960887,211108,211108,127393,117590,83717,26346,3285,2866757,1300671,
77,214048,787644,232017472,213890,213890,128880,119279,85012,26693,3321,2903627,1316555,
78,216821,798027,237282436,216661,216661,130449,121003,86214,27039,3360,2940436,1332997,
79,219606,808430,242240267,219444,219444,132100,122710,87346,27386,3399,2977016,1349708,
80,222360,818610,247602615,222196,222196,133837,124291,88361,27729,3440,3013181,1366704,
81,225121,828779,252720395,224955,224955,135617,125839,89340,28073,3481,3049384,1384045,
82,227896,838851,257900690,227728,227728,137681,127246,90049,28419,3528,3086061,1403037,
83,230677,848915,263637070,230507,230507,139661,128626,90848,28766,3572,3122585,1421564,
84,233458,859308,269099400,233286,233286,141218,130335,92070,29113,3610,3159207,1437796,
