Backup ID, Logical chunk num, Unique chunk num, Base chunk num, Delta chunk num, Logical chunk size, Unique chunk size, Base chunk size, Delta chunk size, LZ4_save size, Delta_save size, 
0,349658,181563,77908,103655,2869463040,1586581660,343361751,86759284,319142185,837318440
1,700527,225166,86704,138462,5748879360,2005085802,380965620,120898896,351891616,1151329670
2,1048641,266111,92005,174106,8606402560,2401076896,402701117,150532675,372354917,1475488187
3,1400928,309641,102364,207277,11506227200,2823542516,448544953,192267804,406582943,1776146816
4,1749773,350273,107133,243140,14379182080,3221877633,467284386,221744861,424400187,2108448199
5,2102412,391624,111542,280082,17284945920,3626123370,484219838,258752495,440850072,2442300965
6,2454706,434179,115967,318212,20191088640,4041790630,501498429,288312980,457544873,2794434348
7,2812109,475940,125299,350641,23129180160,4435403046,538316727,319699631,489921421,3087465267
8,3167314,516183,129711,386472,26049710080,4815972298,556449772,349433214,506571695,3403517617
9,3522400,556670,133890,422780,28969748480,5198324110,573214777,381434883,522364677,3721309773
10,3874982,595347,136898,458449,31867842560,5565605388,585541809,411675653,533789802,4034598124
11,4227381,634533,140691,493842,34764001280,5937267741,602395715,436075322,548866245,4349930459
12,4585507,676861,144980,531881,37705349120,6332317969,619404851,478750764,563932754,4670229600
13,4940662,717180,148365,568815,40626268160,6713959396,633042985,498138384,576731758,5006046269
14,5298219,756126,151025,605101,43568435200,7082753289,643615341,529142209,586550795,5323444944
15,5655036,794396,153557,640839,46505267200,7445443641,654302491,561479211,596321526,5633340413
16,6017260,834554,157799,676755,49483950080,7823476615,670153056,594267101,611531802,5947524656
17,6381829,874758,161563,713195,52483553280,8201432140,685120431,642431860,625304442,6248575407
18,6746630,914145,164357,749788,55485675520,8572341154,696803453,665382746,636262773,6573892182
19,7108426,954067,167935,786132,58467983360,8948973987,711579426,692499142,649619842,6895275577
20,7464498,993174,170814,822360,61400565760,9319044274,723029405,711126753,660399163,7224488953
21,7815621,1032218,174768,857450,64291246080,9690481972,739379825,754170363,675040921,7521890863
22,8163270,1070694,177345,893349,67153766400,10057353438,749964314,788768490,685277411,7833343223
23,8509462,1109121,179788,929333,70005688320,10423757412,759707659,794379709,694767391,8174902653
24,8857126,1147034,182142,964892,72872611840,10785938053,769970207,825459190,703963584,8486545072
25,9205823,1184724,183905,1000819,75747768320,11145427019,777065931,859609800,710716459,8798034829
26,9553238,1223126,186492,1036634,78613667840,11511966758,788118547,876376073,720941373,9126530765
27,9900471,1260887,188655,1072232,81478348800,11872768927,796968119,921470643,729558508,9424771657
28,10248239,1299161,190974,1108187,84350238720,12237946237,806346273,946265925,738491035,9746843004
29,10596588,1337206,193018,1144188,87226378240,12600596594,814371313,955985299,746307232,10083932750
30,10946481,1375853,195578,1180275,90117150720,12968055455,825207854,1015218211,756308558,10371320832
31,11291923,1413211,197323,1215888,92970352640,13325556050,832419142,1025507371,763118614,10704510923
32,11633491,1450134,199044,1251090,95788369920,13679895037,839744958,1079438630,769821248,10990890201
33,11980449,1491772,201573,1290199,98655385600,14076093037,849537251,1115292400,779024143,11332239243
34,12328874,1532659,204281,1328378,101536942080,14465034928,860106741,1108152747,789030612,11707744828
35,12678852,1573224,207672,1365552,104431165440,14850849290,872537298,1194390600,800927835,11982993557
36,13027926,1613137,210715,1402422,107317770240,15231135114,884672330,1213209294,812140287,12321113203
37,13379379,1652971,213787,1439184,110227466240,15609136396,897458390,1269539290,823993465,12618145251
38,13728163,1691563,216081,1475482,113113917440,15977195134,906461652,1248316901,832450054,12989966527
39,14076885,1730035,218579,1511456,116000757760,16345283035,916454005,1331698021,841903405,13255227604
40,14428208,1769259,221259,1548000,118909593600,16718145370,927168325,1296511821,852186124,13642279100
41,14776888,1807925,223537,1584388,121795717120,17086806716,936039955,1362061610,860793068,13927912083
42,15125521,1846954,226007,1620947,124680949760,17458129194,945993067,1391730561,870210449,14250195117
43,15474430,1885464,228650,1656814,127569377280,17824633621,956442420,1418461021,880060228,14569669952
44,15821608,1923538,230789,1692749,130441646080,18187892099,965313047,1426850902,888190189,14907537961
45,16170670,1961503,232831,1728672,133332664320,18550291606,973781266,1473438742,896089034,15206982564
46,16521828,1999608,234844,1764764,136244039680,18912830265,981804714,1543794913,903739839,15483490799
47,16873063,2038050,237269,1800781,139155404800,19278065298,990993000,1518257916,912938791,15855875591
48,17225102,2076957,239676,1837281,142071173120,19646653058,1000538853,1581342237,922219127,16142552841
49,17574419,2115318,241724,1873594,144962355200,20012221789,1008635016,1596318524,930077526,16477190723
50,17926301,2154337,244170,1910167,147876433920,20382505558,1018412574,1635524888,939426874,16789141222
51,18271894,2192243,246378,1945865,150738626560,20744929295,1027353268,1629268861,947838242,17140468924
52,18617702,2229865,248377,1981488,153603604480,21104158522,1035702133,1720290090,955585290,17392581009
53,18965640,2267172,250479,2016693,156488765440,21459879139,1044746294,1730937535,963790454,17720404856
54,19314713,2305354,252629,2052725,159383644160,21823151729,1053681042,1808693763,972305440,17988471484
55,19663418,2344057,255162,2088895,162274867200,22191381180,1064330917,1808248912,982226038,18336575313
56,20013675,2383448,257575,2125873,165181665280,22565614286,1074006752,1836719997,991771409,18663116128
57,20362245,2421236,259530,2161706,168073625600,22926259665,1081878551,1852573304,999158771,18992649039
58,20711122,2460140,261899,2198241,170970521600,23297321455,1091876963,1858880847,1008633880,19337929765
59,21060301,2497568,264266,2233302,173870110720,23653978445,1102128707,1915351438,1018025815,19618472485
60,21409582,2535174,265997,2269177,176770754560,24012391341,1109140281,1955745659,1024728012,19922777389
61,21758839,2573456,268281,2305175,179671726080,24376710915,1118251574,1922482260,1033596648,20302380433
62,22110179,2612534,271060,2341474,182588170240,24746247844,1129576287,1943028642,1044295850,20629347065
63,22458283,2651107,273180,2377927,185476454400,25113522953,1137922397,1975057901,1052591260,20947951395
64,22807536,2689545,275208,2414337,188373995520,25479224907,1146123237,2005731014,1060479682,21266890974
65,23153242,2727239,276955,2450284,191239946240,25840016130,1153611006,2105824346,1067428632,21513152146
66,23501375,2764639,278482,2486157,194128947200,26197711913,1159964719,2093730001,1073491014,21870526179
67,23849800,2802055,280041,2522014,197020743680,26555483219,1166370840,2113762827,1079559669,22195789883
68,24197521,2840113,282013,2558100,199907051520,26919495546,1174681058,2144723399,1087342524,22512748565
69,24546857,2878491,284075,2594416,202809763840,27285992635,1183364166,2167137141,1095881174,22839610154
70,24897909,2916854,286141,2630713,205728215040,27651087447,1192277743,2207880664,1104363034,23146566006
71,25251386,2955664,288189,2667475,208668569600,28019890005,1200205896,2289457171,1112263877,23417963061
72,25602695,2993999,290093,2703906,211589539840,28385267946,1208116280,2238072907,1119707764,23819370995
73,25952879,3031642,291871,2739771,214500464640,28744357655,1215264414,2319309911,1126410558,24083372772
74,26306780,3069665,293747,2775918,217447301120,29106010902,1222712079,2318540673,1133499778,24431258372
75,26661969,3108343,296482,2811861,220407265280,29473586437,1233729262,2404446456,1143894499,24691516220
76,27016854,3147052,298452,2848600,223364904960,29841213287,1241562800,2432915155,1151633457,25015101875
77,27372834,3185939,300611,2885328,226333276160,30210618529,1250946901,2450582439,1160573695,25348515494
78,27727488,3224888,302622,2922266,229288622080,30580456393,1258758464,2424566032,1168318470,25728813427
79,28083712,3263563,304895,2958668,232259921920,30947402258,1267709920,2525152735,1177100938,25977438665
80,28435875,3301590,306708,2994882,235194050560,31309801095,1274644437,2499635058,1183908201,26351613399
81,28788926,3339470,308355,3031115,238136698880,31670932755,1281501557,2534033914,1190399873,26664997411
82,29143842,3378802,311403,3067399,241094256640,32043527381,1294326505,2670192436,1201602409,26877406031
83,29499437,3417432,313362,3104070,244057620480,32411265351,1302312215,2614267074,1209360716,27285325346
84,29855034,3456001,315497,3140504,247020236800,32778427332,1311494744,2698128471,1218069053,27550735064
