Backup ID, FPindex, SFindex, Deltaindex
0,14525040,13459392,3619808
1,18013280,15006912,4906368
2,21288880,15877568,6161824
3,24771280,17750336,7261888
4,28021840,18534528,8576576
5,31329920,19291072,9827040
6,34734320,20045056,11098016
7,38075200,21478848,12185088
8,41294640,22248064,13451232
9,44533600,22942912,14679584
10,47627760,23441472,15879232
11,50762640,24014272,17062048
12,54148880,24736960,18328000
13,57374400,25313792,19556448
14,60490080,25750016,20764928
15,63551680,26148288,21952736
16,66764320,26753088,23155680
17,69980640,27291200,24373056
18,73131600,27699136,25593472
19,76325360,28212352,26800320
20,79453920,28649856,28003552
21,82577440,29109632,29168672
22,85655520,29510336,30356384
23,88729680,29914816,31545440
24,91762720,30265856,32721792
25,94777920,30538368,33902144
26,97850080,30916480,35083392
27,100870960,31257152,36253408
28,103932880,31614720,37435616
29,106976480,31939904,38617216
30,110068240,32322560,39807488
31,113056880,32582656,40979712
32,116010720,32844032,42130944
33,119341760,33230848,43430912
34,122612720,33665024,44693792
35,125857920,34111680,45933856
36,129050960,34560512,47165568
37,132237680,35045056,48391904
38,135325040,35412800,49596896
39,138402800,35802176,50789728
40,141540720,36226688,52001344
41,144634000,36608512,53206656
42,147756320,36998208,54415872
43,150837120,37414976,55602336
44,153883040,37753280,56792544
45,156920240,38062016,57979360
46,159968640,38374720,59168576
47,163044000,38765248,60358272
48,166156560,39140928,61560800
49,169225440,39470464,62761408
50,172346960,39859008,63971264
51,175379440,40197888,65147328
52,178389200,40503296,66322080
53,181373760,40822528,67483168
54,184428320,41148288,68665792
55,187524560,41549760,69852736
56,190675840,41938752,71066464
57,193698880,42226368,72246400
58,196811200,42602752,73445696
59,199805440,42920576,74605792
60,202813920,43175936,75783712
61,205876480,43490752,76963488
62,209002720,43918400,78161184
63,212088560,44249472,79357184
64,215163600,44579840,80551424
65,218179120,44829248,81729632
66,221171120,45073408,82904192
67,224164400,45308032,84077600
68,227209040,45611456,85258880
69,230279280,45928640,86446560
70,233348320,46236800,87635296
71,236453120,46567168,88840384
72,239519920,46866048,90034112
73,242531360,47142464,91208352
74,245573200,47417792,92392384
75,248667440,47792640,93575712
76,251764160,48081152,94780384
77,254875120,48400704,95980928
78,257991040,48732352,97190912
79,261085040,49092288,98383904
80,264127200,49346368,99570272
81,267157600,49588928,100756352
82,270304160,50001152,101950496
83,273394560,50285760,103152992
84,276480080,50611776,104347520
