Backup ID, Online Delta_save, Offline Delta_save, Offline delta time, Offline dedelta time, Offline delete time, Offline Delta chunk num
0,91959675,745358765,103066,10974,202,92092
1,305076058,846253612,168096,64224,391,103872
2,603827027,871661160,236580,130000,556,106580
3,871053656,905093160,334064,222612,795,111452
4,1151613099,956835100,458613,341791,1058,116822
5,1458356152,983944813,575226,454674,1322,120552
6,1759511131,1034923217,720946,594863,1631,126083
7,2009519383,1077945884,858207,727200,1959,131007
8,2290512660,1113004957,1006508,871514,2292,134994
9,2565652564,1155657209,1175134,1034951,2668,140183
10,2846320958,1188277166,1337107,1193010,3034,144097
11,3117248588,1232681871,1499548,1350744,3438,148804
12,3383820131,1286409469,1708382,1551974,3888,156408
13,3663081951,1342964318,1901944,1740400,4336,161544
14,3937491401,1385953543,2116986,1950304,4807,166682
15,4225236273,1408104140,2308879,2139099,5240,169780
16,4494148767,1453375889,2531264,2356085,5781,175179
17,4767972329,1480603078,2754369,2573942,6340,180427
18,5019289617,1554602565,3004764,2816922,6899,187842
19,5299977817,1595297760,3213711,3021453,7474,192258
20,5556679598,1667809355,3494749,3295407,8091,199342
21,5787392455,1734498408,3767255,3559070,8751,208185
22,6037207603,1796135620,4091706,3875983,9408,215723
23,6307435562,1867467091,4395514,4174209,10062,221305
24,6597941894,1888603178,4640222,4415988,10702,224234
25,6877412777,1920622052,4927043,4698356,11345,228687
26,7161076878,1965453887,5237145,5004502,12033,232643
27,7429732159,1995039498,5589883,5351826,12754,238057
28,7705273965,2041569039,5897311,5654340,13487,242971
29,7980686952,2103245798,6235651,5987655,14275,247996
30,8267144389,2104176443,6546508,6294532,15031,251976
31,8534285280,2170225643,6889939,6632508,15860,257431
32,8812732886,2178157315,7234995,6973558,16629,261437
33,9046169030,2286070213,7707733,7433745,17694,273988
34,9309773506,2397971322,8112839,7830567,18644,282272
35,9527982446,2455011111,8594401,8299680,19692,294721
36,9761926535,2559186668,9006755,8702084,20709,304671
37,9991173960,2626971291,9473248,9157904,21763,315344
38,10236542803,2753423724,9981607,9657967,22812,323640
39,10498345496,2756882108,10423889,10093686,23849,330203
40,10768660638,2873618462,10839264,10503139,24857,336125
41,11029368195,2898543888,11281103,10938011,25872,343092
42,11291602154,2958592963,11750053,11399991,26973,350062
43,11550376433,3019293519,12196510,11840047,28024,356463
44,11814608160,3092929801,12658717,12296333,29082,362384
45,12075482318,3131500246,13119633,12750792,30139,368841
46,12340577328,3142913471,13595713,13220847,31230,374866
47,12594604352,3261271239,14092923,13710972,32378,381951
48,12866088942,3276463899,14568206,14180397,33468,387809
49,13123589686,3353601037,15085683,14690729,34637,394954
50,13387286013,3401855209,15591045,15189400,35823,401645
51,13644959436,3495509488,16172282,15764004,37003,408278
52,13919160904,3473420105,16722543,16309440,38106,413103
53,14194158763,3526246093,17253188,16835978,39134,417210
54,14460706261,3527765223,17832930,17409820,40299,423110
55,14736137033,3600438280,18393037,17964908,41510,428129
56,15018381821,3644734307,18889289,18456066,42676,433223
57,15296705576,3695943463,19459232,19021522,43777,437710
58,15585971768,3751957997,19995554,19553871,44912,441683
59,15856845553,3761626932,20610953,20164698,46106,446255
60,16135019462,3787757927,21115688,20664915,47202,450773
61,16391436044,3910944389,21777637,21319908,48443,457729
62,16675005515,3954341550,22382374,21920145,49633,462229
63,16955750246,3992201149,23030524,22563223,50899,467301
64,17238044919,4028846055,23675501,23203455,52079,472046
65,17514730483,3998421663,24267073,23790092,53288,476981
66,17799263712,4071262467,24897718,24416902,54330,480816
67,18086905903,4108883980,25462328,24977931,55493,484397
68,18365117642,4147630923,26077534,25588197,56707,489337
69,18651470803,4188139351,26751468,26257927,57900,493541
70,18936460127,4210105879,27332377,26834567,59094,497810
71,19211268422,4206694639,28055396,27551898,60430,503498
72,19494979226,4324391769,28744447,28236457,61671,507990
73,19780193189,4303179583,29446560,28934714,62882,511846
74,20051325410,4379932962,30226017,29708581,64293,517436
75,20313974499,4377541721,30961633,30438020,65782,523613
76,20575980581,4439121294,31767774,31237098,67218,530676
77,20864769594,4483745900,32390108,31855479,68516,534629
78,21147414346,4581399081,33130011,32590360,69747,539651
79,21440786641,4536652024,33748277,33205067,71053,543210
80,21708845422,4642767977,34482667,33933549,72524,549118
81,21983968035,4681029376,35192265,34638000,73892,554265
82,22245217759,4632188272,35903707,35342706,75453,561001
83,22486941242,4798384104,36738163,36168150,77042,570013
84,22777060939,4773674125,37383758,36809910,78362,573848
