BackupID, OnlineSpeed(MB/s), Encalve ProcessTime(s), BackupSize, OnlineSize, OfflineSize, OfflineTime(s)
0, 143.439, 19.078, 2869463040, 792135766, 430121035, 172.348
1, 186.454, 14.7276, 2879416320, 554265240, 501864516, 64.1128
2, 206.68, 13.1853, 2857523200, 567111565, 553233792, 54.8887
3, 182.544, 15.1497, 2899824640, 653201525, 640812757, 75.6422
4, 183.49, 14.9319, 2872954880, 718564906, 689029247, 92.4929
5, 197.944, 13.9996, 2905763840, 754692465, 742972333, 86.4823
6, 181.138, 15.3005, 2906142720, 817304089, 789811409, 107.721
7, 180.734, 15.5033, 2938091520, 880593804, 858016358, 101.056
8, 183.766, 15.1564, 2920529920, 924302082, 905882986, 108.798
9, 180.672, 15.4133, 2920038400, 975917188, 954649660, 124.33
10, 184.646, 14.9683, 2898094080, 1013685385, 997217462, 117.825
11, 186.158, 14.8368, 2896158720, 1063743344, 1038471037, 117.876
12, 172.661, 16.2462, 2941347840, 1120725895, 1098155615, 149.541
13, 177.133, 15.7261, 2920919040, 1166206964, 1131181369, 141.387
14, 175.791, 15.9614, 2942167040, 1194558615, 1172757550, 151.999
15, 181.323, 15.4463, 2936832000, 1225403457, 1215781702, 135.723
16, 162.484, 17.4829, 2978682880, 1287152601, 1264420157, 155.729
17, 171.857, 16.6455, 2999603200, 1333279894, 1327552291, 155.231
18, 161.367, 17.7424, 3002122240, 1404823387, 1362186199, 174.43
19, 167.285, 17.0018, 2982307840, 1426003735, 1404078568, 148.331
20, 161.664, 17.2997, 2932582400, 1477386795, 1434156158, 195.901
21, 158.407, 17.403, 2890680320, 1522629877, 1493550188, 193.52
22, 157.399, 17.3439, 2862520320, 1569155475, 1538732804, 224.483
23, 167.449, 16.2426, 2851921920, 1602635913, 1554087368, 212.713
24, 168.833, 16.1942, 2866923520, 1603913576, 1595429397, 174.791
25, 161.129, 17.0172, 2875156480, 1650235450, 1636675731, 197.639
26, 164.746, 16.5899, 2865899520, 1692335522, 1664494620, 215.705
27, 160.723, 16.998, 2864680960, 1725838443, 1718438762, 242.508
28, 161.227, 16.9875, 2871889920, 1778506915, 1752612198, 216.819
29, 158.32, 17.325, 2876139520, 1811166325, 1770356612, 232.013
30, 159.92, 17.239, 2890772480, 1824423792, 1840426065, 217.723
31, 157.343, 17.2935, 2853201920, 1900935020, 1857926513, 238.218
32, 160.368, 16.7581, 2818017280, 1910075904, 1919183588, 236.459
33, 161.335, 16.9473, 2867015680, 2021315458, 1964829651, 323.507
34, 161.36, 17.0306, 2881556480, 2046225313, 1968259488, 290.983
35, 158.753, 17.3864, 2894223360, 2072593231, 2066927898, 332.717
36, 163.036, 16.8851, 2886604800, 2161050090, 2097881624, 290.322
37, 159.373, 17.4114, 2909696000, 2190145642, 2166997680, 327.786
38, 160.234, 17.1795, 2886451200, 2246974126, 2154778553, 350.448
39, 162.069, 16.9872, 2886840320, 2224614428, 2248152026, 310.919
40, 159.198, 17.4253, 2908835840, 2315898683, 2223680146, 289.165
41, 159.122, 17.2975, 2886123520, 2294114726, 2298101565, 311.704
42, 160.312, 17.1638, 2885232640, 2369164360, 2337723628, 322.446
43, 158.849, 17.3411, 2888427520, 2409341432, 2374903441, 308.76
44, 155.351, 17.6324, 2872268800, 2441207970, 2392163949, 323.828
45, 158.151, 17.4332, 2891018240, 2458911396, 2447220008, 318.296
46, 157.657, 17.611, 2911375360, 2512054403, 2525599627, 326.159
47, 158.215, 17.5488, 2911365120, 2598680551, 2509250916, 342.762
48, 156.847, 17.7288, 2915768320, 2573251528, 2581881090, 328.704
49, 153.933, 17.912, 2891182080, 2653140261, 2604953540, 357.426
50, 157.381, 17.6583, 2914078720, 2674877702, 2653937462, 348.351
51, 160.735, 16.9819, 2862192640, 2722715056, 2656622129, 394.712
52, 156.555, 17.4523, 2864977920, 2713613688, 2755992223, 379.736
53, 158.281, 17.3837, 2885160960, 2811993057, 2775683829, 366.31
54, 158.704, 17.3957, 2894878720, 2839633858, 2862374805, 395.971
55, 158.185, 17.4307, 2891223040, 2924553915, 2872579829, 387.564
56, 157.515, 17.5992, 2906798080, 2933630306, 2910726749, 343.36
57, 154.642, 17.8346, 2891960320, 2966776578, 2934451855, 390.195
58, 157.203, 17.5741, 2896896000, 2989672969, 2950757810, 375.545
59, 154.206, 17.9323, 2899589120, 3008291958, 3017480145, 426.275
60, 155.848, 17.7498, 2900643840, 3072566923, 3064885940, 347.751
61, 154.841, 17.8672, 2900971520, 3134844494, 3040733834, 451.474
62, 154.662, 17.9834, 2916444160, 3097451002, 3072604929, 417.182
63, 154.956, 17.7759, 2888284160, 3129878355, 3112980298, 451.259
64, 157.661, 17.5269, 2897541120, 3168955792, 3151854251, 441.544
65, 153.147, 17.8468, 2865950720, 3208217178, 3259435352, 406.898
66, 157.026, 17.5459, 2889000960, 3310126694, 3253694720, 434.763
67, 158.368, 17.4141, 2891796480, 3302931691, 3280133667, 386.004
68, 156.089, 17.6347, 2886307840, 3337406180, 3319404457, 418.701
69, 151.917, 18.222, 2902712320, 3372847556, 3350501307, 468.354
70, 152.713, 18.2253, 2918451200, 3404474614, 3400158407, 397.642
71, 151.085, 18.56, 2940354560, 3462632701, 3489663067, 491.954
72, 152.846, 18.2252, 2920970240, 3545127029, 3446189187, 469.665
73, 154.281, 17.9936, 2910924800, 3497314504, 3534574325, 478.616
74, 153.141, 18.3512, 2946836480, 3594796928, 3541252752, 536.348
75, 150.23, 18.7901, 2959964160, 3609661160, 3638175718, 500.958
76, 151.65, 18.5995, 2957639680, 3706385143, 3674477955, 548.545
77, 157.494, 17.9744, 2968371200, 3729523455, 3701529340, 432.054
78, 152.474, 18.4847, 2955345920, 3759814829, 3683324496, 507.21
79, 152.667, 18.561, 2971299840, 3733071757, 3792862655, 427.48
80, 150.8, 18.5557, 2934128640, 3856141963, 3774279495, 495.436
81, 152.733, 18.374, 2942648320, 3832504653, 3815535471, 490.051
82, 155.019, 18.1948, 2957557760, 3888287002, 3964518941, 485.72
83, 151.286, 18.6804, 2963363840, 4045099308, 3916579289, 560.197
84, 156.724, 18.0276, 2962616320, 3969161277, 4009623215, 449.545
