Backup ID, Ecall, Inline_Ocall, Offline_Ocall, _Inline_FPOcall, _Inline_SFOcall, _Inline_LocalOcall, _Inline_LoadOcall, _Inline_DeltaOcall, _Inline_RecipeOcall, _Inline_Write_ContainerOcall, _inline_have_similar_chunk_num, _inline_need_load_container_num
0,2734,11836,602770,2732,2732,2206,3299,526,341,203,110196,35514,
1,5478,26174,1036854,5474,5474,2883,9069,2591,683,236,145835,54127,
2,8200,39210,1478478,8194,8194,3036,13606,5158,1022,256,182419,70134,
3,10955,53565,2071222,10947,10947,3322,19358,7625,1366,284,216189,86068,
4,13683,67663,2777232,13673,13673,3632,24938,10041,1706,306,252697,103140,
5,16440,81066,3476782,16428,16428,3822,29732,12606,2050,326,290155,118799,
6,19195,95642,4304159,19181,19181,4117,35705,15064,2394,347,328737,136289,
7,21990,112020,5129698,21974,21974,4399,43355,17575,2743,373,363106,153322,
8,24768,126594,6003464,24750,24750,4616,49255,20134,3089,393,399345,169834,
9,27545,141403,6976825,27525,27525,4911,55393,22614,3435,414,436107,187240,
10,30302,156055,7934215,30280,30280,5147,61436,25133,3779,432,472113,204113,
11,33058,170910,8928940,33034,33034,5407,67685,27627,4123,451,508337,221096,
12,35858,186324,10112236,35832,35832,5859,74356,29973,4472,475,546715,239881,
13,38635,201310,11260516,38607,38607,6117,80671,32490,4818,495,583918,256885,
14,41431,216804,12491220,41401,41401,6440,87434,34961,5167,513,620445,274721,
15,44221,232069,13636198,44189,44189,6611,93987,37578,5515,530,656653,291211,
16,47053,249160,14969674,47019,47019,6953,102235,40066,5868,551,693510,309532,
17,49904,265715,16332250,49868,49868,7262,109887,42606,6224,572,730781,327347,
18,52757,282789,17772852,52718,52718,7722,118054,44997,6580,594,767858,346567,
19,55586,299281,19119391,55545,55545,7972,125712,47574,6933,613,805054,364228,
20,58370,315809,20723550,58327,58327,8387,133547,49941,7280,634,841754,382994,
21,61116,332129,22348119,61071,61071,8895,141293,52177,7622,658,878005,401840,
22,63835,348347,24167488,63787,63787,9327,149023,54462,7961,680,914209,420162,
23,66542,363651,25921150,66492,66492,9647,155874,56847,8299,699,950400,437632,
24,69261,379309,27487400,69209,69209,9811,163042,59400,8638,714,986472,453723,
25,71988,395223,29170044,71934,71934,10055,170441,61881,8978,731,1022619,470582,
26,74705,411087,31011262,74649,74649,10255,177821,64396,9317,748,1058979,486775,
27,77420,427226,33005409,77362,77362,10565,185482,66799,9656,767,1094863,504198,
28,80139,443122,34865186,80079,80079,10820,192888,69261,9995,785,1131164,521198,
29,82863,459486,36870930,82801,82801,11090,200746,71713,10335,803,1167434,538373,
30,85599,475901,38791688,85535,85535,11303,208618,74234,10676,820,1203993,555033,
31,88300,492157,40865879,88234,88234,11623,216440,76613,11013,838,1239843,572509,
32,90971,507824,42904915,90903,90903,11831,223767,79074,11346,854,1275339,589092,
33,93684,523509,45545239,93614,93614,12531,230981,81085,11684,882,1314581,608633,
34,96409,539129,47933847,96337,96337,12973,238092,83366,12024,905,1353018,627013,
35,99146,555230,50640832,99072,99072,13709,245647,85365,12365,934,1390608,647091,
36,101876,570906,53093627,101800,101800,14267,252799,87535,12705,960,1427873,666076,
37,104624,587146,55748720,104546,104546,14890,260458,89658,13048,986,1465004,685511,
38,107351,603312,58577253,107271,107271,15367,268109,91906,13388,1009,1501520,704000,
39,110078,619303,61171854,109996,109996,15735,275585,94263,13728,1030,1537869,721912,
40,112825,635676,63674439,112741,112741,16064,283380,96679,14071,1050,1574806,739627,
41,115552,651706,66282487,115466,115466,16458,290895,99010,14411,1071,1611321,757304,
42,118278,667739,69016792,118190,118190,16854,298416,101338,14751,1092,1648151,775359,
43,121006,683967,71667856,120916,120916,17215,306126,103703,15091,1113,1684342,793165,
44,123721,700457,74385382,123629,123629,17545,314138,106086,15430,1132,1720517,811067,
45,126451,716931,77090431,126357,126357,17909,322088,108450,15770,1151,1756746,828888,
46,129197,733401,79880212,129101,129101,18265,329984,110838,16112,1170,1793108,846985,
47,131944,749911,82762726,131846,131846,18671,337916,113177,16455,1191,1829336,865205,
48,134697,766413,85569216,134597,134597,19000,345822,115599,16798,1210,1866132,882928,
49,137429,783083,88557758,137327,137327,19411,353961,117918,17139,1231,1902588,901417,
50,140181,799860,91538685,140077,140077,19769,362145,120310,17482,1252,1939443,919452,
51,142883,815662,94788743,142777,142777,20144,369510,122635,17819,1272,1975424,937176,
52,145587,832098,97900961,145479,145479,20426,377503,125055,18156,1289,2011346,954419,
53,148308,848588,100911872,148198,148198,20657,385497,127543,18495,1306,2046917,971279,
54,151038,865177,104165179,150926,150926,20993,393562,129935,18835,1325,2083244,989218,
55,153765,881603,107406738,153651,153651,21273,401473,132380,19175,1343,2119737,1006628,
56,156504,898165,110370187,156388,156388,21539,409482,134851,19517,1361,2156949,1023743,
57,159230,915079,113605439,159112,159112,21807,417884,137307,19857,1378,2193133,1041084,
58,161958,931479,116751249,161838,161838,21995,425766,139845,20197,1395,2230039,1057344,
59,164688,948645,120224857,164566,164566,22277,434408,142291,20537,1413,2265710,1074741,
60,167419,965301,123232051,167295,167295,22525,442536,144772,20878,1430,2301864,1091650,
61,170150,982239,126852811,170024,170024,22912,450946,147114,21219,1451,2338272,1109889,
62,172897,999223,130288235,172769,172769,23150,459352,149621,21562,1468,2375048,1127029,
63,175619,1015647,133937599,175489,175489,23427,467277,152064,21901,1486,2411723,1144273,
64,178350,1031990,137550282,178218,178218,23667,475092,154553,22242,1503,2448350,1161017,
65,181053,1048908,140948527,180919,180919,23946,483570,156975,22579,1520,2484611,1178439,
66,183775,1065458,144433537,183639,183639,24149,491621,159492,22918,1536,2520679,1195253,
67,186500,1082050,147714632,186362,186362,24334,499704,162030,23258,1551,2556785,1211883,
68,189219,1098500,151212218,189079,189079,24602,507664,164479,23597,1569,2593133,1229193,
69,191951,1115519,154962867,191809,191809,24831,516152,166980,23938,1586,2629755,1245992,
70,194696,1132626,158362470,194552,194552,25069,524688,169485,24280,1603,2666441,1262997,
71,197460,1149420,162386017,197314,197314,25367,532851,171949,24625,1622,2703362,1280498,
72,200207,1166377,166217298,200059,200059,25596,541230,174465,24968,1639,2740044,1297253,
73,202945,1183176,170111274,202795,202795,25810,549480,176987,25309,1655,2776158,1314149,
74,205712,1200389,174364768,205560,205560,26133,558053,179429,25654,1672,2812532,1332088,
75,208489,1217967,178548187,208335,208335,26488,566960,181849,26000,1692,2849021,1350507,
76,211264,1235545,182961984,211108,211108,26904,575873,184206,26346,1712,2885982,1369134,
77,214048,1252537,186598045,213890,213890,27113,584172,186779,26693,1728,2923134,1386237,
78,216821,1269452,190685455,216661,216661,27372,592428,189291,27039,1746,2960213,1403659,
79,219606,1286813,194352818,219444,219444,27560,601093,191886,27386,1762,2996975,1420701,
80,222360,1304232,198486378,222196,222196,27923,609913,194275,27729,1781,3033423,1439004,
81,225121,1321507,202515254,224955,224955,28215,618567,196742,28073,1799,3069901,1456683,
82,227896,1338729,206693665,227728,227728,28597,627124,199133,28419,1820,3106813,1475009,
83,230677,1356295,211244858,230507,230507,29137,636006,201372,28766,1843,3143715,1494441,
84,233458,1373151,215090985,233286,233286,29324,644178,203964,29113,1859,3180555,1511181,
