Backup ID, Logical chunk num, Unique chunk num, Base chunk num, Delta chunk num, Logical chunk size, Unique chunk size, Base chunk size, Delta chunk size, LZ4_save size, Delta_save size, 
0,47270,45091,44901,190,374824960,355493664,226750912,122321,127088064,1532367
1,93760,63193,55041,8152,741068800,495103669,276846072,1019023,157205169,60033405
2,140254,80435,64873,15562,1108418560,629979924,325788376,1978100,187591731,114621717
3,186916,97135,73593,23542,1477611520,759367472,369514298,3040126,214491075,172321973
4,233561,111930,80887,31043,1846190080,875009206,404816478,3915744,239052327,227224657
5,271616,126584,88479,38105,2149201920,988912863,439656413,4830246,265133368,279292836
6,333509,182509,140908,41601,2647705600,1439024217,689199115,6384691,438900758,304539653
7,375631,217536,166949,50587,2997319680,1732574333,803972945,12804662,541527949,374268777
8,419564,249310,185160,64150,3364526080,1998004082,893753888,19902777,599556743,484790674
9,463497,249332,185170,64162,3731732480,1998126473,893761755,19905916,599599354,484859448
10,511234,257100,190622,66478,4109803520,2059446492,920827835,20026897,617650395,500941365
11,550375,262844,194122,68722,4422103040,2104629607,936562764,20218167,631684367,516164309
12,589502,277512,201854,75658,4734248960,2218783128,973823991,21057867,657040392,566860878
13,652520,280730,202766,77964,5241784320,2241418287,977168711,21674735,660009082,582565759
14,717905,300858,212145,88713,5764464640,2400783295,1019334436,23055813,691108168,667284878
15,783325,316129,218186,97943,6287237120,2525462985,1048627766,23849204,712022426,740963589
16,829595,341773,228729,113044,6673735680,2745488039,1095236355,36019571,755619836,858612277
17,875466,350721,230194,120527,7057971200,2823472834,1100791434,44493098,761523724,916664578
18,923854,357394,234368,123026,7442227200,2876277470,1119255608,43821365,778491518,934708979
19,971484,363629,237779,125850,7817871360,2924628193,1133455885,43965971,792779553,954426784
20,1019179,369592,240898,128694,8194682880,2971142827,1146108274,44240547,806593254,974200752
21,1067026,375496,243907,131589,8573368320,3017413239,1158002018,44470454,820487570,994453197
22,1112897,375519,243919,131600,8957603840,3017536324,1158014957,44473877,820533646,994513844
23,1158768,375540,243924,131616,9341839360,3017643824,1158020501,45460717,820539021,993623585
24,1207545,391103,252580,138523,9731287040,3147129212,1204261126,45876609,846676882,1050314595
25,1256392,394790,253520,141270,10121338880,3173146392,1208829142,46081010,848681442,1069554798
26,1305302,398504,254502,144002,10512404480,3198894091,1212646011,46323492,851475290,1088449298
27,1354172,412295,260286,152009,10903429120,3314601417,1241708699,47337892,871594817,1153960009
28,1402940,415863,261230,154633,11293941760,3340115247,1246902292,47557537,873350622,1172304796
29,1443085,436186,270090,166096,11619184640,3504542465,1290481401,49869241,902074915,1262116908
30,1483217,452933,277277,175656,11944468480,3640857118,1324323009,50719582,926760353,1339054174
31,1523363,455386,278093,177293,12269639680,3659050396,1328909671,50869068,928284636,1350987021
32,1563546,457878,278703,179175,12595281920,3677505788,1332564010,51045180,929377662,1364518936
33,1603775,460343,279413,180930,12921047040,3695746745,1336960927,51160221,930598375,1377027222
34,1648884,470364,283397,186967,13298063360,3789919389,1348843028,64386891,957056861,1419632609
35,1694029,478149,284670,193479,13675489280,3861312313,1353724423,72391973,963160832,1472035085
36,1741440,485699,288248,197451,14072944640,3929958353,1366082858,73083360,983193531,1507598604
37,1788524,505702,296256,209446,14468106240,4101652910,1401249342,78760357,1015856489,1605786722
38,1835523,513397,297307,216090,14863370240,4171832822,1405329691,89400211,1022227625,1654875295
39,1876216,530689,306057,224632,15191316480,4311487807,1448671584,90685953,1048684192,1723446078
40,1913449,545953,311509,234444,15492782080,4436563133,1475343033,92679082,1066330756,1802210262
41,1950738,563025,317584,245441,15794718720,4575785202,1505357021,94614011,1085387153,1890427017
42,1988065,578196,323614,254582,16096768000,4699732147,1536674769,95850509,1102781147,1964425722
43,2025433,582690,325367,257323,16399237120,4732139714,1543902750,96355255,1108070981,1983810728
44,2074134,597635,332923,264712,16789903360,4856818378,1583535239,99367120,1132309561,2041606458
45,2122847,600194,333659,266535,17180590080,4875734367,1588110119,99325907,1133517798,2054780543
46,2171519,603472,334481,268991,17570560000,4899115325,1592889801,99587108,1135144902,2071493514
47,2220326,618425,341449,276976,17961431040,5021636387,1626438117,99310833,1159312922,2136574515
48,2257694,618450,341457,276993,18263900160,5021781860,1626443188,99313313,1159344724,2136680635
49,2307202,622086,343330,278756,18659973120,5049354401,1639801638,99360575,1161005011,2149187177
50,2356622,624875,344023,280852,19055656960,5069977693,1644361122,99783588,1161934614,2163898369
51,2405612,636347,348141,288206,19468840960,5177786411,1660270468,118245666,1184835666,2214434611
52,2447006,637794,348689,289105,19802460160,5189341117,1663960156,118103872,1185622950,2221654139
53,2484962,639336,349344,289992,20109813760,5201673249,1668652169,118433082,1186309077,2228278921
54,2522969,640807,350021,290786,20417689600,5213578195,1673531606,118481941,1187066842,2234497806
55,2561009,642051,350586,291465,20725667840,5223559501,1677535932,118577786,1187784805,2239660978
56,2599098,643311,351119,292192,21034076160,5233628060,1681315175,118656597,1188430292,2245225996
57,2639876,645916,352034,293882,21364449280,5252952705,1686681893,119190025,1190078741,2257002046
58,2680677,648640,352899,295741,21695129600,5273120641,1692107239,119632600,1191356420,2270024382
59,2721490,651174,353815,297359,22025707520,5292001087,1697714908,119618077,1192812051,2281856051
60,2762338,653720,354620,299100,22356746240,5310963607,1702663056,119625536,1194103840,2294571175
61,2803249,656273,355420,300853,22687907840,5329807731,1707481916,119906759,1195347031,2307072025
62,2850269,667060,358176,308884,23082076160,5426033199,1717097932,128298996,1210484564,2370151707
63,2897423,675589,360725,314864,23477360640,5503728992,1726356607,134019367,1223926955,2419426063
64,2946849,684080,364113,319967,23892674560,5580869610,1738123061,137326427,1242487743,2462932379
65,2995937,692541,367919,324622,24305715200,5657844301,1751182245,139193411,1264197506,2503271139
66,3034026,692567,367931,324636,24614123520,5657992401,1751195421,139198741,1264243943,2503354296
67,3083892,695994,369505,326489,25014067200,5683878422,1759731086,138926923,1268143631,2517076782
68,3133068,710148,375784,334364,25406832640,5802337491,1792796880,139702201,1288296026,2581542384
69,3182530,712856,376533,336323,25803069440,5822555219,1798038552,139761251,1289268342,2595487074
70,3220619,712881,376538,336343,26111477760,5822699186,1798041166,139764498,1289288768,2595604754
71,3263035,735096,397261,337835,26455859200,6005656824,1914919384,140464481,1343639840,2606633119
72,3307336,746419,406193,340226,26815508480,6098796294,1963303065,141760617,1369337567,2624395045
73,3350218,752391,410639,341752,27163023360,6147772247,1988261347,141449460,1380906770,2637154670
74,3393144,753605,411040,342565,27510743040,6157487549,1991060655,141540917,1381404165,2643481812
75,3436144,759571,414614,344957,27858503680,6204746036,2008746405,141976129,1392438352,2661585150
76,3479144,762358,415795,346563,28206233600,6225611499,2015033169,141835057,1395186952,2673556321
77,3523445,770570,420981,349589,28565800960,6291053095,2040254990,142343312,1412637383,2695817410
78,3567732,772866,421622,351244,28925265920,6310049010,2043953461,143226270,1414240644,2708628635
79,3612081,781297,426549,354748,29285120000,6376027080,2067013961,143894834,1431388471,2733729814
80,3656412,784282,427730,356552,29644994560,6399193338,2073320095,143355106,1434325684,2748192453
81,3700674,787566,428932,358634,30004213760,6425556325,2080460335,143570843,1436841405,2764683742
82,3740691,798725,438536,360189,30326528000,6515039713,2133069743,144403271,1461385748,2776180951
83,3783372,805381,442979,362402,30671964160,6567954497,2156138286,144761958,1474198609,2792855644
84,3825950,810353,446367,363986,31016939520,6607659097,2173621051,145143892,1484377274,2804516880
85,3868596,815960,449013,366947,31362539520,6650687784,2191018973,145666737,1488235204,2825766870
86,3910995,819466,450370,369096,31706787840,6677029366,2198780489,145727224,1491426529,2841095124
87,3953403,821838,451279,370559,32051159040,6694505446,2203973950,145696516,1493272344,2851562636
88,3997704,821859,451283,370576,32410808320,6694628515,2203981582,145701936,1493293974,2851651023
89,4042378,824073,453205,370868,32773447680,6712487789,2218553630,145777445,1494453528,2853703186
90,4086956,826102,454316,371786,33135206400,6728833826,2227152621,145968228,1495057767,2860655210
91,4131606,827496,454917,372579,33497640960,6740028415,2231390730,146017747,1495676483,2866943455
92,4176284,834288,459084,375204,33860229120,6794113241,2250990052,146680917,1510574251,2885868021
93,4220932,838026,460306,377720,34222755840,6822115611,2255639869,148249572,1515332587,2902893583
94,4265582,838047,460311,377736,34585190400,6822244413,2255643725,148252570,1515351941,2902996177
