Backup ID, FPindex, SFindex, Deltaindex
0,3607280,8562112,10496
1,5055440,10505472,514528
2,6434800,12390720,826432
3,7770800,14062528,1129792
4,8954400,15454848,1409440
5,10126720,16903680,1679488
6,14600720,26896384,1836000
7,17402880,31731776,2324352
8,19944800,35167872,2929600
9,19946560,35169792,2930304
10,20568000,36212736,3013568
11,21027520,36882880,3101728
12,22200960,38348096,3350400
13,22458400,38442368,3457152
14,24068640,40236544,3897440
15,25290320,41387264,4216800
16,27341840,43378816,4809504
17,28057680,43624576,5112736
18,28591520,44422464,5206752
19,29090320,45074176,5312416
20,29567360,45669760,5415136
21,30039680,46245312,5519232
22,30041520,46247616,5519776
23,30043200,46248320,5520480
24,31288240,47905216,5760448
25,31583200,48060928,5866912
26,31880320,48161408,5949024
27,32983600,49265600,6243936
28,33269040,49389952,6325344
29,34894880,51076608,6749184
30,36234640,52294592,7062112
31,36430880,52368896,7106368
32,36630240,52463936,7178912
33,36827440,52554176,7238656
34,37629120,53288256,7459040
35,38251920,53454400,7716256
36,38855920,53551296,7828064
37,40456160,54488896,8237344
38,41071760,54649344,8485376
39,42455120,56313728,8786528
40,43676240,57243584,9154112
41,45042000,58367488,9553696
42,46255680,59505856,9873472
43,46615200,59743040,9966208
44,47810800,61185920,10226368
45,48015520,61297792,10289216
46,48277760,61381248,10370080
47,49474000,62417088,10598528
48,49476000,62418560,10599552
49,49766880,62775872,10659072
50,49990000,62907520,10740096
51,50907760,63670720,11007680
52,51023520,63757696,11051200
53,51146880,63882304,11087168
54,51264560,63974144,11111680
55,51364080,64028864,11127904
56,51464880,64076224,11150720
57,51673280,64186176,11207168
58,51891200,64315072,11276384
59,52093920,64392768,11314912
60,52297600,64471168,11371776
61,52501840,64542912,11427104
62,53364800,64891264,11740736
63,54047120,64981888,11945920
64,54726400,65092928,12114336
65,55403280,65159168,12260192
66,55405360,65161472,12260832
67,55679520,65462656,12325856
68,56811840,66660608,12608864
69,57028480,66801984,12679808
70,57030480,66802816,12680704
71,58807680,70775936,12766144
72,59713520,72489152,12885888
73,60191280,73342016,12957312
74,60288400,73407552,12986752
75,60765680,74090368,13075040
76,60988640,74213248,13104384
77,61645600,75204352,13222816
78,61829280,75280576,13281824
79,62503760,76219136,13413184
80,62742560,76317760,13442880
81,63005280,76478144,13524480
82,63898000,78317376,13597600
83,64430480,79166336,13691616
84,64828240,79810048,13753824
85,65276800,80314560,13863328
86,65557280,80483904,13914080
87,65747040,80534208,13912096
88,65748720,80534912,13912928
89,65925840,80903232,13924800
90,66088160,81116352,13976288
91,66199680,81190144,14004768
92,66743040,81987456,14106272
93,67042080,82110272,14191552
94,67043760,82111232,14192224
