Backup ID, Online Delta_save, Offline Delta_save, Offline delta time, Offline dedelta time, Offline delete time, Offline Delta chunk num
0,1360851,171516,38,20,8,18
1,59253345,780060,157,59,22,98
2,112573441,2048276,481,203,42,278
3,160433218,11888755,3762,2156,93,1606
4,184538325,42686332,15877,10164,165,5713
5,205098175,74194661,31222,21226,255,9996
6,219431010,85108643,36035,24405,324,11630
7,270963948,103304829,41799,27423,411,14376
8,328535493,156255181,54891,33924,522,20967
9,328595224,156264224,54892,33924,523,20968
10,335185099,165756266,63232,40871,603,22361
11,343406025,172758284,68741,45308,679,23433
12,359007089,207853789,93425,65111,833,28314
13,368305752,214260007,100046,70772,909,29274
14,431844295,235440583,110940,78766,1022,32174
15,472239737,268723852,125379,89078,1127,36301
16,507689812,350922465,161391,114277,1278,47114
17,520100751,396563827,177590,124637,1371,52953
18,525434671,409274308,193076,138370,1507,54706
19,531744236,422682548,209165,152506,1633,56659
20,539139032,435061720,225023,166561,1744,58462
21,546326350,448126847,242894,182528,1868,60366
22,546386997,448126847,242894,182528,1868,60366
23,546458511,447165074,243170,182802,1874,60368
24,571635145,478679450,266044,201924,2028,64120
25,582427956,487126842,277682,212302,2160,65380
26,594576081,493873217,287669,221274,2270,66395
27,618740894,535219115,319192,247783,2421,71409
28,628625551,543679245,332902,260250,2538,72652
29,646663197,615453711,389757,307892,2793,81865
30,666938904,672115270,442343,353507,2981,88836
31,671534399,679452622,457375,367512,3078,89863
32,679634047,684884889,466798,376172,3162,90626
33,685918264,691108958,477558,386067,3252,91491
34,688871407,730761202,495808,398638,3358,97170
35,693238450,778796635,517038,413857,3434,103181
36,694896847,812701757,541983,435032,3542,106951
37,705385775,900400947,624891,507220,3772,117671
38,707306912,947568383,653735,529657,3882,124078
39,724020516,999425562,707619,577058,4132,130561
40,755141615,1047068647,762785,626164,4338,136621
41,789555350,1100871667,825032,681490,4564,143542
42,809457721,1154968001,888937,738726,4802,150211
43,818075997,1165734731,906609,754814,4921,151795
44,821467063,1220139395,991490,832752,5236,158738
45,828109843,1226670700,1009429,849803,5371,159626
46,836474461,1235019053,1028443,867532,5541,160911
47,846875254,1289699261,1121472,953991,5789,167481
48,846981374,1289699261,1121472,953991,5789,167481
49,852774014,1296413163,1141800,973370,5941,168430
50,860126072,1303772297,1162483,992975,6094,169508
51,861993382,1352441229,1195211,1018590,6263,176621
52,865339844,1356314295,1201151,1024064,6369,177087
53,867751948,1360526973,1207837,1030179,6442,177658
54,868673135,1365824671,1214853,1036521,6487,178332
55,869354439,1370306539,1222499,1043579,6563,178920
56,870840622,1374385374,1229605,1050166,6579,179439
57,873320414,1383681632,1258684,1077871,6771,180813
58,877770890,1392253492,1281714,1099658,6943,182056
59,881104720,1400751331,1310427,1127183,7054,183244
60,886681160,1407890015,1332969,1148749,7152,184220
61,892039351,1415032674,1355358,1170133,7270,185225
62,894760114,1475391593,1412951,1220041,7572,192910
63,896602794,1522823269,1454355,1255680,7731,198675
64,898770997,1564161382,1500386,1296848,7891,203538
65,900031066,1603240073,1550527,1342497,8091,208030
66,900114223,1603240073,1550527,1342497,8091,208030
67,903206503,1613870279,1586032,1376556,8291,209476
68,916468157,1665074227,1679649,1463923,8613,215726
69,922244533,1673242541,1707908,1490999,8815,216909
70,922316231,1673288523,1707921,1491005,8823,216916
71,931031116,1675602003,1710011,1492774,8989,217237
72,945575644,1678819401,1712025,1494271,9067,217754
73,954370056,1682784614,1714188,1496001,9137,218187
74,959385619,1684096193,1714881,1496528,9160,218353
75,968956940,1692628210,1719917,1500446,9257,219471
76,972255168,1701301153,1728749,1508108,9408,220641
77,981667626,1714149784,1736853,1514520,9505,222333
78,989279600,1719349035,1741944,1518852,9544,223092
79,998040584,1735689230,1755106,1529702,9694,225404
80,1004902228,1743290225,1765083,1538729,9746,226354
81,1011135325,1753548417,1775813,1548100,9802,227713
82,1016556628,1759624323,1781340,1552748,9972,228592
83,1020395191,1772460453,1791620,1561310,10106,230310
84,1024567857,1779949023,1798430,1567096,10215,231334
85,1031232651,1794534219,1814451,1581048,10374,233403
86,1035429233,1805665891,1830891,1595976,10463,234915
87,1039108396,1812454240,1843527,1607715,10526,235812
88,1039149709,1812501314,1843550,1607730,10533,235820
89,1039877375,1813825811,1845319,1609308,10593,236011
90,1043973218,1816681992,1847248,1610852,10665,236396
91,1045565419,1821378036,1850473,1613488,10724,236985
92,1051303811,1834564210,1863358,1624536,10876,238822
93,1058850032,1844043551,1877471,1637095,11053,240376
94,1058952626,1844043551,1877471,1637095,11053,240376
