BackupID, OnlineSpeed(MB/s), Encalve ProcessTime(s), BackupSize, OnlineSize, OfflineSize, OfflineTime(s)
0, 99.0941, 3.60729, 374824960, 226964559, 226873233, 0.155297
1, 184.358, 1.89456, 366243840, 278183397, 277865095, 0.364518
2, 193.023, 1.81497, 367349760, 328331192, 327766476, 0.669943
3, 197.969, 1.77851, 369192960, 380407053, 372554424, 4.16219
4, 209.114, 1.68092, 368578560, 434535291, 408732222, 12.7278
5, 178.707, 1.61703, 303011840, 469794154, 444486659, 15.5109
6, 98.628, 4.82024, 498503680, 702269540, 695583806, 5.36352
7, 108.136, 3.08333, 349614080, 821810183, 816777607, 7.13401
8, 113.001, 3.09906, 367206400, 932174711, 913656665, 15.1434
9, 627.351, 0.558213, 367206400, 913668453, 913667671, 0.017086
10, 286.146, 1.26005, 378071040, 945796112, 940854732, 7.18638
11, 290.86, 1.02397, 312299520, 960079654, 956780931, 5.31418
12, 173.565, 1.71512, 312145920, 1020791831, 994881858, 20.0253
13, 452.129, 1.07054, 507535360, 1002822977, 998843446, 5.93269
14, 212.926, 2.34103, 522680320, 1054453885, 1042390249, 10.3159
15, 238.008, 2.0947, 522772480, 1092412819, 1072476970, 13.8162
16, 137.257, 2.68543, 386498560, 1162575263, 1131255926, 35.3072
17, 271.233, 1.351, 384235520, 1155085823, 1145284532, 16.709
18, 295.048, 1.24202, 384256000, 1170278396, 1163076973, 11.1348
19, 302.087, 1.18589, 375644160, 1185501696, 1177421856, 12.9438
20, 314.249, 1.14354, 376811520, 1198073403, 1190348821, 12.2246
21, 309.399, 1.16724, 378685440, 1210908352, 1202472472, 12.9032
22, 613.549, 0.597239, 384235520, 1202488834, 1202488834, 0.004312
23, 635.331, 0.576763, 384235520, 1202499207, 1203481218, 0.335707
24, 194.211, 1.91239, 389447680, 1268266776, 1250137735, 18.6114
25, 382.531, 0.972423, 390051840, 1259689432, 1254910152, 9.11472
26, 386.019, 0.966142, 391065600, 1263035972, 1258969503, 8.18678
27, 207.73, 1.79517, 391024640, 1314191282, 1289046591, 24.1737
28, 384.664, 0.968175, 390512640, 1299888887, 1294459829, 9.98396
29, 144.518, 2.14628, 325242880, 1383550057, 1340350642, 45.1541
30, 170.913, 1.81504, 325283840, 1409736023, 1375042591, 42.057
31, 405.632, 0.764504, 325171200, 1384517885, 1379778739, 10.764
32, 414.43, 0.749358, 325642240, 1387441118, 1383609190, 7.21865
33, 427.594, 0.726563, 325765120, 1392646077, 1388121148, 8.03026
34, 281.559, 1.277, 377016320, 1419080445, 1413229919, 18.4301
35, 314.19, 1.14562, 377425920, 1439008466, 1426116396, 20.8603
36, 325.561, 1.16428, 397455360, 1452219405, 1439166218, 20.5322
37, 177.362, 2.12478, 395161600, 1520857722, 1480009699, 65.7058
38, 325.722, 1.15729, 395264000, 1506637486, 1494729902, 27.2489
39, 169.046, 1.85011, 327946240, 1570880349, 1539357537, 41.6532
40, 169.119, 1.69998, 301465600, 1596693438, 1568022115, 40.6011
41, 154.944, 1.85841, 301936640, 1631926294, 1599971032, 48.0977
42, 171.438, 1.68024, 302049280, 1665086045, 1632525278, 49.3796
43, 332.83, 0.866679, 302469120, 1647996628, 1640258005, 14.06
44, 206.405, 1.80504, 390666240, 1714106743, 1682902359, 58.3328
45, 435.779, 0.854992, 390686720, 1691972526, 1687436026, 14.2747
46, 399.701, 0.930457, 389969920, 1697524083, 1692476909, 13.8485
47, 204.147, 1.82596, 390871040, 1759022589, 1725748950, 68.0798
48, 590.047, 0.488871, 302469120, 1725756501, 1725756501, 0.003403
49, 398.869, 0.94699, 396072960, 1743122365, 1739162213, 14.5041
50, 423.534, 0.890964, 395683840, 1748791118, 1744144710, 15.5065
51, 263.923, 1.49302, 413184000, 1782768768, 1778516134, 28.7293
52, 490.455, 0.648712, 333619200, 1785625979, 1782064028, 5.41671
53, 488.996, 0.599423, 307353600, 1790764875, 1787085251, 5.23879
54, 493.605, 0.594835, 307875840, 1796953729, 1792013547, 5.00083
55, 507.031, 0.579276, 307978240, 1800217676, 1796113718, 5.4333
56, 512.962, 0.573378, 308408320, 1803831907, 1799971772, 4.73198
57, 411.475, 0.765704, 330373120, 1811779911, 1805871918, 18.1785
58, 395.4, 0.797575, 330680320, 1817629969, 1811739839, 17.7493
59, 428.265, 0.736141, 330577920, 1822934300, 1817332985, 18.6044
60, 419.491, 0.752586, 331038720, 1827249101, 1822288592, 15.4081
61, 417.453, 0.756541, 331161600, 1832496607, 1827388675, 15.2158
62, 257.293, 1.46101, 394168320, 1863407843, 1845396928, 45.6142
63, 308.405, 1.22233, 395284480, 1875355827, 1860375974, 33.3719
64, 311.105, 1.27312, 415313920, 1890524189, 1875449488, 37.4182
65, 310.736, 1.26766, 413040640, 1905308173, 1890375656, 37.3926
66, 639.171, 0.46016, 308408320, 1890394162, 1890394162, 0.003802
67, 407.363, 0.936305, 399943680, 1905155644, 1898658009, 20.9842
68, 210.433, 1.78, 392765440, 1963160772, 1932499081, 70.3473
69, 377.521, 1.00095, 396236800, 1943023347, 1937799803, 20.7212
70, 622.969, 0.472128, 308408320, 1937819032, 1937805664, 0.044876
71, 144.843, 2.26747, 344381440, 2056637468, 2055383865, 3.14849
72, 241.703, 1.41905, 359649280, 2106666758, 2105063682, 2.13993
73, 321.072, 1.03222, 347514880, 2132960210, 2129710807, 2.18518
74, 519.79, 0.637972, 347719680, 2133826630, 2132601572, 0.681383
75, 324.454, 1.02218, 347760640, 2157372436, 2150722534, 4.13965
76, 408.548, 0.811707, 347729920, 2163021314, 2156868226, 6.6963
77, 280.98, 1.22041, 359567360, 2191353721, 2182598302, 7.33116
78, 454.405, 0.754421, 359464960, 2191769169, 2187179731, 4.26813
79, 276.482, 1.24125, 359854080, 2221371769, 2210908795, 10.5405
80, 404.648, 0.848152, 359874560, 2222454642, 2216675201, 6.958
81, 405.069, 0.845727, 359219200, 2231392647, 2224031178, 7.50796
82, 226.217, 1.35879, 322314240, 2281034549, 2277473014, 5.42548
83, 298.79, 1.10256, 345436160, 2309234252, 2300900244, 8.28991
84, 347.304, 0.94728, 344975360, 2324469553, 2318764943, 5.59119
85, 331.816, 0.99329, 345600000, 2346292961, 2336685710, 11.5557
86, 407.842, 0.804971, 344248320, 2352330665, 2344507713, 11.9762
87, 431.629, 0.760881, 344371200, 2354838453, 2349670466, 9.1919
88, 634.823, 0.54029, 359649280, 2349690852, 2349683518, 0.072417
89, 479.598, 0.721104, 362639360, 2365242067, 2364331075, 1.82509
90, 464.229, 0.743168, 361758720, 2375708352, 2373120849, 1.79109
91, 504.587, 0.685005, 362434560, 2381698468, 2377408477, 2.52062
92, 291.807, 1.185, 362588160, 2406789125, 2397670969, 9.03788
93, 386.034, 0.895601, 362526720, 2410114151, 2403889441, 10.6337
94, 644.186, 0.53656, 362434560, 2403896295, 2403896295, 0.004645
