Backup ID, Ecall, Inline_Ocall, Offline_Ocall, _Inline_FPOcall, _Inline_SFOcall, _Inline_LocalOcall, _Inline_LoadOcall, _Inline_DeltaOcall, _Inline_RecipeOcall, _Inline_Write_ContainerOcall, _inline_have_similar_chunk_num, _inline_need_load_container_num
0,372,1422,6014,370,370,2,266,368,46,59,515,162,
1,738,2558,22345,694,694,6,345,728,91,73,8497,541,
2,1104,3708,51679,1016,1016,13,442,1085,136,87,15924,1069,
3,1471,4843,119095,1334,1334,37,531,1426,181,102,23909,1720,
4,1838,5925,233168,1622,1622,101,627,1727,226,119,31419,2404,
5,2138,6826,372101,1861,1861,172,715,1954,263,136,38484,3012,
6,2624,8668,473054,2340,2340,213,1055,2397,323,203,42236,3527,
7,2956,10244,600686,2666,2666,273,1608,2667,364,236,52403,4176,
8,3302,11646,782270,2992,2992,375,1972,2909,406,266,66208,5065,
9,3648,12052,783142,2999,2999,376,1978,3252,448,268,66220,5073,
10,4023,12846,918762,3151,3151,411,2049,3590,494,278,68538,5428,
11,4331,13528,1044749,3283,3283,435,2123,3872,532,284,70784,5722,
12,4639,14467,1291086,3525,3525,524,2234,4089,570,302,77803,6451,
13,5134,15385,1421254,3674,3674,555,2300,4551,631,305,80524,6783,
14,5647,16780,1605325,4017,4017,606,2435,5011,694,320,91279,7520,
15,6161,18070,1801037,4319,4319,666,2546,5463,757,334,100525,8188,
16,6525,19240,2112982,4652,4652,825,2643,5666,802,358,115633,9468,
17,6886,20060,2304837,4833,4833,909,2698,5941,846,366,123117,10247,
18,7267,20859,2536842,4987,4987,962,2763,6267,893,374,125618,10702,
19,7642,21672,2744680,5143,5143,1013,2845,6589,939,381,128442,11165,
20,8017,22459,2938788,5295,5295,1058,2909,6917,985,388,131286,11591,
21,8393,23245,3148207,5444,5444,1103,2977,7246,1031,395,134181,12014,
22,8754,23666,3148380,5451,5451,1103,2981,7605,1075,397,134192,12022,
23,9115,24083,3168443,5458,5458,1104,2981,7963,1119,399,134210,12034,
24,9499,25061,3431518,5681,5681,1172,3084,8277,1166,417,141124,12639,
25,9883,25974,3644178,5880,5880,1221,3170,8610,1213,421,143992,13164,
26,10268,26874,3838827,6071,6071,1260,3258,8954,1260,425,147170,13641,
27,10652,27842,4119698,6287,6287,1337,3365,9259,1307,440,155182,14279,
28,11035,28735,4327229,6477,6477,1385,3450,9592,1354,444,158091,14775,
29,11351,29793,4790063,6773,6773,1532,3563,9759,1393,468,169555,15945,
30,11667,30780,5186427,7031,7031,1649,3681,9956,1432,487,179903,16837,
31,11983,31424,5380845,7147,7147,1686,3740,10233,1471,491,181956,17168,
32,12299,32073,5545801,7264,7264,1708,3802,10525,1510,494,183945,17447,
33,12616,32719,5715099,7377,7377,1735,3868,10813,1549,498,185935,17737,
34,12971,33370,5928409,7489,7489,1816,3898,11085,1593,508,191972,18586,
35,13326,34024,6096130,7603,7603,1892,3927,11362,1637,516,198773,19209,
36,13699,34686,6306299,7714,7714,1975,3950,11650,1683,524,205764,19872,
37,14069,35789,6824660,8007,8007,2164,4054,11829,1728,546,220658,21442,
38,14439,36459,7064136,8122,8122,2247,4081,12114,1773,554,227306,22176,
39,14759,37450,7499563,8373,8373,2358,4213,12321,1812,575,235875,23038,
40,15052,38393,7908763,8624,8624,2456,4327,12514,1848,591,246235,23855,
41,15346,39463,8361263,8892,8892,2562,4533,12700,1884,609,257399,24776,
42,15640,40431,8828851,9162,9162,2670,4633,12884,1920,627,266600,25638,
43,15934,41323,9075271,9407,9407,2710,4707,13136,1956,632,269833,26071,
44,16317,42260,9680504,9624,9624,2842,4782,13385,2003,652,277222,27193,
45,16700,43183,9941046,9839,9839,2867,4847,13741,2050,656,279190,27496,
46,17083,44083,10237553,10027,10027,2918,4943,14071,2097,660,282021,28035,
47,17467,45223,10825167,10319,10319,3045,5070,14326,2144,678,291533,29203,
48,17761,45806,10825183,10443,10443,3045,5077,14618,2180,680,291551,29211,
49,18150,46571,11094731,10564,10564,3071,5165,14979,2228,686,293316,29556,
50,18539,47322,11375587,10686,10686,3105,5237,15332,2276,690,295412,29898,
51,18924,48041,11675163,10815,10815,3203,5268,15617,2323,701,302766,30935,
52,19250,48647,11834015,10921,10921,3216,5298,15928,2363,704,303759,31058,
53,19549,49481,11953291,11159,11159,3229,5322,16212,2400,708,304646,31170,
54,19848,50264,12033211,11371,11371,3243,5347,16495,2437,712,305632,31279,
55,20148,50832,12138503,11477,11477,3258,5368,16778,2474,716,306587,31393,
56,20448,51276,12178145,11517,11517,3268,5397,17066,2511,719,307593,31501,
57,20769,52259,12473355,11805,11805,3322,5446,17331,2550,723,309613,31974,
58,21090,53196,12726042,12065,12065,3362,5505,17610,2589,727,311659,32314,
59,21411,53844,12964023,12182,12182,3406,5561,17885,2628,731,313779,32683,
60,21733,54501,13132850,12297,12297,3438,5629,18173,2667,735,315904,33007,
61,22055,55159,13331885,12411,12411,3469,5700,18462,2706,739,318073,33338,
62,22425,56015,13822243,12604,12604,3606,5757,18693,2751,750,326935,34895,
63,22796,56716,14109477,12732,12732,3698,5787,18970,2797,759,334848,35769,
64,23185,57436,14408215,12859,12859,3790,5818,19265,2845,768,342696,36574,
65,23571,58508,14728665,13165,13165,3884,5847,19555,2892,777,350575,37576,
66,23871,58922,14728685,13200,13200,3884,5856,19853,2929,779,350589,37587,
67,24263,59684,15076797,13328,13328,3936,5924,20191,2977,784,352442,38048,
68,24650,60673,15705557,13548,13548,4051,6040,20461,3025,802,360318,38882,
69,25039,61631,16028010,13769,13769,4087,6121,20812,3073,806,362278,39271,
70,25339,62043,16030048,13803,13803,4088,6130,21109,3110,808,362299,39287,
71,25673,62920,16224709,14015,14015,4110,6210,21419,3151,839,363812,39547,
72,26022,63834,16309928,14240,14240,4126,6284,21750,3194,853,366212,39836,
73,26360,64656,16391031,14429,14429,4139,6351,22073,3235,861,367740,40062,
74,26698,65359,16410428,14576,14576,4142,6383,22406,3276,864,368627,40157,
75,27036,66109,16510084,14730,14730,4167,6448,22717,3317,872,371032,40462,
76,27374,66936,16656165,14922,14922,4213,6514,23007,3358,877,373161,40844,
77,27723,67810,16770218,15122,15122,4257,6598,23310,3401,887,376187,41277,
78,28071,68595,16824756,15300,15300,4274,6638,23639,3444,891,378083,41475,
79,28420,69524,17006601,15521,15521,4323,6735,23937,3487,901,381608,41991,
80,28769,70394,17099931,15724,15724,4359,6809,24248,3530,905,384073,42326,
81,29117,71185,17184382,15901,15901,4393,6857,24560,3573,910,386510,42606,
82,29432,71981,17356549,16080,16080,4432,6943,24834,3612,926,388080,42994,
83,29768,72772,17492453,16251,16251,4477,7017,25123,3653,935,390294,43375,
84,30103,73547,17601539,16420,16420,4507,7080,25426,3694,942,391909,43685,
85,30439,74391,17802030,16614,16614,4565,7161,25702,3735,950,394870,44211,
86,30773,75170,17931591,16787,16787,4606,7221,25993,3776,955,397479,44607,
87,31107,75935,18034886,16946,16946,4639,7295,26292,3817,959,399573,44960,
88,31456,76586,18039196,17073,17073,4641,7302,26637,3860,961,399590,44972,
89,31808,77345,18108377,17237,17237,4653,7340,26975,3903,966,399884,45101,
90,32159,77961,18178219,17327,17327,4661,7384,27316,3946,970,400802,45219,
91,32510,78556,18236511,17409,17409,4672,7423,27654,3989,974,401828,45345,
92,32862,79411,18405204,17585,17585,4722,7533,27954,4032,983,404454,45833,
93,33213,80226,18590877,17757,17757,4768,7612,28257,4075,988,407531,46228,
94,33564,80775,18590890,17832,17832,4768,7619,28606,4118,990,407547,46239,
