Backup ID, Logical chunk num, Unique chunk num, Base chunk num, Delta chunk num, Logical chunk size, Unique chunk size, Base chunk size, Delta chunk size, LZ4_save size, Delta_save size, 
0,349658,181563,180506,1057,2869463040,1586581660,833231512,1091963,744048642,8209543
1,700527,225166,221217,3949,5748879360,2005085802,1053186977,3702862,911848646,36347317
2,1048641,266111,255278,10833,8606402560,2401076896,1239368785,9189376,1051825832,100692903
3,1400928,309641,293246,16395,11506227200,2823542516,1445207443,14455555,1209002024,154877494
4,1749773,350273,328457,21816,14379182080,3221877633,1640203808,17647629,1355662252,208363944
5,2102412,391624,361532,30092,17284945920,3626123370,1820247461,24024937,1492108925,289742047
6,2454706,434179,395801,38378,20191088640,4041790630,2006995290,30648644,1634395854,369750842
7,2812109,475940,434742,41198,23129180160,4435403046,2217292512,32639158,1793352683,392118693
8,3167314,516183,469216,46967,26049710080,4815972298,2408451212,36237877,1935891754,435391455
9,3522400,556670,505145,51525,28969748480,5198324110,2606828805,38949015,2084167927,468378363
10,3874982,595347,538487,56860,31867842560,5565605388,2793958152,42103572,2221801027,507742637
11,4227381,634533,572638,61895,34764001280,5937267741,2984029423,44996517,2361950523,546291278
12,4585507,676861,611316,65545,37705349120,6332317969,3191505510,47532653,2515745524,577534282
13,4940662,717180,648230,68950,40626268160,6713959396,3390561979,49997569,2664706714,608693134
14,5298219,756126,682058,74068,43568435200,7082753289,3579972268,52658992,2804883752,645238277
15,5655036,794396,715751,78645,46505267200,7445443641,3768519025,55252942,2944299150,677372524
16,6017260,834554,752983,81571,49483950080,7823476615,3973860666,56860060,3098042718,694713171
17,6381829,874758,788908,85850,52483553280,8201432140,4172566759,59239791,3246320436,723305154
18,6746630,914145,826234,87911,55485675520,8572341154,4375028369,60510550,3397383540,739418695
19,7108426,954067,862840,91227,58467983360,8948973987,4577548876,62171986,3548578704,760674421
20,7464498,993174,900438,92736,61400565760,9319044274,4781725032,63135920,3701134748,773048574
21,7815621,1032218,937831,94387,64291246080,9690481972,4985532018,64161440,3853554614,787233900
22,8163270,1070694,973375,97319,67153766400,10057353438,5184771189,65674342,4001319525,805588382
23,8509462,1109121,1008477,100644,70005688320,10423757412,5376468785,67859607,4143988391,835440629
24,8857126,1147034,1042020,105014,72872611840,10785938053,5565569261,70368106,4283045539,866955147
25,9205823,1184724,1077174,107550,75747768320,11145427019,5759055784,72007236,4426186901,888177098
26,9553238,1223126,1111726,111400,78613667840,11511966758,5952946846,73922730,4570033143,915064039
27,9900471,1260887,1145590,115297,81478348800,11872768927,6143737501,75881314,4710699415,942450697
28,10248239,1299161,1179919,119242,84350238720,12237946237,6336373392,78149119,4853197688,970226038
29,10596588,1337206,1214354,122852,87226378240,12600596594,6530133120,79891406,4996285675,994286393
30,10946481,1375853,1250490,125363,90117150720,12968055455,6727719498,81322636,5143282064,1015731257
31,11291923,1413211,1283527,129684,92970352640,13325556050,6914663209,83538356,5280776191,1046578294
32,11633491,1450134,1317266,132868,95788369920,13679895037,7101716189,85661184,5418217169,1074300495
33,11980449,1491772,1355549,136223,98655385600,14076093037,7315900506,87608947,5575076193,1097507391
34,12328874,1532659,1393323,139336,101536942080,14465034928,7527333519,89265113,5730451074,1117985222
35,12678852,1573224,1432858,140366,104431165440,14850849290,7743347105,90024058,5890486561,1126991566
36,13027926,1613137,1469616,143521,107317770240,15231135114,7949913949,91647076,6042456629,1147117460
37,13379379,1652971,1507912,145059,110227466240,15609136396,8158641872,92660116,6197292322,1160542086
38,13728163,1691563,1544650,146913,113113917440,15977195134,8360354789,93855171,6346072695,1176912479
39,14076885,1730035,1579396,150639,116000757760,16345283035,8556443657,95922592,6490526679,1202390107
40,14428208,1769259,1616540,152719,118909593600,16718145370,8759162434,97397140,6640663340,1220922456
41,14776888,1807925,1651783,156142,121795717120,17086806716,8956958424,99286672,6786380013,1244181607
42,15125521,1846954,1687826,159128,124680949760,17458129194,9158333691,100729020,6935379814,1263686669
43,15474430,1885464,1724474,160990,127569377280,17824633621,9358869220,102066778,7083641121,1280056502
44,15821608,1923538,1760938,162600,130441646080,18187892099,9559139970,102997819,7231715681,1294038629
45,16170670,1961503,1795315,166188,133332664320,18550291606,9752880610,104803862,7374177587,1318429547
46,16521828,1999608,1830150,169458,136244039680,18912830265,9948807294,106351880,7518247656,1339423435
47,16873063,2038050,1866369,171681,139155404800,19278065298,10146286912,107964516,7664406364,1359407506
48,17225102,2076957,1903400,173557,142071173120,19646653058,10347519379,109234880,7813939983,1375958816
49,17574419,2115318,1938840,176478,144962355200,20012221789,10546383546,110621730,7960928920,1394287593
50,17926301,2154337,1975746,178591,147876433920,20382505558,10747737146,112094185,8110268363,1412405864
51,18271894,2192243,2010081,182162,150738626560,20744929295,10941393235,113815918,8253460183,1436259959
52,18617702,2229865,2044096,185769,153603604480,21104158522,11132754947,115785489,8394345474,1461272612
53,18965640,2267172,2077224,189948,156488765440,21459879139,11319678251,118023764,8531522470,1490654654
54,19314713,2305354,2112992,192362,159383644160,21823151729,11515385434,119459971,8676458700,1511847624
55,19663418,2344057,2147347,196710,162274867200,22191381180,11707725893,121992939,8818671708,1542990640
56,20013675,2383448,2184167,199281,165181665280,22565614286,11908216969,123623033,8968346875,1565427409
57,20362245,2421236,2217006,204230,168073625600,22926259665,12092826956,126699204,9104595972,1602137533
58,20711122,2460140,2252446,207694,170970521600,23297321455,12290786448,128466554,9251865589,1626202864
59,21060301,2497568,2287357,210211,173870110720,23653978445,12483189622,129915525,9393940804,1646932494
60,21409582,2535174,2323186,211988,176770754560,24012391341,12679648609,130880137,9539506071,1662356524
61,21758839,2573456,2358192,215264,179671726080,24376710915,12875375792,132421116,9684885165,1684028842
62,22110179,2612534,2393546,218988,182588170240,24746247844,13071589827,134325676,9830577654,1709754687
63,22458283,2651107,2429419,221688,185476454400,25113522953,13267556789,136051342,9976026497,1733888325
64,22807536,2689545,2464064,225481,188373995520,25479224907,13461639319,137869124,10119616331,1760100133
65,23153242,2727239,2497995,229244,191239946240,25840016130,13653481831,139668590,10260968395,1785897314
66,23501375,2764639,2531076,233563,194128947200,26197711913,13840837747,141832614,10398689902,1816351650
67,23849800,2802055,2565818,236237,197020743680,26555483219,14032528908,143384409,10540189280,1839380622
68,24197521,2840113,2600288,239825,199907051520,26919495546,14226060226,145191156,10683414476,1864829688
69,24546857,2878491,2635328,243163,202809763840,27285992635,14422323777,146878824,10829433266,1887356768
70,24897909,2916854,2670800,246054,205728215040,27651087447,14615967406,148784702,10972952293,1913383046
71,25251386,2955664,2705775,249889,208668569600,28019890005,14811092584,150669569,11117811507,1940316345
72,25602695,2993999,2741347,252652,211589539840,28385267946,15006284477,152221876,11262837405,1963924188
73,25952879,3031642,2775128,256514,214500464640,28744357655,15196964243,154092999,11403032166,1990268247
74,26306780,3069665,2809875,259790,217447301120,29106010902,15386991544,156195096,11543875253,2018949009
75,26661969,3108343,2845698,262645,220407265280,29473586437,15586773369,157605107,11692554671,2036653290
76,27016854,3147052,2882546,264506,223364904960,29841213287,15787248100,158746973,11842041107,2053177107
77,27372834,3185939,2917517,268422,226333276160,30210618529,15982194036,160600863,11987388966,2080434664
78,27727488,3224888,2952373,272515,229288622080,30580456393,16177033845,162535755,12132628922,2108257871
79,28083712,3263563,2987749,275814,232259921920,30947402258,16369326399,164747737,12275886690,2137441432
80,28435875,3301590,3022747,278843,235194050560,31309801095,16565407965,166209550,12421205867,2156977713
81,28788926,3339470,3056663,282807,238136698880,31670932755,16756029097,168181177,12561945342,2184777139
82,29143842,3378802,3093590,285212,241094256640,32043527381,16961254223,169261561,12714264620,2198746977
83,29499437,3417432,3130637,286795,244057620480,32411265351,17163516818,170199140,12865094998,2212454395
84,29855034,3456001,3165451,290550,247020236800,32778427332,17358527969,171965743,13009805091,2238128529
