Backup ID, FPindex, SFindex, Deltaindex
0,14525040,13224832,2528
1,18013280,14703168,66528
2,21288880,15482176,165088
3,24771280,17291392,135040
4,28021840,18033920,253408
5,31329920,18742848,359968
6,34734320,19475520,411360
7,38075200,20861824,401888
8,41294640,21571456,460576
9,44533600,22220800,342528
10,47627760,22710208,372480
11,50762640,23214912,370208
12,54148880,23977920,386720
13,57374400,24547648,384416
14,60490080,24979648,473792
15,63551680,25340608,428000
16,66764320,25803776,444448
17,69980640,26350016,449216
18,73131600,26876928,423328
19,76325360,27311872,431392
20,79453920,27811712,425888
21,82577440,28192192,427424
22,85655520,28709632,429408
23,88729680,29119872,477792
24,91762720,29449920,490016
25,94777920,29733632,494976
26,97850080,30087488,499264
27,100870960,30456448,505408
28,103932880,30801856,514464
29,106976480,31121280,517024
30,110068240,31478976,533696
31,113056880,31776576,561280
32,116010720,32032832,570208
33,119341760,32460864,524192
34,122612720,32877568,565376
35,125857920,33236736,500960
36,129050960,33678272,526624
37,132237680,34246976,519488
38,135325040,34638016,537312
39,138402800,35019648,551776
40,141540720,35431872,555968
41,144634000,35816128,556064
42,147756320,36207232,557440
43,150837120,36579840,569440
44,153883040,36955840,578144
45,156920240,37262080,590176
46,159968640,37575872,641664
47,163044000,37976128,652320
48,166156560,38354368,602976
49,169225440,38697664,607712
50,172346960,39085760,619168
51,175379440,39408896,644480
52,178389200,39719232,650400
53,181373760,40024832,680736
54,184428320,40354944,679168
55,187524560,40746752,705472
56,190675840,41137280,705760
57,193698880,41415232,738272
58,196811200,41783040,714912
59,199805440,42041728,745184
60,202813920,42329088,724576
61,205876480,42635712,735488
62,209002720,43070592,753856
63,212088560,43407808,769856
64,215163600,43761024,778112
65,218179120,44023488,780128
66,221171120,44258944,808576
67,224164400,44500288,823776
68,227209040,44786240,807616
69,230279280,45113088,791840
70,233348320,45421504,830752
71,236453120,45766400,827168
72,239519920,46052032,840512
73,242531360,46327360,854048
74,245573200,46633984,873504
75,248667440,46935296,842560
76,251764160,47328704,843488
77,254875120,47641728,868352
78,257991040,47988992,885408
79,261085040,48324096,913152
80,264127200,48561408,877472
81,267157600,48850944,907776
82,270304160,49150208,883936
83,273394560,49565184,879424
84,276480080,49858368,908096
