Backup ID, Online Delta_save, Offline Delta_save, Offline delta time, Offline dedelta time, Offline delete time, Offline Delta chunk num
0,8209543,0,0,0,212,0
1,36347317,0,0,0,399,0
2,100692903,0,0,0,584,0
3,154877494,0,0,0,769,0
4,208363944,0,0,0,925,0
5,289742047,0,0,0,1081,0
6,369750842,0,0,0,1235,0
7,392118693,0,0,0,1406,0
8,435391455,0,0,0,1569,0
9,468378363,0,0,0,1745,0
10,507742637,0,0,0,1914,0
11,546291278,0,0,0,2092,0
12,577534282,0,0,0,2272,0
13,608693134,0,0,0,2464,0
14,645238277,0,0,0,2653,0
15,677372524,0,0,0,2830,0
16,694713171,0,0,0,3037,0
17,723305154,0,0,0,3245,0
18,739418695,0,0,0,3439,0
19,760674421,0,0,0,3649,0
20,773048574,0,0,0,3863,0
21,787233900,0,0,0,4084,0
22,805588382,0,0,0,4301,0
23,835440629,0,0,0,4509,0
24,866955147,0,0,0,4717,0
25,888177098,0,0,0,4921,0
26,915064039,0,0,0,5157,0
27,942450697,0,0,0,5365,0
28,970226038,0,0,0,5607,0
29,994286393,0,0,0,5840,0
30,1015731257,0,0,0,6093,0
31,1046578294,0,0,0,6314,0
32,1074300495,0,0,0,6537,0
33,1097507391,0,0,0,6884,0
34,1117985222,0,0,0,7221,0
35,1126991566,0,0,0,7561,0
36,1147117460,0,0,0,7889,0
37,1160542086,0,0,0,8213,0
38,1176912479,0,0,0,8521,0
39,1202390107,0,0,0,8835,0
40,1220922456,0,0,0,9152,0
41,1244181607,0,0,0,9467,0
42,1263686669,0,0,0,9789,0
43,1280056502,0,0,0,10114,0
44,1294038629,0,0,0,10425,0
45,1318429547,0,0,0,10724,0
46,1339423435,0,0,0,11021,0
47,1359407506,0,0,0,11329,0
48,1375958816,0,0,0,11645,0
49,1394287593,0,0,0,11964,0
50,1412405864,0,0,0,12293,0
51,1436259959,0,0,0,12597,0
52,1461272612,0,0,0,12886,0
53,1490654654,0,0,0,13165,0
54,1511847624,0,0,0,13442,0
55,1542990640,0,0,0,13736,0
56,1565427409,0,0,0,14026,0
57,1602137533,0,0,0,14304,0
58,1626202864,0,0,0,14602,0
59,1646932494,0,0,0,14888,0
60,1662356524,0,0,0,15175,0
61,1684028842,0,0,0,15464,0
62,1709754687,0,0,0,15776,0
63,1733888325,0,0,0,16069,0
64,1760100133,0,0,0,16366,0
65,1785897314,0,0,0,16650,0
66,1816351650,0,0,0,16917,0
67,1839380622,0,0,0,17200,0
68,1864829688,0,0,0,17498,0
69,1887356768,0,0,0,17787,0
70,1913383046,0,0,0,18086,0
71,1940316345,0,0,0,18388,0
72,1963924188,0,0,0,18682,0
73,1990268247,0,0,0,18970,0
74,2018949009,0,0,0,19276,0
75,2036653290,0,0,0,19600,0
76,2053177107,0,0,0,19886,0
77,2080434664,0,0,0,20165,0
78,2108257871,0,0,0,20460,0
79,2137441432,0,0,0,20769,0
80,2156977713,0,0,0,21058,0
81,2184777139,0,0,0,21345,0
82,2198746977,0,0,0,21684,0
83,2212454395,0,0,0,21975,0
84,2238128529,0,0,0,22275,0
