BackupID, OnlineSpeed(MB/s), Encalve ProcessTime(s), BackupSize, OnlineSize, OfflineSize, OfflineTime(s)
0, 156.259, 17.5128, 2869463040, 834323475, 834323475, 4.47968
1, 314.873, 8.72107, 2879416320, 1056889839, 1056889839, 2.12231
2, 317.478, 8.58372, 2857523200, 1248558161, 1248558161, 2.02739
3, 305.776, 9.04416, 2899824640, 1459662998, 1459662998, 2.11107
4, 318.842, 8.59318, 2872954880, 1657851437, 1657851437, 1.92471
5, 315.91, 8.77197, 2905763840, 1844272398, 1844272398, 1.87683
6, 313.114, 8.85145, 2906142720, 2037643934, 2037643934, 1.85684
7, 319.676, 8.76507, 2938091520, 2249931670, 2249931670, 2.02996
8, 324.202, 8.59106, 2920529920, 2444689089, 2444689089, 1.94358
9, 317.737, 8.76438, 2920038400, 2645777820, 2645777820, 2.09687
10, 323.829, 8.53487, 2898094080, 2836061724, 2836061724, 1.96844
11, 322.001, 8.57759, 2896158720, 3029025940, 3029025940, 2.10246
12, 314.769, 8.91158, 2941347840, 3239038163, 3239038163, 2.19248
13, 314.733, 8.8507, 2920919040, 3440559548, 3440559548, 2.40856
14, 321.89, 8.71687, 2942167040, 3632631260, 3632631260, 2.19334
15, 323.356, 8.6616, 2936832000, 3823771967, 3823771967, 2.10942
16, 323.578, 8.77901, 2978682880, 4030720726, 4030720726, 2.60059
17, 315.206, 9.07548, 2999603200, 4231806550, 4231806550, 2.63061
18, 321.883, 8.89469, 3002122240, 4435538919, 4435538919, 2.35564
19, 324.528, 8.76396, 2982307840, 4639720862, 4639720862, 2.6306
20, 317.771, 8.80108, 2932582400, 4844860952, 4844860952, 2.68517
21, 309.033, 8.92063, 2890680320, 5049693458, 5049693458, 2.81344
22, 318.372, 8.57461, 2862520320, 5250445531, 5250445531, 2.77179
23, 316.643, 8.5895, 2851921920, 5444328392, 5444328392, 2.5876
24, 315.389, 8.66902, 2866923520, 5635937367, 5635937367, 2.77024
25, 315.251, 8.69771, 2875156480, 5831063020, 5831063020, 2.53901
26, 316.062, 8.64746, 2865899520, 6026869576, 6026869576, 3.06388
27, 317.425, 8.60668, 2864680960, 6219618815, 6219618815, 2.53531
28, 317.498, 8.62633, 2871889920, 6414522511, 6414522511, 3.09461
29, 311.427, 8.80752, 2876139520, 6610024526, 6610024526, 2.93277
30, 314.265, 8.77238, 2890772480, 6809042134, 6809042134, 3.25383
31, 322.777, 8.43005, 2853201920, 6998201565, 6998201565, 2.74589
32, 312.21, 8.6079, 2818017280, 7187377373, 7187377373, 2.73872
33, 302.684, 9.03319, 2867015680, 7403509453, 7403509453, 4.72705
34, 306.92, 8.95369, 2881556480, 7616598632, 7616598632, 4.53409
35, 311.852, 8.85082, 2894223360, 7833371163, 7833371163, 4.6192
36, 312.707, 8.80339, 2886604800, 8041561025, 8041561025, 4.50542
37, 310.438, 8.93867, 2909696000, 8251301988, 8251301988, 4.41448
38, 316.884, 8.68689, 2886451200, 8454209960, 8454209960, 4.201
39, 319.084, 8.62815, 2886840320, 8652366249, 8652366249, 4.24474
40, 316.98, 8.7516, 2908835840, 8856559574, 8856559574, 4.25386
41, 312.177, 8.81686, 2886123520, 9056245096, 9056245096, 4.29843
42, 314.493, 8.74923, 2885232640, 9259062711, 9259062711, 4.44536
43, 313.149, 8.79651, 2888427520, 9460935998, 9460935998, 4.41272
44, 322.063, 8.50519, 2872268800, 9662137789, 9662137789, 4.19022
45, 313.281, 8.8007, 2891018240, 9857684472, 9857684472, 4.12826
46, 317.034, 8.75775, 2911375360, 10055159174, 10055159174, 4.00143
47, 321.572, 8.63413, 2911365120, 10254251428, 10254251428, 4.11736
48, 322.873, 8.61236, 2915768320, 10456754259, 10456754259, 4.32689
49, 310.991, 8.866, 2891182080, 10657005276, 10657005276, 4.35967
50, 319.905, 8.68722, 2914078720, 10859831331, 10859831331, 4.5653
51, 313.482, 8.70736, 2862192640, 11055209153, 11055209153, 4.14677
52, 314.621, 8.68429, 2864977920, 11248540436, 11248540436, 3.89352
53, 315.618, 8.71784, 2885160960, 11437702015, 11437702015, 3.71581
54, 320.782, 8.60639, 2894878720, 11634845405, 11634845405, 3.69975
55, 322.706, 8.54427, 2891223040, 11829718832, 11829718832, 3.97354
56, 308.441, 8.98758, 2906798080, 12031840002, 12031840002, 3.9814
57, 315.932, 8.72969, 2891960320, 12219526160, 12219526160, 3.72019
58, 320.351, 8.62396, 2896896000, 12419253002, 12419253002, 4.00615
59, 316.125, 8.74736, 2899589120, 12613105147, 12613105147, 3.79043
60, 313.263, 8.83049, 2900643840, 12810528746, 12810528746, 3.92399
61, 322.122, 8.58861, 2900971520, 13007796908, 13007796908, 3.89145
62, 313.436, 8.87371, 2916444160, 13205915503, 13205915503, 4.25892
63, 312.76, 8.80702, 2888284160, 13403608131, 13403608131, 3.92274
64, 315.076, 8.7703, 2897541120, 13599508443, 13599508443, 4.06748
65, 317.117, 8.61884, 2865950720, 13793150421, 13793150421, 3.7762
66, 315.429, 8.73466, 2889000960, 13982670361, 13982670361, 3.51757
67, 315.619, 8.73785, 2891796480, 14175913317, 14175913317, 3.7949
68, 323.128, 8.51859, 2886307840, 14371251382, 14371251382, 4.03165
69, 319.983, 8.65121, 2902712320, 14569202601, 14569202601, 3.8455
70, 316.526, 8.79311, 2918451200, 14764752108, 14764752108, 4.03394
71, 306.606, 9.14573, 2940354560, 14961762153, 14961762153, 4.15103
72, 317.209, 8.78176, 2920970240, 15158506353, 15158506353, 3.90123
73, 317.213, 8.75145, 2910924800, 15351057242, 15351057242, 3.86473
74, 312.503, 8.99294, 2946836480, 15543186640, 15543186640, 4.13445
75, 320.073, 8.81937, 2959964160, 15744378476, 15744378476, 4.39826
76, 327.122, 8.62256, 2957639680, 15945995073, 15945995073, 3.82751
77, 314.555, 8.99957, 2968371200, 16142794899, 16142794899, 3.70281
78, 319.9, 8.81037, 2955345920, 16339569600, 16339569600, 3.92625
79, 318.917, 8.88522, 2971299840, 16534074136, 16534074136, 4.20321
80, 316.643, 8.83709, 2934128640, 16731617515, 16731617515, 3.85849
81, 313.986, 8.93774, 2942648320, 16924210274, 16924210274, 3.87467
82, 323.693, 8.71363, 2957557760, 17130515784, 17130515784, 4.66472
83, 314.391, 8.98906, 2963363840, 17333715958, 17333715958, 3.93337
84, 312.641, 9.0371, 2962616320, 17530493712, 17530493712, 4.09778
