Backup ID, Ecall, Inline_Ocall, Offline_Ocall, _Inline_FPOcall, _Inline_SFOcall, _Inline_LocalOcall, _Inline_LoadOcall, _Inline_DeltaOcall, _Inline_RecipeOcall, _Inline_Write_ContainerOcall, _inline_have_similar_chunk_num, _inline_need_load_container_num, _inlineDeltaChunkNum, 
0,2734,9944,310740,2732,2732,2641,1430,68,341,213,109954,37110,1057
1,5478,18889,471154,5474,5474,5126,1812,320,683,270,145470,56127,3949
2,8200,27591,626292,8194,8194,7261,2015,905,1022,319,181993,70744,10833
3,10955,36594,783222,10947,10947,9482,2418,1434,1366,373,215660,85159,16395
4,13683,45322,925730,13673,13673,11827,2629,1814,1706,424,252026,100235,21816
5,16440,54154,1066157,16428,16428,13977,2852,2419,2050,473,289334,113897,30092
6,19195,62948,1206899,19181,19181,16118,3043,3031,2394,523,327707,127475,38378
7,21990,72901,1362263,21974,21974,18609,4284,3317,2743,577,361899,144323,41198
8,24768,81773,1511991,24750,24750,20943,4483,3758,3089,627,397958,159015,46967
9,27545,90659,1672070,27525,27525,23386,4698,4090,3435,678,434431,174632,51525
10,30302,99472,1823991,30280,30280,25723,4902,4508,3779,727,470109,189812,56860
11,33058,108323,1986137,33034,33034,28102,5147,4883,4123,777,506006,205121,61895
12,35858,117288,2151975,35832,35832,30509,5386,5257,4472,831,543921,221418,65545
13,38635,126165,2325845,38607,38607,32944,5609,5580,4818,883,580817,237606,68950
14,41431,135139,2495929,41401,41401,35362,5852,5956,5167,932,617057,253250,74068
15,44221,144061,2657172,44189,44189,37809,6062,6297,5515,981,652961,268863,78645
16,47053,153187,2841904,47019,47019,40441,6346,6494,5868,1034,689584,287124,81571
17,49904,162481,3026651,49868,49868,42955,6737,6829,6224,1085,726536,304275,85850
18,52757,171590,3203181,52718,52718,45567,6959,7048,6580,1137,763066,322520,87911
19,55586,180626,3390037,55545,55545,48165,7162,7276,6933,1189,799997,340491,91227
20,58370,189494,3581110,58327,58327,50762,7353,7445,7280,1242,836213,359384,92736
21,61116,198257,3777260,61071,61071,53307,7557,7629,7622,1295,872247,377728,94387
22,63835,206889,3974307,63787,63787,55849,7702,7803,7961,1346,908039,396010,97319
23,66542,215540,4162800,66492,66492,58237,7916,8104,8299,1396,943992,411458,100644
24,69261,224218,4350165,69209,69209,60645,8104,8413,8638,1445,979784,426993,105014
25,71988,232905,4533668,71934,71934,63103,8296,8660,8978,1495,1015575,443466,107550
26,74705,241574,4739930,74649,74649,65567,8481,8911,9317,1545,1051640,459641,111400
27,77420,250246,4925321,77362,77362,68012,8675,9179,9656,1594,1087136,475603,115297
28,80139,258957,5133241,80079,80079,70458,8896,9450,9995,1644,1123168,491652,119242
29,82863,267661,5333675,82801,82801,72941,9095,9688,10335,1694,1159158,508171,122852
30,85599,276404,5549055,85535,85535,75412,9311,9935,10676,1745,1195422,525194,125363
31,88300,285062,5741883,88234,88234,77819,9535,10227,11013,1793,1230902,541157,129684
32,90971,293628,5934570,90903,90903,80171,9776,10529,11346,1841,1266118,556598,132868
33,93684,302220,6214494,93614,93614,82689,9897,10722,11684,1896,1305033,574142,136223
34,96409,310872,6483465,96337,96337,85245,10041,10888,12024,1951,1343226,591914,139336
35,99146,319510,6761410,99072,99072,87857,10149,10995,12365,2007,1380596,612189,140366
36,101876,328207,7033281,101800,101800,90390,10322,11190,12705,2060,1417646,630121,143521
37,104624,336941,7300041,104546,104546,92961,10492,11348,13048,2114,1454357,648903,145059
38,107351,345600,7555463,107271,107271,95483,10652,11535,13388,2166,1490556,666603,146913
39,110078,354300,7814373,109996,109996,97969,10837,11774,13728,2217,1526630,683935,150639
40,112825,363040,8076835,112741,112741,100497,11014,11976,14071,2269,1563303,701012,152719
41,115552,371719,8339947,115466,115466,103002,11178,12196,14411,2320,1599540,717920,156142
42,118278,380412,8607688,118190,118190,105550,11359,12372,14751,2372,1636083,735998,159128
43,121006,389068,8875765,120916,120916,108071,11512,12562,15091,2424,1672003,754006,160990
44,123721,397695,9135513,123629,123629,110611,11677,12719,15430,2476,1707769,772138,162600
45,126451,406397,9386219,126357,126357,113109,11856,12948,15770,2526,1743669,789122,166188
46,129197,415131,9634991,129101,129101,115659,12016,13142,16112,2577,1779705,806028,169458
47,131944,423864,9891167,131846,131846,118163,12187,13367,16455,2628,1815574,822832,171681
48,134697,432618,10157832,134597,134597,120720,12360,13546,16798,2680,1852044,840553,173557
49,137429,441324,10428077,137327,137327,123276,12536,13719,17139,2731,1888171,858238,176478
50,140181,450083,10705327,140077,140077,125800,12717,13930,17482,2783,1924706,875070,178591
51,142883,458720,10962814,142777,142777,128259,12917,14171,17819,2833,1960390,891165,182162
52,145587,467340,11207350,145479,145479,130722,13094,14410,18156,2882,1995999,907504,185769
53,148308,476084,11442799,148198,148198,133145,13342,14706,18495,2930,2031233,923207,189948
54,151038,484770,11677786,150926,150926,135625,13520,14938,18835,2981,2067233,939525,192362
55,153765,493478,11926897,153651,153651,138043,13713,15245,19175,3031,2103451,955239,196710
56,156504,502202,12176738,156388,156388,140505,13900,15504,19517,3083,2140372,971530,199281
57,159230,510948,12410789,159112,159112,142875,14134,15858,19857,3132,2176255,987061,204230
58,161958,519644,12660086,161838,161838,145379,14312,16080,20197,3183,2212853,1003703,207694
59,164688,528402,12900553,164566,164566,147831,14562,16340,20537,3233,2248215,1020615,210211
60,167419,537085,13146334,167295,167295,150367,14733,16517,20878,3284,2284042,1037595,211988
61,170150,545790,13388392,170024,170024,152892,14910,16721,21219,3335,2320130,1054796,215264
62,172897,554572,13652286,172769,172769,155379,15114,16979,21562,3386,2356548,1071332,218988
63,175619,563262,13900436,175489,175489,157818,15321,17244,21901,3437,2392928,1087566,221688
64,178350,571981,14151075,178218,178218,160290,15512,17501,22242,3487,2429183,1104296,225481
65,181053,580633,14388844,180919,180919,162740,15724,17752,22579,3537,2465139,1120608,229244
66,183775,589362,14614797,183639,183639,165157,15955,18054,22918,3585,2500946,1136197,233563
67,186500,598074,14854002,186362,186362,167597,16175,18320,23258,3635,2536755,1152269,236237
68,189219,606740,15106608,189079,189079,170085,16351,18549,23597,3685,2572803,1168387,239825
69,191951,615451,15349037,191809,191809,172614,16532,18749,23938,3736,2609119,1185234,243163
70,194696,624215,15598702,194552,194552,175061,16741,19029,24280,3786,2645499,1201582,246054
71,197460,633027,15853087,197314,197314,177570,16922,19282,24625,3836,2682104,1218148,249889
72,200207,641779,16096417,200059,200059,180033,17112,19548,24968,3887,2718502,1234293,252652
73,202945,650536,16337868,202795,202795,182502,17320,19815,25309,3936,2754318,1250771,256514
74,205712,659370,16589890,205560,205560,184928,17530,20138,25654,3985,2790290,1266194,259790
75,208489,668216,16860349,208335,208335,187527,17705,20314,26000,4037,2826455,1284546,262645
76,211264,677017,17103501,211108,211108,190091,17857,20507,26346,4089,2862975,1302142,264506
77,214048,685917,17339897,213890,213890,192615,18064,20765,26693,4139,2899881,1318756,268422
78,216821,694779,17587711,216661,216661,195117,18267,21034,27039,4189,2936653,1335019,272515
79,219606,703681,17848007,219444,219444,197559,18488,21360,27386,4239,2973184,1351095,275814
80,222360,712460,18090970,222196,222196,200131,18668,21540,27729,4290,3009314,1368398,278843
81,225121,721290,18333978,224955,224955,202615,18877,21815,28073,4339,3045449,1384843,282807
82,227896,730112,18615300,227728,227728,205253,19034,21950,28419,4392,3082052,1403684,285212
83,230677,738948,18860465,230507,230507,207850,19202,22116,28766,4444,3118518,1422609,286795
84,233458,747831,19112949,233286,233286,210381,19401,22364,29113,4494,3155131,1439717,290550
