Backup ID,Backup Online Processtime(s),Online Load Times,Online Delta num,Online Size,Offline Size,Offline Delta times,Offline Decompress times,Offline Delete times,Logic chunk num,Unique chunk num,FpIndex size,SfIndex size,Localmap size,Coldmap size,Deltamap size,total logical size
0,1.62671,9,32,100594084,100594084,0,0,0,24641,24495,1959600,4684416,0,0,1632,208250880
1,1.44622,33,8452,130320561,130320561,0,0,0,49838,39626,3170080,5971264,0,0,538720,420976640
2,1.51034,69,17234,158117594,156362668,714,309,21,75769,54678,4374240,7095872,25920,5817,952896,640409600
3,1.49417,110,24255,190904277,181496661,5497,2934,69,102154,69374,5549920,8147264,164160,44321,1341216,864501760
4,1.37239,152,25717,245355767,210865947,25360,14924,128,128934,85204,6816320,9374080,668288,203520,1733408,1092659200
5,1.48622,208,27749,276261482,242639871,47208,29042,205,156457,101934,8154720,10693952,1163712,378681,2149600,1326612480
6,1.52883,272,30230,306748692,273142414,70162,44283,304,184290,118788,9503040,11958720,1657472,562808,2584000,1563217920
7,1.51044,328,31867,344293323,306777135,98853,64284,422,212510,136407,10912560,13339840,2213824,792926,3017472,1803356160
8,1.65883,387,33802,381992438,341107850,129174,85260,562,241451,155151,12412080,14754240,2812224,1036194,3504320,2049822720
9,1.6442,462,36642,405120831,367041086,159544,107019,724,270745,172102,13768160,15794304,3363520,1279964,3985216,2300139520
10,1.76406,523,39112,434078489,395331367,195454,133877,908,300593,189672,15173760,16930752,3943488,1568164,4449248,2554542080
11,1.69059,577,40598,471113697,427288901,236047,164569,1110,331389,208165,16653200,18272064,4577600,1893910,4909760,2817464320
12,1.8119,639,42683,501186198,461267080,276414,195522,1330,362473,226816,18145280,19621568,5180672,2217930,5384352,3082168320
13,1.91844,682,43793,551142848,504979916,324016,232231,1577,394467,248136,19850880,21385344,5878080,2599981,5884064,3355002880
14,2.0159,750,45131,594826541,551411161,367923,266051,1853,427730,269719,21577520,23310272,6524096,2952617,6366272,3639654400
15,2.14804,835,47654,635967191,593401145,411531,299701,2146,461573,291289,23303120,25030144,7161536,3302922,6905696,3929231360
16,2.1049,909,49479,684010581,644108452,451888,330813,2455,495907,313484,25078720,27129920,7753536,3627315,7373984,4223057920
17,2.23806,991,51234,738254130,708180820,494570,363658,2780,533891,338250,27060000,29621824,8384384,3970388,7870624,4533319680
18,2.42545,1059,52705,814887484,756810078,545275,402344,3125,573226,363914,29113120,31922752,9153792,4377737,8453024,4869498880
19,2.54648,1141,55466,860269272,808595047,597469,442758,3470,614460,390057,31204560,34117376,9908032,4797014,9080608,5222645760
20,2.52433,1227,58455,910967150,856667296,653083,485956,3851,657190,416136,33290880,36139584,10703104,5243823,9726112,5588357120
21,2.62226,1314,61324,966987630,909955317,714986,534655,4238,701984,444128,35530240,38392960,11548416,5740974,10388000,5970749440
22,2.67322,1395,64263,1021767149,960983678,783253,588744,4653,748244,472329,37786320,40485376,12456192,6289169,11101440,6365849600
23,2.71316,1482,66784,1073724343,1006132778,859218,649187,5085,795533,500237,40018960,42331968,13450176,6899041,11844384,6770524160
24,2.71744,1567,69839,1119233711,1052270714,935832,710380,5526,843831,528928,42314240,44259904,14437888,7514126,12594880,7183421440
25,2.75651,1662,72743,1164395373,1097534152,1019760,778744,6009,892453,557325,44586000,46134208,15434432,8187957,13333696,7597076480
26,2.86992,1748,75298,1221814701,1152019936,1106356,849220,6540,943081,588339,47067120,48474752,16466560,8883364,14080320,8028426240
27,2.92673,1857,78968,1265166108,1196229700,1195733,922628,7058,994732,617593,49407440,50290240,17489216,9600946,14877472,8468920320
28,2.86246,1935,81079,1324836653,1245026524,1304321,1012456,7684,1047519,648825,51906000,52246592,18690624,10472756,15707264,8918517760
29,3.01248,2053,85619,1355686767,1287306149,1400163,1092397,8258,1100481,678191,54255280,53934528,19708992,11242338,16518144,9369497600
30,3.98202,2143,86091,1500599066,1460582411,1475357,1155928,9026,1161683,730293,58423440,61579584,20455808,11847722,16999584,9891061760
31,3.96981,2366,101863,1541291283,1511626317,1506157,1179654,9431,1224165,764459,61156720,63737408,20909056,12096139,18236000,10425190400
32,3.8621,2552,115678,1602759805,1560880134,1553725,1217383,9880,1287906,799067,63925360,65820352,21538880,12478912,19196256,10969159680
33,3.64005,2675,123807,1678639251,1607046531,1635924,1282842,10392,1352398,833924,66713920,67708928,22610944,13139048,20178304,11518976000
34,3.64377,2810,129275,1740627497,1655750517,1734803,1362062,10901,1418053,869731,69578480,69726400,23869376,13932617,21162272,12079032320
35,3.68611,2942,134168,1797295370,1707175245,1848580,1454988,11465,1485051,906885,72550800,71883840,25204416,14845637,22170144,12650547200
36,3.64851,3075,138458,1850104210,1755670661,1972951,1557604,12031,1552883,943650,75492000,73902336,26597248,15843411,23181728,13229209600
37,3.57436,3207,142436,1899705734,1804429635,2103731,1666100,12625,1620506,980487,78438960,75889728,28024704,16892589,24195840,13805813760
38,3.67379,3370,148186,1941197938,1848300075,2234103,1774981,13215,1688546,1017268,81381440,77686976,29400896,17938491,25249472,14386237440
39,3.64795,3502,151816,1996092078,1897595058,2389917,1907805,13915,1757006,1054333,84346640,79655488,30872960,19188487,26261248,14970695680
40,2.63748,3532,152167,2025691782,1934201796,2563197,2060465,14888,1810412,1083547,86683760,81190976,32193984,20579584,27054976,15425167360
41,2.82427,3588,153197,2062357838,1975685563,2736374,2213226,15866,1864540,1113534,89082720,82780544,33501312,21969874,27872480,15886080000
42,2.8561,3658,154599,2101739939,2012356499,2912340,2368564,16855,1919273,1143338,91467040,84230400,34821824,23382531,28714848,16352163840
43,2.88897,3735,155896,2141573441,2052507191,3097624,2532752,17874,1974837,1173737,93898960,85715840,36173312,24869882,29559776,16824729600
44,2.91154,3812,157363,2180063147,2090111535,3287546,2701501,18893,2031182,1204027,96322160,87136000,37529088,26394313,30412544,17304453120
45,2.91691,3893,159189,2213923234,2122912798,3484828,2877445,19922,2088613,1233728,98698240,88342272,38895744,27977690,31280896,17793658880
46,2.84148,3947,160046,2255111407,2156562534,3708869,3078586,20982,2147190,1264387,101150960,89609472,40362368,29775286,32159264,18292684800
47,2.96283,4004,160935,2286898104,2185969860,3944212,3290468,22031,2206496,1294554,103564320,90665280,41864448,31663251,33055872,18798346240
48,2.95962,4076,162210,2309845774,2206907711,4181946,3504861,23050,2266715,1323504,105880320,91433280,43359040,33570218,33940896,19312179200
49,3.39161,4124,162724,2364770257,2257904753,4413795,3710554,24184,2335940,1359838,108787040,93238400,45034112,35430648,34953984,19902177280
50,5.01014,4204,163174,2527350534,2461592828,4589088,3866257,25713,2419066,1426420,114113600,102098240,46288960,36840621,35732800,20615280640
51,5.3328,4536,179474,2585535712,2522930215,4697979,3960284,26687,2503193,1471068,117685440,104654528,47240960,37716611,37317472,21337559040
52,5.12492,4756,192136,2674055135,2596255467,4828682,4071900,27657,2593570,1520912,121672960,108055552,48463680,38767053,38584000,22117294080
53,4.9336,4934,202048,2758464011,2655563525,4996836,4216353,28629,2687808,1568890,125511200,110764352,49981376,40117129,39910112,22935326720
54,4.79551,5090,208015,2831106015,2719406174,5185378,4378284,29688,2782874,1615142,129211360,113331648,51685312,41630728,41161952,23760384000
55,4.74127,5242,212757,2907206555,2779538747,5391647,4554579,30776,2878878,1662942,133035360,115783936,53604992,43286304,42520096,24594739200
56,4.79796,5419,218389,2960387229,2837936493,5596732,4730865,31782,2975128,1710128,136810240,118172096,55449664,44931990,43842528,25430681600
57,4.76595,5587,223472,3019509755,2899718716,5800644,4906233,32773,3070965,1757037,140562960,120669440,57277760,46568193,45133440,26264494080
58,4.65036,5738,227223,3085199901,2958054566,6029172,5104669,33868,3166442,1803100,144248000,122955456,59205504,48401860,46435136,27094425600
59,4.70817,5893,231698,3143343724,3019159230,6258081,5303913,35030,3262959,1849992,147999360,125340672,61105088,50238910,47735872,27933890560
60,3.30355,5920,231916,3181325381,3050824486,6570548,5588685,36622,3332759,1886832,150946560,126990528,62879040,52746590,48767360,28529817600
61,4.60727,6017,233824,3248512924,3117662003,6836053,5821785,37818,3430872,1934164,154733120,129427072,64954176,54876602,50073600,29384591360
62,3.65224,6090,235234,3280068111,3161431949,7143742,6101975,39511,3504712,1972423,157793840,131153856,66715584,57346523,51154656,30015549440
63,3.61601,6191,237238,3317845718,3198477370,7457322,6388301,41105,3579605,2009807,160784560,132650112,68461120,59863101,52237216,30656389120
64,3.69919,6288,239067,3358908698,3239025033,7784142,6686791,42742,3655420,2047926,163834080,134116992,70275776,62485798,53340640,31304744960
65,3.82322,6396,241016,3398224342,3272981945,8127062,7001082,44336,3732183,2085663,166853040,135416000,72109824,65237080,54448288,31962798080
66,3.8808,6501,242964,3435920091,3314110916,8479754,7324873,46005,3809922,2124329,169946320,136840832,73960640,68066929,55559392,32629002240
67,3.79903,6616,245300,3473440650,3348185092,8842592,7658462,47611,3888789,2162403,172992240,138014144,75833664,70977623,56695072,33305978880
68,3.86384,6721,247592,3507432185,3380835087,9221511,8007995,49203,3968924,2200450,176036000,139159808,77716288,74016863,57816672,33992949760
69,3.73133,6825,249417,3537446809,3404798819,9623678,8379853,50762,4050053,2237353,178988240,139997440,79657152,77241946,58949472,34688532480
70,4.52113,6907,250351,3605731063,3480403935,9948014,8671392,52520,4149217,2284535,182762800,142504320,81757696,79845368,60233856,35551836160
71,6.40269,7004,251188,3816473255,3754805660,10141272,8841448,55099,4265450,2371143,189691440,154381248,83244864,81404287,61201184,36571084800
72,6.74715,7459,275755,3878183990,3822586656,10225597,8912199,56171,4386386,2425654,194052320,157464960,84114944,82084239,63224288,37635307520
73,6.20838,7753,293742,3967602401,3883117909,10361790,9027732,57403,4508081,2477154,198172320,159880960,85438464,83179903,64743968,38705633280
74,5.93048,7962,305234,4066770424,3948831988,10534071,9171468,58578,4632072,2531806,202544480,162620736,87267712,84563954,66273792,39797422080
75,4.51476,8038,305818,4150395102,3979623652,10904437,9506384,60314,4732223,2578458,206276640,164552576,89538112,87535450,67616192,40669081600
76,4.61369,8149,307504,4176498786,4060670026,11202357,9772490,62091,4832181,2625447,210035760,167041216,91575872,89927671,68862432,41540311040
77,4.90894,8323,311356,4246086275,4114106262,11482977,10020703,63582,4936619,2671964,213757120,168919552,93651584,92180078,70263712,42453647360
78,4.93392,8483,314199,4304570979,4159252430,11786856,10290413,65023,5043629,2718584,217486720,170674944,95840256,94618259,71619936,43391784960
79,4.98699,8631,317065,4350735703,4206883060,12108802,10577506,66512,5152164,2765822,221265760,172407168,98073344,97201256,72992288,44339476480
80,4.95764,8789,320406,4393516265,4244792145,12441409,10875146,67843,5261707,2811976,224958080,173829184,100313024,99868719,74375264,45297090560
81,5.09132,8959,324365,4430149974,4283641323,12783035,11181940,69244,5372102,2858319,228665520,175189824,102544128,102608692,75761728,46262865920
82,5.98948,9118,326989,4478580577,4324070361,13158222,11520047,70670,5484739,2905801,232464080,176583680,104919360,105617270,77172096,47246745600
83,5.4328,9299,330308,4507648239,4352758203,13539207,11864590,72032,5600065,2950934,236074720,177525632,107253248,108671936,78570464,48257771520
84,5.89469,9587,331220,4568135805,4623103415,13627656,11945134,74378,5731739,3017224,241377920,188509952,107760640,109391218,78915872,49277399040
85,6.17048,9942,371578,4652237961,4649961165,13632213,11948196,74587,5863315,3067312,245384960,190089536,107856384,109428719,81402336,50296299520
86,5.79728,10205,408713,4689936306,4673387018,13658498,11967335,75012,5994894,3117225,249378000,191154944,108313792,109641116,83017920,51315251200
87,7.39933,10377,440182,4731446090,4693378458,13719799,12014841,75378,6126492,3167083,253366640,192003200,109196736,110133338,84576416,52334315520
88,5.30711,10536,460925,4783979400,4708065599,13846494,12116616,75757,6258093,3216960,257356800,192748288,110791616,111148785,86129824,53353451520
89,5.17061,10702,475612,4817581207,4723875034,14026652,12266233,76176,6389710,3266777,261342160,193544768,112746304,112592136,87650624,54372659200
90,5.20783,10882,488072,4841319131,4738008588,14250821,12457113,76605,6521331,3316599,265327920,194234240,114876864,114387625,89186144,55391877120
91,5.25257,11089,500075,4856246966,4752408139,14509029,12681111,77060,6652951,3366420,269313600,194834624,117066304,116455564,90724096,56411115520
92,5.19753,11251,503578,4915627456,4791701115,14837964,12970362,78097,6789356,3420253,273620240,196781120,119606144,119092229,92209824,57475020800
93,5.45183,11491,514631,4914995086,4806041270,15136233,13233411,78721,6925770,3470576,277646080,197475328,121860224,121481501,93893760,58538926080
94,5.39642,11732,524874,4932554746,4818552344,15468878,13529546,79389,7062177,3520920,281673600,198074304,124196928,124145993,95472288,59602882560
95,5.3305,11969,533361,4950582827,4832084112,15847248,13869690,80124,7198603,3571264,285701120,198678016,126643456,127176628,97032672,60666931200
96,5.31713,12193,540647,4968257319,4846940696,16259960,14243988,80943,7335032,3621567,289725360,199472896,129102016,130482411,98560000,61731010560
97,5.33117,12443,549098,4978866937,4858097282,16694323,14639695,81785,7471465,3671829,293746320,199994944,131576000,133961517,100126272,62795141120
98,5.31321,12674,557054,4990994106,4868691443,17167750,15073805,82670,7607907,3722086,297766880,200471936,134092288,137753358,101695200,63859333120
99,5.25516,12879,562450,5010813268,4882788009,17699743,15564386,83704,7744382,3772484,301798720,201068416,136742784,142014472,103251392,64923545600
100,5.19625,13032,564476,5051282252,4922274773,18258756,16081445,85272,7881525,3826224,306097920,202852800,139427968,146494408,104741024,65993615360
101,5.35665,13278,573530,5053064022,4935398914,18747690,16533447,86387,8018709,3876836,310146880,203657088,141791616,150411455,106394528,67063726080
102,5.25494,13499,579667,5076233163,4947631907,19312372,17057291,87612,8155889,3927427,314194160,204257088,144405248,154935036,107971808,68133898240
103,5.39452,13748,586379,5086294532,4959268615,19901382,17605572,88873,8293084,3977998,318239840,204758976,147012032,159653421,109554464,69204080640
104,5.29788,13966,593160,5097467507,4970636319,20506273,18170158,90227,8430283,4028520,322281600,205318976,149591552,164499311,111120032,70274334720
105,5.23043,14175,598889,5112351960,4980580517,21169984,18792052,91599,8567471,4078922,326313760,205766720,152267840,169815859,112694848,71344599040
106,5.35933,14414,605801,5118019717,4991554551,21833971,19415803,92997,8704660,4129407,330352560,206327552,154843072,175134737,114250624,72414904320
107,5.27142,14649,612328,5130529267,5000842799,22541386,20081906,94369,8841866,4179847,334387760,206732416,157487104,180800917,115831360,73485219840
108,5.40615,14909,618901,5139243020,5012314988,23282307,20781347,95846,8979067,4230278,338422240,207097792,160141824,186735662,117415488,74555535360
109,5.31004,15041,620509,5185586232,5050502122,24071241,21526842,98118,9118659,4285082,342806560,208878144,162922176,193058486,118946592,75647006720
110,5.51725,15282,627126,5191160348,5062891291,24799914,22214462,99753,9258267,4336213,346897040,209448384,165549696,198896037,120657376,76738508800
111,5.4957,15538,634728,5199648945,5073850644,25538632,22912739,101497,9397878,4387209,350976720,209927744,168137920,204814501,122261536,77830041600
112,5.55437,15797,644183,5205140211,5083522551,26264158,23599310,103098,9537501,4438231,355058480,210344192,170631040,210626706,123867776,78921697280
113,9.50026,16041,650559,5224565028,5093616674,27088590,24381862,104816,9677136,4489194,359135520,210770304,173311552,217230752,125461152,80013383680
114,5.53516,16323,658508,5229421584,5104318177,27895091,25148340,106559,9816774,4540152,363212160,211252352,175873024,223691467,127044960,81105100800
115,5.30181,16531,661157,5258140559,5124328013,28735374,25946420,108770,9956428,4591239,367299120,212324608,178574080,230424778,128565152,82196869120
116,5.40224,16782,666771,5267453658,5137404887,29649606,26818244,110490,10096075,4642169,371373520,212846656,181288384,237747234,130148672,83288647680
117,5.72124,16890,667503,5351339046,5199703631,30627830,27748093,114276,10239271,4707398,376591840,215807552,184384640,245591956,131854976,84415201280
118,5.55742,17136,674512,5341683846,5213176479,31487868,28567040,116431,10382472,4759302,380744160,216427200,187014528,252483035,133595776,85541754880
119,5.56609,17361,680424,5358555525,5224293930,32401231,29437667,118499,10525662,4811009,384880720,216906048,189749760,259800279,135227584,86668349440
120,5.58482,17596,687046,5366610977,5234515690,33328519,30322627,120426,10668864,4862690,389015200,217332864,192458816,267228218,136849184,87795005440
121,5.5512,17802,692417,5381223440,5246198357,34305853,31256724,122383,10812072,4914367,393149360,217828928,195225984,275056675,138457696,88921702400
122,5.71287,18050,700199,5384535135,5256013465,35240791,32150747,124432,10955274,4965966,397277280,218291776,197844608,282546424,140067808,90048419840
123,5.44116,18254,704261,5406657192,5265950534,36324064,33189149,126568,11098477,5017529,401402320,218706944,200716416,291223288,141679232,91175147520
124,5.5701,18492,710221,5410896275,5280483720,37375859,34197790,128674,11241713,5069377,405550160,219136832,203478528,299648162,143302720,92301885440
125,5.78223,18613,711271,5485405627,5332238688,38512237,35286130,132570,11386306,5131998,410559840,221601024,206553600,308758650,144984992,93438648320
126,5.94938,18867,717413,5477597724,5345254678,39550286,36281781,134742,11530889,5184203,414736240,222211392,209267072,317073902,146705280,94575452160
127,5.63839,19102,722795,5494160230,5355059571,40647246,37334422,136877,11675476,5236514,418921120,222617664,212103488,325860257,148364320,95712307200
128,5.54557,19339,728149,5504149774,5367495225,41737062,38380695,139179,11820075,5288837,423106960,223170752,214890368,334590295,149991840,96849213440
129,5.59806,19593,732987,5517414843,5379472034,42893586,39493063,141610,11964694,5341013,427281040,223695936,217716416,343854634,151611104,97986150400
130,5.58465,19837,738255,5528196993,5388611902,44074887,40630029,143830,12109300,5393176,431454080,224096256,220553856,353316142,153248128,99123128320
131,5.5764,20079,745029,5532415815,5397469096,45234354,41746312,146171,12253926,5445320,435625600,224422528,223317696,362603583,154895392,100260136960
132,5.63617,20347,750871,5543839146,5411848455,46436767,42905311,148647,12398548,5497542,439803360,224902144,226096192,372235267,156516256,101397155840
133,5.88098,20455,751520,5624886218,5466963007,47763718,44182210,152978,12545097,5562081,444966480,227447808,229299840,382872522,158252800,102548981760
134,5.69606,20692,757062,5616927069,5478976082,48964218,45338778,155545,12691644,5614873,449189840,227983488,232111488,392489349,160021280,103700858880
135,5.69145,20925,761921,5630873316,5491050267,50208498,46538198,158120,12838179,5667656,453412480,228477376,234982656,402456456,161680448,104852695040
136,5.72747,21183,769396,5634298170,5500572940,51407064,47694065,160573,12984719,5720356,457628480,228876352,237715392,412057241,163340064,106004582400
137,5.61916,21418,774078,5653650025,5509753700,52721810,48963093,162989,13131282,5773211,461856880,229256384,240641472,422587289,165002368,107156531200
138,5.54848,21642,779503,5659204749,5518964579,54054405,50250913,165471,13277837,5825817,466065360,229623232,243507072,433260459,166653888,108308510720
139,5.52829,21875,784041,5671498111,5529040786,55436709,51587834,168185,13424392,5878396,470271680,230040512,246411584,444332461,168293216,109460510720
140,5.81771,22167,793048,5665861013,5537897961,56688490,52798515,170578,13570948,5930869,474469520,230389120,249041984,454358674,169943072,110612531200
141,6.2855,22404,797181,5690910227,5551971214,58139945,54204164,173204,13717508,5983398,478671840,230796224,251973632,465983444,171579744,111764561920
142,5.86264,22541,798290,5759852319,5604939089,59637700,55652480,177824,13865135,6046844,483747520,233171840,255137920,477988568,173302848,112924160000
143,5.75339,22795,803481,5758049059,5618183223,61019899,56990025,180910,14012779,6100271,488021680,233765056,257995840,489061590,175077856,114083840000
144,5.60842,23021,808170,5772159680,5629909515,62460078,58384688,183725,14160436,6153532,492282560,234263040,260908864,500597097,176746752,115243591680
145,5.62999,23245,813783,5780362834,5640574565,63886098,59765908,186531,14308094,6206651,496532080,234684352,263776256,512019287,178414112,116403363840
146,5.72287,23502,819813,5789423137,5650433690,65334399,61169769,189258,14455751,6259771,500781680,235101824,266620416,523619330,180074624,117563156480
147,5.57889,23745,824844,5802903663,5660439125,66836929,62626877,191968,14603419,6312927,505034160,235531904,269527488,535653120,181733280,118722979840
148,5.58759,23980,829656,5813380575,5670837706,68356595,64101018,195047,14751091,6366022,509281760,235947712,272441216,547825835,183389536,119882833920
149,5.55283,24214,833525,5826988144,5681773552,69940946,65638992,197968,14898780,6419081,513526480,236393408,275409408,560515232,185041888,121042749440
150,5.55428,24418,836498,5839848507,5699924047,71546074,67198146,201082,15046488,6472071,517765680,237027456,278351808,573371826,186659872,122202664960
151,6.11693,24544,837658,5918267802,5764992391,73190116,68792103,206246,15199872,6539943,523195440,240066752,281557632,586549982,188425184,123417753600
152,5.80145,24778,842609,5922426370,5783037034,74709070,70265701,209487,15353317,6594470,527557600,240792256,284460480,598717819,190244512,124632872960
153,5.79449,25018,847429,5938188233,5793351714,76227801,71739195,212654,15506695,6648297,531863760,241411776,287355648,610883502,191922144,125848012800
154,5.91381,25270,853605,5943495776,5803650783,77767509,73234003,215270,15660073,6701986,536158880,241839168,290229376,623214246,193612576,127063173120
155,5.68129,25477,857709,5961409134,5815085333,79403217,74823026,218292,15813466,6755848,540467840,242332672,293217408,636315020,195292416,128278364160
156,5.84264,25728,862769,5968881977,5824120715,81039949,76413745,221210,15966845,6809497,544759760,242727360,296162240,649423466,196974304,129493585920
157,5.79467,25985,867863,5977340464,5833668725,82697623,78025513,224178,16120231,6863110,549048800,243125120,299100288,662699698,198653408,130708838400
158,5.79298,26226,872438,5988711110,5849739335,84373788,79655538,227179,16273635,6916796,553343680,243593280,302053312,676124023,200326912,131924121600
159,6.32562,26359,873307,6072460276,5917154532,86136905,81367724,232629,16432672,6986179,558894320,246829056,305313600,690256177,202108000,133193093120
160,6.10103,26645,879618,6069739285,5930443383,87720210,82906251,235672,16591717,7040759,563260720,247400192,308179456,702937832,203944736,134462115840
161,5.9577,26894,885541,6083622603,5940423166,89359024,84499419,238605,16750765,7095152,567612160,247847104,311100800,716063009,205662752,135731169280
162,6.04191,27117,890237,6098090883,5953244386,91032291,86126385,241736,16909823,7149735,571978800,248429504,314064128,729464800,207351488,137000284160
163,5.91881,27370,895726,6107599263,5964599462,92730443,87778673,244758,17068894,7204162,576332960,248928256,316999488,743065126,209045696,138269429760
164,5.91448,27606,900560,6121219323,5973754559,94495011,89496112,247589,17227987,7258637,580690960,249310272,320015744,757195825,210755488,139538616320
165,6.19528,27890,907840,6122935885,5982062337,96192008,91147950,250290,17387065,7313186,585054880,249621824,322905920,770785306,212477536,140807874560
166,5.97034,28147,912732,6138722185,5993264018,98011125,92920176,253293,17546148,7367606,589408480,250038528,325907008,785353257,214174336,142077173760
167,6.03962,28403,917210,6150579270,6008960966,99867886,94729954,256327,17705238,7421960,593756800,250494592,328914112,800222515,215861536,143346472960
168,6.48265,28564,918748,6234605140,6086312889,101761427,96572107,261916,17871608,7493103,599448240,253845952,332203328,815398764,217688096,144686622720
169,6.34986,28853,924125,6244452840,6101632443,103523315,98287782,265372,18038000,7548575,603886000,254495488,335160960,829511148,219547520,146026885120
170,6.30889,29146,930821,6255339997,6113438453,105250820,99969665,268482,18204393,7603892,608311360,254972864,338080768,843346738,221294048,147367188480
171,6.18865,29396,935879,6271601617,6124662558,107069394,101740988,271752,18370801,7659113,612729040,255434560,341104832,857911680,223022112,148707532800
172,6.34924,29662,943067,6275989573,6134504535,108814334,103440547,274745,18537208,7714323,617145840,255851904,344009216,871886165,224757088,150047907840
173,6.17162,29928,949199,6288375949,6143658706,110642153,105221828,277592,18703598,7769365,621549200,256215808,346987648,886522952,226489472,151388282880
174,6.26336,30196,953991,6303089990,6154665990,112561850,107093848,281020,18870016,7824654,625972320,256660480,350039168,901897668,228208416,152728678400
175,6.26682,30463,960035,6309429131,6168113974,114433513,108919593,284364,19036431,7879855,630388400,257183168,352977984,916887692,229916416,154069094400
176,6.48852,30622,961314,6386586628,6226442137,116462868,110896412,290167,19204970,7947283,635782640,259691008,356340672,933151547,231751904,155427072000
177,6.43006,30934,969917,6375666578,6239100123,118211533,112600975,293269,19373528,8003233,640258640,260232256,359163200,947156377,233620896,156785080320
178,6.22266,31195,974582,6400458171,6252123054,120145433,114486995,296831,19542094,8059071,644725680,260772736,362227648,962645387,235363904,158143160320
179,6.22903,31471,979647,6412344897,6263052765,122105786,116399471,300020,19710653,8114829,649186320,261213568,365291904,978344156,237110976,159501312000
180,6.26972,31721,984231,6424560214,6274726133,124096548,118342144,303456,19879237,8170643,653651440,261712896,368369728,994287432,238847232,160859514880
181,6.39079,32015,990415,6430537622,6284777509,126050132,120248763,306678,20047806,8226364,658109120,262121152,371375488,1009932214,240595744,162217758720
182,6.22992,32287,995429,6444828092,6293807664,128084775,122235071,309671,20216370,8282043,662563440,262477184,374468928,1026224323,242347872,163576033280
183,6.39726,32616,1003519,6442850575,6302685376,130014489,124119523,312681,20384950,8337612,667008960,262810560,377365696,1041677085,244096864,164934328320
184,6.17291,32857,1006684,6468785787,6319201069,132162323,126218092,316648,20553560,8393455,671476400,263372288,380518784,1058879592,245821440,166292654080
185,6.49164,32993,1007455,6543083230,6386532399,134317191,128321342,322777,20723675,8462678,677014240,266472128,383823104,1076149173,247615776,167663493120
186,6.59495,33316,1015652,6536967359,6400318195,136193326,130152942,326089,20893798,8519013,681521040,267067648,386673472,1091174813,249494368,169034352640
187,6.28443,33582,1020895,6560847974,6409451191,138248089,132159443,329215,21063940,8575207,686016560,267481088,389762368,1107628547,251276448,170405345280
188,6.35081,33846,1025939,6571328726,6422584093,140307709,134170927,333007,21234087,8631553,690524240,267976576,392843072,1124124467,253034272,171776358400
189,6.3781,34114,1031923,6581738241,6437667079,142363725,136179930,336476,21404307,8688071,695045680,268574848,395852032,1140589940,254782272,173147412480
190,6.51375,34354,1036440,6600580485,6445843494,144531108,138298242,339942,21574459,8744241,699539280,268963968,398992640,1157946334,256543584,174518497280
191,6.28767,34616,1041866,6606448865,6454585074,146686678,140405341,343215,21744621,8800529,704042320,269338368,402094784,1175207259,258310912,175889623040
192,6.2748,34887,1047807,6613105410,6466831557,148821454,142492484,346672,21914791,8856854,708548320,269773632,405143296,1192302752,260070080,177260779520
193,6.24407,35142,1051990,6630594724,6480668084,151073588,144695641,350417,22084968,8913055,713044400,270248960,408277888,1210338549,261823104,178631956480
194,6.39475,35286,1052758,6700939281,6545883682,153265267,146835624,357093,22255865,8980604,718448320,273010368,411586816,1227905353,263614912,180008785920
195,6.25386,35537,1057302,6708887854,6559199807,155395725,148917811,360641,22426581,9037002,722960160,273613824,414676288,1244966749,265499904,181384161280
196,6.43224,35828,1064036,6716265419,6571713913,157461251,150936623,364223,22597302,9093587,727486960,274118464,417666048,1261508867,267282080,182759557120
197,6.40659,36068,1067871,6741645983,6596629738,159656190,153082487,368285,22768161,9151442,732115360,274951744,420807424,1279088673,269034080,184135045120
198,6.35299,36356,1074988,6751211929,6601038195,161769259,155148797,371369,22938889,9207764,736621120,275328512,423800064,1296008645,270806048,185510553600
199,6.51156,36621,1079761,6763731579,6609792231,164029451,157360031,374748,23109615,9264109,741128720,275728192,426933504,1314107076,272566304,186886092800
200,6.4143,36898,1085750,6768090068,6620423229,166209598,159492446,378200,23280342,9320425,745634000,276128704,429988352,1331565512,274334048,188261672960
201,6.30147,37169,1090772,6781646043,6634175251,168508872,161743225,381885,23451071,9376713,750137040,276573696,433092032,1349978129,276092320,189637263360
202,6.48697,37302,1091769,6856920177,6697329888,170914274,164094912,388164,23624353,9445834,755666720,279214464,436530432,1369252740,277962912,191035095040
203,6.37221,37571,1097437,6858623655,6710670866,173108257,166241613,391655,23797633,9502769,760221520,279881280,439556480,1386822059,279842976,192432947200
204,6.40289,37832,1102317,6875330216,6721646871,175382151,168466362,395335,23970923,9559830,764786400,280371520,442701952,1405031603,281640960,193830860800
205,6.36615,38086,1107297,6884986727,6733643212,177668617,170703826,399054,24144207,9616711,769336880,280820608,445838144,1423341926,283422688,195228825600
206,6.43303,38340,1112684,6896052336,6744194356,179965249,172951523,402767,24317512,9673673,773893840,281222016,448970112,1441733547,285211712,196626841600
207,6.39234,38612,1118391,6905078287,6752905533,182284172,175221627,406106,24490811,9730548,778443840,281576640,452094656,1460301626,287003584,198024898560
208,6.49954,38913,1125068,6910335310,6766674485,184528073,177418839,409873,24664123,9787441,782995280,282114496,455082816,1478271669,288764448,199422996480
209,6.31996,39149,1128756,6933951549,6781775987,186997979,179838357,413513,24837474,9844409,787552720,282590336,458307648,1498049117,290539200,200821145600
210,6.63793,39311,1130268,7000403268,6838442875,189489816,182276492,419758,25012304,9912667,793013360,284974976,461745152,1518015038,292413824,202231920640
211,0.242377,39311,1130268,6872368772,6872368772,189489816,182276492,419758,25016537,9916900,793352000,285787712,461745152,1518015038,292413824,202265851904
212,1.36992,39311,1130268,7064713452,7064713452,189489816,182276492,419758,25045061,9941165,795293200,290441792,461745152,1518015038,292413824,202493715152
