Backup ID,Backup Online Processtime(s),Online Load Times,Online Delta num,Online Size,Offline Size,Offline Delta times,Offline Decompress times,Offline Delete times,Logic chunk num,Unique chunk num,FpIndex size,SfIndex size,Localmap size,Coldmap size,Deltamap size,total logical size
0,1.50764,0,0,100654960,100538495,37,0,13,24641,24495,1959600,4682368,2368,361,2368,208250880
1,1.13983,0,0,167740234,130329335,8435,18,43,49838,39626,3170080,5968192,538752,67695,538112,420976640
2,1.15138,0,0,197026851,155931061,23155,5510,89,75769,54678,4374240,7071680,1129728,185685,953312,640409600
3,1.18295,0,0,221616829,180877162,42864,16001,157,102154,69374,5549920,8106112,1719936,343697,1341472,864501760
4,1.20677,0,0,251570727,210210089,66794,30533,242,128934,85204,6816320,9323008,2321664,535562,1734176,1092659200
5,1.26181,0,0,284657407,241893325,94427,48376,348,156457,101934,8154720,10634944,2948992,757148,2149984,1326612480
6,1.27172,0,0,317194952,272520090,125852,69596,474,184290,118788,9503040,11893056,3602432,1009178,2583744,1563217920
7,1.33959,0,0,350996383,305943117,160121,93523,625,212510,136407,10912560,13268992,4264576,1284085,3016960,1803356160
8,1.37994,0,0,389540253,340362536,197719,119840,799,241451,155151,12412080,14678528,4987008,1585739,3503072,2049822720
9,1.31725,0,0,417041921,366267919,239011,149670,994,270745,172102,13768160,15712064,5720832,1917050,3983488,2300139520
10,1.39517,0,0,444625146,394510842,284556,183689,1211,300593,189672,15173760,16845824,6459200,2282495,4447360,2554542080
11,1.41224,0,0,477000601,426518856,332692,220435,1449,331389,208165,16653200,18184384,7188480,2668749,4906880,2817464320
12,1.42216,0,0,509908359,460857857,382178,258410,1699,362473,226816,18145280,19531200,7925760,3065863,5381856,3082168320
13,1.56448,0,0,554983392,504358465,433765,297993,1979,394467,248136,19850880,21293376,8694336,3479959,5881312,3355002880
14,1.59578,0,0,600235073,550703983,484226,337037,2288,427730,269719,21577520,23217728,9425472,3885192,6363232,3639654400
15,1.65824,0,0,646491596,592707199,537450,377782,2610,461573,291289,23303120,24931904,10224256,4312578,6902624,3929231360
16,1.65697,0,0,691619736,643618743,585282,414511,2936,495907,313484,25078720,27023872,10935232,4696864,7371232,4223057920
17,1.77497,0,0,745315689,708840825,634620,452255,3285,533891,338250,27060000,29511680,11678720,5093305,7867520,4533319680
18,1.99075,0,0,821645131,755464233,691480,495601,3654,573226,363914,29113120,31806656,12543808,5550014,8450944,4869498880
19,2.0164,0,0,870886599,808389071,752516,542159,4029,614460,390057,31204560,33998016,13470848,6040177,9076256,5222645760
20,1.98129,0,0,923726091,856505374,819716,593963,4426,657190,416136,33290880,36014912,14456768,6579754,9720960,5588357120
21,2.10137,0,0,979343865,910074330,893690,651884,4824,701984,444128,35530240,38264960,15484480,7173536,10381888,5970749440
22,2.12996,0,0,1034291827,961011905,974396,715487,5266,748244,472329,37786320,40351104,16579520,7821378,11094848,6365849600
23,2.17526,0,0,1084766600,1006148228,1061521,784555,5719,795533,500237,40018960,42194560,17735936,8520635,11838080,6770524160
24,2.30923,0,0,1132431643,1052263078,1154818,859385,6184,843831,528928,42314240,44114432,18918784,9269304,12587744,7183421440
25,2.22745,0,0,1177108741,1097444600,1253278,939370,6694,892453,557325,44586000,45984512,20101888,10059534,13325984,7597076480
26,2.3815,0,0,1232896559,1151973924,1356132,1023530,7244,943081,588339,47067120,48320960,21298752,10885100,14072736,8028426240
27,2.32672,0,0,1281071741,1196341175,1465580,1113345,7783,994732,617593,49407440,50133376,22555968,11763355,14869312,8468920320
28,2.43896,0,0,1333966852,1244965805,1583652,1210552,8454,1047519,648825,51906000,52089280,23892160,12711262,15698688,8918517760
29,2.34231,0,0,1375268119,1287477183,1707092,1313538,9050,1100481,678191,54255280,53768128,25202112,13701730,16509376,9369497600
30,3.47156,0,0,1502588360,1460734282,1784558,1378857,9873,1161683,730293,58423440,61408576,25980032,14325573,16991136,9891061760
31,2.75272,0,0,1611687872,1511866356,1870730,1442203,10363,1224165,764459,61156720,63557504,27441664,15017383,18226976,10425190400
32,2.80546,0,0,1664349864,1560893948,1970697,1518454,10859,1287906,799067,63925360,65618944,28960000,15819591,19188704,10969159680
33,2.90246,0,0,1714331879,1606895328,2088100,1610917,11402,1352398,833924,66713920,67490816,30556928,16761498,20170432,11518976000
34,2.92517,0,0,1764316498,1655522146,2217468,1715135,11964,1418053,869731,69578480,69500288,32167104,17799252,21153248,12079032320
35,2.97992,0,0,1818139243,1707152323,2358555,1830450,12574,1485051,906885,72550800,71649088,33817152,18930974,22160608,12650547200
36,2.94746,0,0,1868612599,1755260358,2510666,1956491,13204,1552883,943650,75492000,73658752,35486272,20150988,23172160,13229209600
37,2.989,0,0,1916919146,1804126787,2672526,2092056,13874,1620506,980487,78438960,75637696,37170688,21449186,24186208,13805813760
38,3.01153,0,0,1966070872,1848485743,2847703,2239998,14539,1688546,1017268,81381440,77430336,38914496,22853895,25238656,14386237440
39,3.03311,0,0,2012148006,1897877644,3030484,2396133,15331,1757006,1054333,84346640,79393472,40620544,24320087,26251424,14970695680
40,2.35712,0,0,2027379445,1934141991,3205212,2549930,16420,1810412,1083547,86683760,80939264,41961472,25723348,27043328,15425167360
41,2.40923,0,0,2066943887,1975392541,3389957,2713251,17501,1864540,1113534,89082720,82533440,43333248,27206697,27860832,15886080000
42,2.43198,0,0,2107364815,2012492932,3583989,2885257,18607,1919273,1143338,91467040,83982528,44743168,28764451,28703488,16352163840
43,2.46574,0,0,2147247590,2053060735,3785739,3064647,19728,1974837,1173737,93898960,85473984,46175552,30384048,29547296,16824729600
44,2.4874,0,0,2187334540,2090403667,3996961,3253253,20862,2031182,1204027,96322160,86897408,47623744,32079462,30399712,17304453120
45,2.47059,0,0,2222424764,2123139632,4219522,3452663,21984,2088613,1233728,98698240,88103744,49106496,33865536,31268064,17793658880
46,2.5727,0,0,2259025888,2156712611,4454467,3663887,23142,2147190,1264387,101150960,89376832,50625664,35750854,32145376,18292684800
47,2.53624,0,0,2291028634,2186347743,4701622,3886743,24285,2206496,1294554,103564320,90442880,52181376,37733785,33041408,18798346240
48,2.54057,0,0,2315973171,2207126272,4962173,4122752,25418,2266715,1323504,105880320,91223296,53752960,39823858,33925152,19312179200
49,3.00414,0,0,2367142245,2257778464,5199848,4333739,26640,2335940,1359838,108787040,93026432,55462080,41731336,34938336,19902177280
50,4.50853,0,0,2528821272,2461374789,5379905,4493627,28287,2419066,1426420,114113600,101872192,56754112,43180011,35724800,20615280640
51,3.84588,0,0,2656232810,2523144993,5565323,4647943,29406,2503193,1471068,117685440,104419072,58745920,44668942,37306368,21337559040
52,3.95753,0,0,2729242629,2595193991,5767431,4818189,30425,2593570,1520912,121672960,107771776,60786688,46290869,38579168,22117294080
53,4.04599,0,0,2799079638,2654347796,5988988,5006124,31460,2687808,1568890,125511200,110458624,62939776,48068468,39903424,22935326720
54,3.9795,0,0,2855162221,2718783815,6214819,5199349,32609,2782874,1615142,129211360,113011264,65027520,49880821,41154592,23760384000
55,4.09167,0,0,2926908595,2778885435,6457110,5406899,33793,2878878,1662942,133035360,115449600,67252480,51825029,42511136,24594739200
56,4.09307,0,0,2983559178,2836747313,6711050,5626454,34898,2975128,1710128,136810240,117831488,69454976,53862050,43830816,25430681600
57,4.02745,0,0,3040085343,2899389560,6958622,5840442,35987,3070965,1757037,140562960,120323648,71606080,55848031,45119072,26264494080
58,4.02747,0,0,3100522965,2957762910,7215478,6063445,37177,3166442,1803100,144248000,122601856,73774528,57908797,46420864,27094425600
59,4.02809,0,0,3162203480,3019068610,7483903,6297743,38447,3262959,1849992,147999360,124984512,75959808,60062523,47720224,27933890560
60,3.07784,0,0,3182134624,3051024897,7800934,6586916,40219,3332759,1886832,150946560,126645824,77744192,62607615,48749408,28529817600
61,4.10104,0,0,3256417255,3117829361,8082869,6834557,41520,3430872,1934164,154733120,129078592,79940480,64869600,50054176,29384591360
62,3.16117,0,0,3286157986,3161013713,8416796,7139633,43361,3504712,1972423,157793840,130812096,81788480,67550165,51134304,30015549440
63,3.17261,0,0,3326373117,3198302156,8764988,7458603,45069,3579605,2009807,160784560,132310848,83659968,70344217,52216672,30656389120
64,3.26897,0,0,3366782452,3239565013,9125592,7789094,46837,3655420,2047926,163834080,133781632,85588672,73237841,53319136,31304744960
65,3.22229,0,0,3407219687,3273393518,9503445,8136405,48554,3732183,2085663,166853040,135084864,87545216,76269210,54426560,31962798080
66,3.45028,0,0,3444863288,3314242335,9894609,8496769,50369,3809922,2124329,169946320,136516032,89517568,79407557,55536480,32629002240
67,3.30075,0,0,3483783256,3348128642,10306025,8876653,52088,3888789,2162403,172992240,137695872,91536704,82707440,56671232,33305978880
68,3.29724,0,0,3517260810,3382430145,10731214,9270232,53810,3968924,2200450,176036000,138849280,93561600,86117490,57792096,33992949760
69,3.36766,0,0,3547076290,3405386236,11175506,9682464,55495,4050053,2237353,178988240,139694784,95614464,89680211,58923744,34688532480
70,4.06589,0,0,3610052422,3482025258,11508415,9981670,57355,4149217,2284535,182762800,142201216,97773056,92352727,60206688,35551836160
71,5.86212,0,0,3820287886,3756382445,11706946,10156170,60106,4265450,2371143,189691440,154057920,99313984,93954690,61176096,36571084800
72,4.84932,0,0,3984446335,3826245622,11909655,10320882,61399,4386386,2425654,194052320,157126592,101748096,95582803,63193728,37635307520
73,4.79642,0,0,4048201248,3885987070,12133527,10506104,62691,4508081,2477154,198172320,159519488,104223296,97380191,64712288,38705633280
74,4.90733,0,0,4118408694,3950198778,12383313,10715818,63951,4632072,2531806,202544480,162237184,106790784,99384707,66242240,39797422080
75,4.08079,0,0,4153956039,3981633929,12763125,11059702,65844,4732223,2578458,206276640,164189376,109091840,102432564,67580896,40669081600
76,4.09858,0,0,4185530494,4062808483,13084874,11348014,67761,4832181,2625447,210035760,166683520,111233472,105016117,68826240,41540311040
77,4.23122,0,0,4264805639,4116286256,13414860,11641802,69401,4936619,2671964,213757120,168566336,113552000,107664197,70225856,42453647360
78,4.24858,0,0,4318666795,4161993229,13759080,11949082,70997,5043629,2718584,217486720,170329536,115918080,110425889,71580416,43391784960
79,4.32736,0,0,4365608764,4209502428,14122104,12274490,72583,5152164,2765822,221265760,172069056,118328000,113337995,72950880,44339476480
80,4.27035,0,0,4410154905,4247992353,14500870,12615027,74038,5261707,2811976,224958080,173494720,120776640,116375342,74331104,45297090560
81,4.29449,0,0,4450323212,4286217584,14899280,12974715,75555,5372102,2858319,228665520,174860928,123256640,119570167,75716512,46262865920
82,4.36354,0,0,4492130196,4327527769,15312590,13348406,77105,5484739,2905801,232464080,176263296,125794496,122884349,77125120,47246745600
83,4.65333,0,0,4525012543,4357572183,15741756,13737904,78581,5600065,2950934,236074720,177213120,128334976,126325025,78521120,48257771520
84,4.89578,0,0,4576312453,4638520830,15840996,13828383,81103,5731739,3017224,241377920,188198848,128897152,127131507,78864576,49277399040
85,4.34334,0,0,4798559729,4666783878,15975722,13921424,81493,5863315,3067312,245384960,189769472,131565120,128211249,81345216,50296299520
86,4.34586,0,0,4826160246,4686642988,16150080,14051702,81883,5994894,3117225,249378000,190815424,134386304,129608055,82954016,51315251200
87,4.37136,0,0,4845835121,4702996133,16363841,14220430,82301,6126492,3167083,253366640,191658304,137268416,131320233,84504992,52334315520
88,4.35563,0,0,4862269438,4717426713,16616202,14427198,82782,6258093,3216960,257356800,192395072,140186432,133341526,86057472,53353451520
89,4.38273,0,0,4876505768,4733793985,16903047,14669002,83353,6389710,3266777,261342160,193214592,143069184,135639133,87573632,54372659200
90,4.37844,0,0,4892804860,4747507290,17228941,14949250,83979,6521331,3316599,265327920,193913472,145990592,138249407,89108384,55391877120
91,4.4168,0,0,4906308899,4761546738,17594805,15268987,84659,6652951,3366420,269313600,194523456,148942720,141179719,90644384,56411115520
92,4.62137,0,0,4936338620,4800650537,17960700,15591802,86065,6789356,3420253,273620240,196489344,151699968,144113909,92128928,57475020800
93,4.46078,0,0,4961163068,4815097338,18363002,15947909,86940,6925770,3470576,277646080,197178944,154656448,147336700,93812480,58538926080
94,4.58722,0,0,4975849904,4827463688,18802006,16340205,87899,7062177,3520920,281673600,197774464,157645824,150853519,95389536,59602882560
95,4.50227,0,0,4988104930,4841137335,19275965,16767470,88909,7198603,3571264,285701120,198374208,160634304,154650241,96948896,60666931200
96,4.48384,0,0,5001682005,4855875792,19775721,17221603,89962,7335032,3621567,289725360,199173568,163554240,158653546,98473920,61731010560
97,4.52437,0,0,5016189554,4867082520,20321424,17720269,91071,7471465,3671829,293746320,199700544,166564608,163024707,100038304,62795141120
98,4.45297,0,0,5027405947,4877680681,20904497,18256117,92212,7607907,3722086,297766880,200176896,169587008,167694996,101605280,63859333120
99,4.50116,0,0,5038135616,4892007826,21514721,18819581,93437,7744382,3772484,301798720,200776704,172579712,172582913,103160768,64923545600
100,4.71424,0,0,5066934183,4931547073,22106426,19367398,95334,7881525,3826224,306097920,202572736,175388672,177326030,104648032,65993615360
101,4.53389,0,0,5093021725,4944282910,22723471,19938486,96655,8018709,3876836,310146880,203372160,178329920,182268995,106300352,67063726080
102,4.55965,0,0,5105813639,4956753903,23382539,20550642,98089,8155889,3927427,314194160,203977024,181332288,187548709,107875936,68133898240
103,4.48946,0,0,5118077470,4968465222,24079853,21200562,99536,8293084,3977998,318239840,204479232,184365696,193134456,109457568,69204080640
104,4.56079,0,0,5129629713,4979940753,24803843,21877515,101063,8430283,4028520,322281600,205037184,187376064,198934003,111022432,70274334720
105,4.52365,0,0,5140661338,4990037877,25567774,22593955,102619,8567471,4078922,326313760,205483840,190415488,205053231,112595200,71344599040
106,4.51233,0,0,5151089919,5001202787,26363939,23343036,104182,8704660,4129407,330352560,206050688,193428992,211430350,114149184,72414904320
107,4.48279,0,0,5162023902,5010419003,27200027,24131339,105705,8841866,4179847,334387760,206457344,196487296,218126669,115728960,73485219840
108,4.55417,0,0,5170993800,5022371157,28075532,24958824,107352,8979067,4230278,338422240,206822400,199560576,225138936,117311264,74555535360
109,4.77251,0,0,5200565463,5060432821,28901223,25739541,109904,9118659,4285082,342806560,208611072,202439168,231757216,118839936,75647006720
110,4.58767,0,0,5223355885,5072933634,29756895,26547595,111699,9258267,4336213,346897040,209178816,205486848,238611559,120550304,76738508800
111,4.62042,0,0,5235326115,5083763015,30649883,27392600,113617,9397878,4387209,350976720,209655104,208557824,245765053,122152224,77830041600
112,4.63898,0,0,5246380744,5093625564,31576299,28270666,115358,9537501,4438231,355058480,210071616,211652224,253185078,123756288,78921697280
113,4.65641,0,0,5255931213,5103860957,32538353,29184505,117251,9677136,4489194,359135520,210495104,214738176,260890975,125348736,80013383680
114,4.63179,0,0,5266156795,5114580622,33523824,30122072,119207,9816774,4540152,363212160,210976512,217804032,268784507,126930560,81105100800
115,4.62416,0,0,5277312622,5134814141,34419050,30972513,121714,9956428,4591239,367299120,212054592,220670336,275958842,128447936,82196869120
116,4.58346,0,0,5296770145,5148362080,35466284,31971807,123577,10096075,4642169,371373520,212591936,223738688,284346029,130029536,83288647680
117,5.20606,0,0,5364264271,5210162122,36460945,32917279,127722,10239271,4707398,376591840,215524032,226886976,292324042,131739968,84415201280
118,4.78802,0,0,5375847156,5223677830,37475781,33884059,130018,10382472,4759302,380744160,216137856,229962624,300454210,133479328,85541754880
119,4.7165,0,0,5388628265,5235009277,38523827,34883491,132200,10525662,4811009,384880720,216610624,233074048,308849488,135109824,86668349440
120,4.69543,0,0,5399844154,5245366225,39610299,35921070,134226,10668864,4862690,389015200,217039296,236203264,317551394,136729984,87795005440
121,4.76482,0,0,5410019376,5257209547,40722171,36984406,136294,10812072,4914367,393149360,217540864,239309568,326456710,138336864,88921702400
122,4.67497,0,0,5421608574,5267107395,41862518,38076124,138498,10955274,4965966,397277280,218003712,242421888,335590506,139944928,90048419840
123,4.72698,0,0,5431309518,5277233000,43051433,39216172,140777,11098477,5017529,401402320,218424256,245549440,345113221,141554240,91175147520
124,4.75057,0,0,5442168775,5292394019,44266088,40381776,143023,11241713,5069377,405550160,218854528,248688960,354841675,143175328,92301885440
125,5.15648,0,0,5500155700,5343814614,45432685,41499361,147211,11386306,5131998,410559840,221319488,251826368,364195383,144854816,93438648320
126,4.73885,0,0,5510121939,5356944123,46630540,42648721,149514,11530889,5184203,414736240,221932032,254930048,373789738,146573856,94575452160
127,4.83955,0,0,5523763218,5366814318,47871837,43840381,151768,11675476,5236514,418921120,222341440,258106816,383731384,148231040,95712307200
128,4.77271,0,0,5533634011,5379379982,49111644,45031332,154195,11820075,5288837,423106960,222892416,261233728,393661975,149857248,96849213440
129,4.77437,0,0,5545523762,5391381391,50402748,46273504,156769,11964694,5341013,427281040,223420992,264365440,404003677,151474144,97986150400
130,4.76624,0,0,5557575360,5400761783,51739841,47561061,159082,12109300,5393176,431454080,223825344,267535744,414711986,153110272,99123128320
131,4.75617,0,0,5566874641,5409696323,53112562,48883889,161507,12253926,5445320,435625600,224154688,270728960,425705879,154756000,100260136960
132,4.71414,0,0,5575793481,5424712344,54495577,50217715,164112,12398548,5497542,439803360,224634752,273877056,436783024,156375264,101397155840
133,5.25448,0,0,5639449177,5479554890,55843026,51514501,168761,12545097,5562081,444966480,227179584,277119808,447585853,158110528,102548981760
134,4.83482,0,0,5647919269,5491688289,57193853,52815895,171459,12691644,5614873,449189840,227711168,280283520,458405959,159878464,103700858880
135,4.79013,0,0,5659939591,5503799743,58583097,54155487,174152,12838179,5667656,453412480,228210752,283461376,469533376,161535488,104852695040
136,4.78256,0,0,5671719806,5513371332,60010708,55532969,176677,12984719,5720356,457628480,228606528,286669632,480966881,163193856,106004582400
137,4.81359,0,0,5681836328,5522820804,61480830,56952753,179196,13131282,5773211,461856880,228986816,289891392,492740452,164853984,107156531200
138,4.82237,0,0,5690320710,5532389351,62986839,58408617,181821,13277837,5825817,466065360,229354304,293100672,504801649,166503936,108308510720
139,4.81273,0,0,5699773590,5542457184,64520121,59892013,184688,13424392,5878396,470271680,229764928,296293376,517082240,168142336,109460510720
140,4.81517,0,0,5709361323,5551315563,66080353,61402182,187211,13570948,5930869,474469520,230111424,299497408,529576711,169790304,110612531200
141,5.45783,0,0,5718237977,5565853667,67675584,62947534,189975,13717508,5983398,478671840,230524224,302689728,542352379,171425312,111764561920
142,5.2656,0,0,5776718661,5618779438,69215234,64436665,194807,13865135,6046844,483747520,232901760,305923136,554693723,173148064,112924160000
143,4.79515,0,0,5789060048,5632193404,70764340,65935974,198043,14012779,6100271,488021680,233493632,309110272,567102751,174921888,114083840000
144,4.77433,0,0,5801860911,5644004948,72353143,67474619,200970,14160436,6153532,492282560,233993536,312320384,579827810,176589664,115243591680
145,4.83178,0,0,5812972328,5654866479,73977220,69048369,203926,14308094,6206651,496532080,234421184,315541504,592835206,178254464,116403363840
146,4.85168,0,0,5823954190,5664807485,75638791,70659519,206764,14455751,6259771,500781680,234838400,318768448,606141964,179913920,117563156480
147,4.79716,0,0,5834046689,5674986482,77324624,72294952,209564,14603419,6312927,505034160,235268672,321994112,619642628,181571040,118722979840
148,4.83075,0,0,5843958389,5685428106,79023465,73943489,212773,14751091,6366022,509281760,235685952,325213760,633249393,183225344,119882833920
149,4.79989,0,0,5854157866,5696810136,80760915,75630733,215838,14898780,6419081,513526480,236132736,328427008,647164302,184877024,121042749440
150,4.79931,0,0,5864842491,5714935674,82483039,77303950,219052,15046488,6472071,517765680,236769408,331557120,660957364,186493696,122202664960
151,5.62797,0,0,5936333070,5779854886,84167066,78936793,224396,15199872,6539943,523195440,239801472,334833344,674456300,188258464,123417753600
152,5.05875,0,0,5953477137,5798206777,85849259,80568771,227742,15353317,6594470,527557600,240525248,338047168,687930574,190074752,124632872960
153,5.04301,0,0,5969383120,5808398609,87536394,82205906,231012,15506695,6648297,531863760,241145344,341247168,701444004,191750816,125848012800
154,5.03938,0,0,5978953910,5818797792,89308297,83926811,233738,15660073,6701986,536158880,241580672,344511168,715632858,193439232,127063173120
155,5.02646,0,0,5990014011,5830464353,91088212,85655981,236838,15813466,6755848,540467840,242070208,347759040,729887678,195117888,128278364160
156,5.00816,0,0,6000881574,5839499824,92925450,87442200,239878,15966845,6809497,544759760,242463424,351024256,744600782,196798112,129493585920
157,4.99703,0,0,6009767727,5849283941,94782258,89248048,242946,16120231,6863110,549048800,242857920,354285760,759470586,198476128,130708838400
158,4.9898,0,0,6019487062,5866062142,96652925,91068085,246059,16273635,6916796,553343680,243331200,357526144,774451487,200146784,131924121600
159,5.76745,0,0,6091067857,5933235976,98447961,92811372,251719,16432672,6986179,558894320,246568640,360838848,788840059,201926304,133193093120
160,5.28216,0,0,6106482287,5946548595,100267177,94579567,254865,16591717,7040759,563260720,247138496,364104256,803409509,203761024,134462115840
161,5.10647,0,0,6119048439,5956880831,102128813,96389711,257900,16750765,7095152,567612160,247582784,367399744,818317764,205476384,135731169280
162,5.10888,0,0,6130090551,5970319452,103988747,98198714,261139,16909823,7149735,571978800,248165184,370659392,833213431,207162848,137000284160
163,5.18162,0,0,6142839329,5981327970,105901012,100059683,264307,17068894,7204162,576332960,248665024,373942400,848527391,208855456,138269429760
164,5.16582,0,0,6153935288,5990562498,107867822,101974606,267172,17227987,7258637,580690960,249047296,377263232,864276196,210562752,139538616320
165,5.16719,0,0,6163775652,5998986511,109875136,103929546,269996,17387065,7313186,585054880,249355392,380615168,880348828,212283040,140807874560
166,5.13254,0,0,6171587286,6010424350,111905086,105907795,273076,17546148,7367606,589408480,249772544,383924096,896603828,213977280,142077173760
167,5.12688,0,0,6182530174,6026491894,113952084,107903421,276235,17705238,7421960,593756800,250231680,387212032,912995607,215662464,143346472960
168,5.92031,0,0,6255765682,6103912144,115898852,109797345,282064,17871608,7493103,599448240,253554880,390594496,928598864,217488192,144686622720
169,5.32827,0,0,6279619745,6119550560,117855673,111702649,285652,18038000,7548575,603886000,254199872,393891584,944271372,219346144,146026885120
170,5.3069,0,0,6294771742,6131163015,119851058,113645802,288908,18204393,7603892,608311360,254677120,397234432,960250732,221089600,147367188480
171,5.28741,0,0,6305816379,6142505383,121874853,115617378,292311,18370801,7659113,612729040,255139584,400576448,976458107,222815136,148707532800
172,5.30888,0,0,6317227425,6152405874,123927152,117617224,295390,18537208,7714323,617145840,255560320,403933440,992891894,224546400,150047907840
173,5.44967,0,0,6326382248,6161812638,126036581,119674056,298350,18703598,7769365,621549200,255922304,407299648,1009782126,226276544,151388282880
174,5.38075,0,0,6336724548,6173218941,128170551,121755651,301894,18870016,7824654,625972320,256368256,410651904,1026871606,227992256,152728678400
175,5.33457,0,0,6347583218,6186901771,130313179,123846410,305350,19036431,7879855,630388400,256891712,413971584,1044029910,229697696,154069094400
176,5.85092,0,0,6408622406,6245221547,132399667,125879132,311347,19204970,7947283,635782640,259398528,417413120,1060751799,231531488,155427072000
177,5.48621,0,0,6422309389,6258201764,134509365,127936216,314572,19373528,8003233,640258640,259935680,420780416,1077645508,233397344,156785080320
178,5.39141,0,0,6434806956,6271475446,136643933,130018323,318220,19542094,8059071,644725680,260477696,424138048,1094740292,235137696,158143160320
179,5.35768,0,0,6447813987,6282478599,138816992,132138516,321541,19710653,8114829,649186320,260918016,427521600,1112141369,236882464,159501312000
180,5.36597,0,0,6459087296,6294370554,141017575,134286521,325073,19879237,8170643,653651440,261419840,430886720,1129763693,238615904,160859514880
181,5.42005,0,0,6470548203,6304809264,143264384,136480275,328345,20047806,8226364,658109120,261828608,434282240,1147754525,240361920,162217758720
182,5.39195,0,0,6480939788,6314097167,145552525,138715170,331484,20216370,8282043,662563440,262188928,437689984,1166075348,242110784,163576033280
183,5.35012,0,0,6489642700,6323701605,147861970,140971355,334605,20384950,8337612,667008960,262521152,441098624,1184566513,243857376,164934328320
184,5.39279,0,0,6499943070,6339952993,150158412,143215441,338731,20553560,8393455,671476400,263085376,444449536,1202958679,245579776,166292654080
185,6.04646,0,0,6565824715,6407242628,152354073,145358788,345031,20723675,8462678,677014240,266194624,447798464,1220555459,247371904,167663493120
186,5.4356,0,0,6584704658,6421378991,154601316,147553401,348514,20893798,8519013,681521040,266783296,451166912,1238550818,249248640,169034352640
187,5.4093,0,0,6598887202,6430706077,156891602,149790281,351727,21063940,8575207,686016560,267195264,454585024,1256889171,251026976,170405345280
188,5.38234,0,0,6608728594,6444198897,159188343,152033927,355612,21234087,8631553,690524240,267692480,457983104,1275282524,252782208,171776358400
189,5.4682,0,0,6622585970,6458908269,161515631,154308313,359188,21404307,8688071,695045680,268292992,461368960,1293918708,254527200,173147412480
190,5.72124,0,0,6636241054,6467245133,163907037,156646226,362760,21574459,8744241,699539280,268685888,464792576,1313067816,256285280,174518497280
191,5.44873,0,0,6645079867,6476076577,166332161,159017562,366055,21744621,8800529,704042320,269059136,468235008,1332485283,258049344,175889623040
192,5.44723,0,0,6653885116,6488853497,168773195,161405089,369599,21914791,8856854,708548320,269494976,471659456,1352031275,259806368,177260779520
193,5.44959,0,0,6666064102,6502849166,171239912,163818708,373512,22084968,8913055,713044400,269970560,475057792,1371784576,261557312,178631956480
194,5.91014,0,0,6725122070,6568068825,173466377,165992772,380423,22255865,8980604,718448320,272733248,478411776,1389630843,263346944,180008785920
195,5.46885,0,0,6746048648,6581369476,175815047,168288699,384020,22426581,9037002,722960160,273337408,481787456,1408438180,265230144,181384161280
196,5.4908,0,0,6760197001,6593846341,178202423,170622719,387609,22597302,9093587,727486960,273834304,485202304,1427555133,267009632,182759557120
197,5.48456,0,0,6776459268,6619614541,180571999,172939498,391671,22768161,9151442,732115360,274674816,488581760,1446532011,268759712,184135045120
198,5.51052,0,0,6797294638,6621671480,183045492,175359195,394838,22938889,9207764,736621120,275049344,492024768,1466335790,270530368,185510553600
199,5.4835,0,0,6799626216,6631533436,185548863,177808934,398334,23109615,9264109,741128720,275451776,495457344,1486380238,272287744,186886092800
200,5.63449,0,0,6809238498,6642427614,188047960,180254400,401901,23280342,9320425,745634000,275851136,498889728,1506390849,274053408,188261672960
201,5.42182,0,0,6819776050,6656966202,190603485,182756506,405725,23451071,9376713,750137040,276299712,502308544,1526854169,275808864,189637263360
202,6.03906,0,0,6882340141,6720104641,193065957,185164355,412168,23624353,9445834,755666720,278945792,505805120,1546586160,277676800,191035095040
203,5.597,0,0,6899743924,6733494987,195519549,187565077,415784,23797633,9502769,760221520,279606912,509188800,1566232976,279554912,192432947200
204,5.52886,0,0,6913679841,6744628525,198033183,190024792,419555,23970923,9559830,764786400,280096384,512639872,1586360895,281346208,193830860800
205,5.53836,0,0,6924044119,6756879632,200568390,192506120,423412,24144207,9616711,769336880,280548608,516088192,1606661836,283124832,195228825600
206,5.5618,0,0,6936655384,6767547902,203146544,195030042,427226,24317512,9673673,773893840,280952064,519559168,1627306138,284911424,196626841600
207,5.62782,0,0,6946991025,6776410557,205762861,197591929,430691,24490811,9730548,778443840,281303936,523042816,1648253999,286700128,198024898560
208,5.60046,0,0,6955950569,6790508723,208357332,200133107,434492,24664123,9787441,782995280,281840512,526453632,1669028772,288458528,199422996480
209,5.5156,0,0,6969930206,6806046974,211026202,202747999,438215,24837474,9844409,787552720,282325952,529908224,1690398347,290230016,200821145600
210,6.10238,0,0,7028960248,6862769685,213612322,205278974,444504,25012304,9912667,793013360,284712000,533438080,1711118752,292102496,202231920640
211,0.226923,0,0,6896695582,6896695582,213612322,205278974,444504,25016537,9916900,793352000,285524736,533438080,1711118752,292102496,202265851904
212,1.37792,0,0,7089040262,7089040262,213612322,205278974,444504,25045061,9941165,795293200,290178816,533438080,1711118752,292102496,202493715152
