Backup ID,Backup Online Processtime(s),Online Load Times,Online Delta num,Online Size,Offline Size,Offline Delta times,Offline Decompress times,Offline Delete times,Logic chunk num,Unique chunk num,FpIndex size,SfIndex size,Localmap size,Coldmap size,Deltamap size,total logical size
0,2.44214,9,32,100594084,100594084,0,0,0,24641,24495,1959600,4684416,0,0,1632,208250880
1,1.93967,33,8452,130320561,130320561,0,0,0,49838,39626,3170080,5971264,0,0,538720,420976640
2,2.02294,70,17641,156360994,156360994,0,0,0,75769,54678,4374240,7096128,0,0,952960,640409600
3,2.0649,117,26832,181522624,181498876,17,10,4,102154,69374,5549920,8150848,448,156,1341888,864501760
4,2.1771,170,35764,212781070,210881422,1248,824,43,128934,85204,6816320,9393216,27136,10199,1734720,1092659200
5,2.22458,225,42971,253623394,243040491,8098,5200,106,156457,101934,8154720,10736832,185664,65314,2149824,1326612480
6,2.1749,293,47016,300313718,273865859,26566,17606,179,184290,118788,9503040,12016704,573824,213415,2582624,1563217920
7,2.24887,378,51946,330493279,307044415,44011,29644,272,212510,136407,10912560,13399424,920064,353440,3018144,1803356160
8,2.44733,486,57419,366627095,341489044,62527,42403,381,241451,155151,12412080,14830080,1288768,502113,3504128,2049822720
9,2.38522,604,63910,389089532,367376980,79867,54821,507,270745,172102,13768160,15882688,1603904,641463,3984704,2300139520
10,2.4904,719,69975,418622349,395539508,101233,70737,650,300593,189672,15173760,17026560,1953088,813106,4450304,2554542080
11,2.58219,841,75164,454403996,427974960,126407,89748,808,331389,208165,16653200,18377408,2347840,1015288,4911104,2817464320
12,2.63472,970,80525,487327609,461971418,152862,110092,979,362473,226816,18145280,19737472,2739584,1227775,5386080,3082168320
13,2.91002,1117,85137,536663406,505137173,183351,133212,1171,394467,248136,19850880,21511040,3211392,1472647,5886112,3355002880
14,3.04217,1281,89887,579856688,551653426,212811,156031,1384,427730,269719,21577520,23448064,3636800,1709392,6367584,3639654400
15,3.06314,1453,95671,622044808,593579331,241299,177846,1617,461573,291289,23303120,25182144,4064000,1938429,6907488,3929231360
16,3.12735,1644,101012,668454732,644421979,265138,196026,1866,495907,313484,25078720,27303744,4426368,2130378,7375136,4223057920
17,3.33129,1848,105974,725319916,705453518,294059,218323,2126,533891,338250,27060000,29803264,4850880,2363038,7875648,4533319680
18,3.58116,2026,111510,794651623,758167953,327449,243847,2414,573226,363914,29113120,32121920,5354496,2631590,8454592,4869498880
19,3.8131,2222,118749,842265297,810363214,360212,269317,2701,614460,390057,31204560,34326720,5821568,2895129,9083808,5222645760
20,3.70398,2424,126106,893115952,858097731,396305,297419,3015,657190,416136,33290880,36364160,6333312,3185435,9728704,5588357120
21,3.88708,2616,133969,946550452,910860778,435274,328175,3337,701984,444128,35530240,38629504,6859008,3498781,10391776,5970749440
22,4.02751,2831,142270,998910280,961459159,478153,362262,3676,748244,472329,37786320,40731904,7421952,3843500,11105888,6365849600
23,4.00777,3037,149741,1052543671,1006607946,529953,403494,4043,795533,500237,40018960,42594432,8098560,4259727,11849152,6770524160
24,4.07629,3251,158116,1096347173,1052652659,579084,442548,4416,843831,528928,42314240,44534976,8744000,4654608,12600352,7183421440
25,4.13041,3499,166244,1141926808,1098251672,635897,489045,4818,892453,557325,44586000,46418944,9404480,5111114,13339968,7597076480
26,4.28531,3725,173189,1203326318,1153058663,699242,540707,5250,943081,588339,47067120,48773760,10152640,5620010,14085856,8028426240
27,4.34787,3999,183246,1237749873,1197005742,752219,584129,5684,994732,617593,49407440,50600192,10764672,6045980,14883840,8468920320
28,4.3087,4213,189315,1308956568,1245587511,837714,654866,6207,1047519,648825,51906000,52568832,11709888,6732531,15713664,8918517760
29,4.37401,4482,199493,1331113772,1287942418,896861,703790,6669,1100481,678191,54255280,54267904,12364864,7207985,16524224,9369497600
30,5.98125,4723,201447,1495466219,1460674964,963623,760405,7290,1161683,730293,58423440,61921408,13014656,7745186,17004768,9891061760
31,5.5638,5132,222270,1519918721,1511743171,971820,766568,7520,1224165,764459,61156720,64085952,13145088,7811904,18242048,10425190400
32,5.54898,5488,242092,1577447032,1561445011,992303,783233,7849,1287906,799067,63925360,66180864,13389504,7977405,19202496,10969159680
33,5.61542,5823,260216,1635972161,1607504354,1027598,811803,8270,1352398,833924,66713920,68086208,13820160,8261854,20185472,11518976000
34,5.40957,6106,275754,1697170662,1656151275,1078127,852842,8710,1418053,869731,69578480,70131136,14427648,8668278,21167584,12079032320
35,5.37077,6362,289138,1759978502,1708437575,1145489,907943,9186,1485051,906885,72550800,72313344,15212800,9209546,22176128,12650547200
36,5.35771,6657,301667,1815296143,1757017167,1219986,968950,9647,1552883,943650,75492000,74347392,16076672,9807803,23189696,13229209600
37,5.43894,6957,314419,1862967614,1805327041,1301185,1036688,10144,1620506,980487,78438960,76349056,16939328,10459864,24204800,13805813760
38,5.41106,7277,328748,1904391793,1849387177,1376687,1099311,10630,1688546,1017268,81381440,78160064,17764096,11066302,25259200,14386237440
39,5.39169,7600,339460,1965692212,1898904523,1480172,1186931,11200,1757006,1054333,84346640,80140672,18780032,11897032,26270880,14970695680
40,3.66942,7682,340336,2024864053,1935537794,1648256,1334861,11985,1810412,1083547,86683760,81660480,20071168,13245613,27066752,15425167360
41,4.2306,7920,344332,2050520125,1976682709,1792807,1461925,12786,1864540,1113534,89082720,83247232,21190784,14406018,27884320,15886080000
42,4.35,8199,349666,2085279201,2013823589,1928132,1580531,13609,1919273,1143338,91467040,84697344,22261056,15492709,28726784,16352163840
43,4.33518,8443,353982,2129929222,2053662932,2081962,1716263,14463,1974837,1173737,93898960,86180352,23420544,16727611,29572352,16824729600
44,4.33591,8698,359022,2165269622,2090591697,2234051,1850730,15315,2031182,1204027,96322160,87598080,24548928,17948551,30426720,17304453120
45,4.26102,8953,363757,2201432415,2123713527,2401322,1999544,16188,2088613,1233728,98698240,88800384,25731136,19291060,31295136,17793658880
46,4.33974,9177,367916,2240772932,2157326752,2587624,2166196,17079,2147190,1264387,101150960,90060352,26989760,20785907,32174400,18292684800
47,4.36213,9415,371779,2274559485,2186076087,2789908,2347922,17953,2206496,1294554,103564320,91105984,28305984,22408533,33071808,18798346240
48,4.36439,9681,376884,2293467950,2207458884,2984006,2522419,18811,2266715,1323504,105880320,91865216,29561088,23965599,33958560,19312179200
49,4.97511,9897,380123,2353632024,2258009613,3191012,2706026,19807,2335940,1359838,108787040,93673216,31059776,25626611,34972512,19902177280
50,7.43171,10142,381830,2522369006,2461348503,3354107,2850861,21090,2419066,1426420,114113600,102544192,32229504,26937770,35748800,20615280640
51,7.56627,10772,406740,2547496334,2521655039,3404251,2894747,21799,2503193,1471068,117685440,105111360,32630528,27342467,37335008,21337559040
52,7.6793,11304,430533,2625222002,2595662598,3465244,2947801,22553,2593570,1520912,121672960,108532416,33139136,27834157,38601760,22117294080
53,7.41042,11765,451695,2708729808,2657212365,3558709,3028865,23393,2687808,1568890,125511200,111262016,33933312,28586061,39926624,22935326720
54,7.09754,12160,468758,2784355716,2720115459,3677625,3132315,24349,2782874,1615142,129211360,113855040,34923904,29542137,41178528,23760384000
55,7.14996,12512,484052,2862950041,2780428106,3814474,3249778,25293,2878878,1662942,133035360,116319808,36165632,30641633,42538592,24594739200
56,7.17236,12911,500188,2915319688,2838966918,3944848,3361942,26146,2975128,1710128,136810240,118736512,37332352,31688866,43860064,25430681600
57,7.11813,13321,515166,2977215212,2900854832,4076590,3475064,26982,3070965,1757037,140562960,121247552,38524992,32746950,45152992,26264494080
58,6.89075,13718,528543,3044484628,2957852799,4226305,3604342,27913,3166442,1803100,144248000,123550848,39834624,33949309,46456192,27094425600
59,7.0129,14139,541669,3106160908,3018875661,4391248,3748290,28914,3262959,1849992,147999360,125952896,41179072,35273842,47758176,27933890560
60,4.69463,14245,542716,3177400144,3051433713,4694237,4024282,30252,3332759,1886832,150946560,127574080,42908288,37704428,48794816,28529817600
61,6.94096,14621,551835,3218144117,3116096805,4895475,4200352,31308,3430872,1934164,154733120,130018880,44520064,39319604,50101024,29384591360
62,5.29945,14860,556106,3265931272,3161672570,5160550,4440741,32751,3504712,1972423,157793840,131738560,46101504,41447371,51180160,30015549440
63,5.49449,15192,563041,3295969226,3199100514,5403093,4660940,34092,3579605,2009807,160784560,133237376,47532608,43394388,52262624,30656389120
64,5.53603,15516,569717,3338542878,3238844143,5663680,4898013,35470,3655420,2047926,163834080,134701824,49038848,45485926,53367136,31304744960
65,5.64892,15844,575767,3379786404,3273516246,5946050,5155847,36788,3732183,2085663,166853040,136003200,50610624,47751436,54475552,31962798080
66,5.65145,16160,581696,3418738243,3313178193,6241181,5426032,38192,3809922,2124329,169946320,137425344,52208064,50119480,55587424,32629002240
67,5.6556,16491,588212,3454028087,3346443850,6536076,5695811,39539,3888789,2162403,172992240,138594112,53816384,52485319,56724032,33305978880
68,5.7741,16851,594659,3486852166,3379983464,6852524,5986974,40908,3968924,2200450,176036000,139729728,55436416,55023668,57847200,33992949760
69,5.67012,17204,600665,3518447554,3403793126,7184715,6292946,42249,4050053,2237353,178988240,140556544,57115392,57687861,58982400,34688532480
70,6.54794,17497,604922,3590660481,3478719746,7472243,6551010,43779,4149217,2284535,182762800,143068736,59002560,59995687,60267904,35551836160
71,9.63313,17757,607060,3810719565,3752621682,7659500,6716447,46009,4265450,2371143,189691440,154974656,60400896,61504853,61229824,36571084800
72,9.55379,18554,641084,3836660100,3819611582,7694108,6746807,46662,4386386,2425654,194052320,158073408,60673088,61784982,63259616,37635307520
73,9.02897,19233,671399,3911867950,3879297524,7755171,6799517,47550,4508081,2477154,198172320,160509440,61208320,62277918,64781920,38705633280
74,9.1625,19799,699040,3995382221,3945423168,7830355,6862347,48547,4632072,2531806,202544480,163283136,62000192,62884343,66315104,39797422080
75,6.8539,20164,705445,4122436949,3981506123,8135766,7137949,50075,4732223,2578458,206276640,165184512,63909760,65335167,67661216,40669081600
76,6.90613,20549,712756,4154075319,4055277710,8369259,7345229,51641,4832181,2625447,210035760,167681728,65588800,67210925,68906432,41540311040
77,7.50849,21075,727308,4195175152,4108896612,8553369,7507594,52899,4936619,2671964,213757120,169574656,66981568,68690087,70310368,42453647360
78,7.33938,21533,740249,4255671695,4155039744,8758219,7688366,54171,5043629,2718584,217486720,171342976,68523904,70335183,71667776,43391784960
79,7.27966,21986,750861,4313036870,4202445983,8997086,7900089,55439,5152164,2765822,221265760,173075328,70263232,72252443,73043296,44339476480
80,7.40823,22454,763433,4348789811,4242514787,9234269,8111522,56586,5261707,2811976,224958080,174502784,71912960,74155610,74426944,45297090560
81,7.42583,22923,776474,4388982482,4281096886,9474932,8326391,57787,5372102,2858319,228665520,175862976,73565312,76086895,75816192,46262865920
82,7.46829,23395,787528,4439667969,4320429740,9754603,8577332,58996,5484739,2905801,232464080,177253120,75406016,78330260,77228768,47246745600
83,7.86138,23912,801933,4456048306,4349730733,10010039,8807354,60137,5600065,2950934,236074720,178198656,77034048,80379437,78627584,48257771520
84,9.54527,24975,805147,4555958377,4596959135,10074477,8866150,62001,5731739,3017224,241377920,189183040,77396416,80904221,78974528,49277399040
85,8.42111,25705,845893,4625019540,4623275542,10077610,8868205,62229,5863315,3067312,245384960,190766400,77465664,80930417,81458912,50296299520
86,8.11777,26331,886454,4652397958,4646301429,10091658,8878522,62642,5994894,3117225,249378000,191840256,77704576,81044858,83075392,51315251200
87,7.95704,26862,926672,4676819219,4667629333,10114137,8895886,63078,6126492,3167083,253366640,192696960,78032064,81226862,84636320,52334315520
88,7.76107,27299,964936,4704514224,4688419547,10151586,8925909,63551,6258093,3216960,257356800,193478848,78507328,81528819,86191040,53353451520
89,7.71,27728,1003470,4723638826,4706449455,10192088,8959473,63966,6389710,3266777,261342160,194283904,78951360,81854902,87719904,54372659200
90,7.71417,28149,1037631,4755307391,4722563199,10267345,9022864,64343,6521331,3316599,265327920,194968640,79710848,82458835,89261920,55391877120
91,7.55155,28557,1066934,4785360281,4736938952,10388828,9127217,64726,6652951,3366420,269313600,195555008,80807232,83432606,90806176,56411115520
92,8.14095,29151,1084785,4852885358,4777217011,10589968,9302870,65522,6789356,3420253,273620240,197491520,82438464,85045706,92294688,57475020800
93,7.82731,29676,1110730,4852756345,4792791844,10758639,9451100,65998,6925770,3470576,277646080,198187328,83746688,86397454,93979936,58538926080
94,7.91152,30248,1136332,4869419608,4805892270,10944308,9615462,66495,7062177,3520920,281673600,198781440,85110336,87885291,95562880,59602882560
95,7.92031,30828,1160756,4885847674,4819741077,11161640,9810427,67045,7198603,3571264,285701120,199391936,86541888,89626689,97123840,60666931200
96,7.8998,31451,1183955,4903668298,4835422831,11395401,10021599,67615,7335032,3621567,289725360,200190272,87987648,91499627,98652416,61731010560
97,7.94003,32082,1206324,4922132091,4846795131,11662828,10264209,68202,7471465,3671829,293746320,200703232,89575936,93641962,100220288,62795141120
98,8.14935,32797,1231253,4924500537,4857366767,11920511,10499432,68770,7607907,3722086,297766880,201185600,91013376,95706266,101791232,63859333120
99,7.74933,33372,1247629,4963017492,4871643341,12302316,10850672,69487,7744382,3772484,301798720,201763904,92969600,98764291,103351488,64923545600
100,7.84893,33920,1257189,5015021964,4910746019,12749655,11263502,70586,7881525,3826224,306097920,203530496,95178240,102348490,104844128,65993615360
101,8.17266,34622,1279394,4998211741,4924629124,13056308,11546293,71408,8018709,3876836,310146880,204338112,96705472,104805824,106498496,67063726080
102,7.94366,35278,1297422,5026152165,4936566638,13445918,11906824,72288,8155889,3927427,314194160,204930624,98566528,107927088,108080448,68133898240
103,7.96175,35933,1316787,5033293421,4947736373,13841422,12274164,73183,8293084,3977998,318239840,205433024,100369152,111095595,109665120,69204080640
104,8.08613,36651,1336345,5043529352,4959302462,14243489,12648602,74169,8430283,4028520,322281600,205993152,102137408,114317053,111232928,70274334720
105,8.15935,37390,1356135,5053850948,4969207168,14665718,13042993,75201,8567471,4078922,326313760,206439680,103919040,117700045,112809728,71344599040
106,8.26468,38198,1377366,5059015488,4979922927,15079258,13430507,76226,8704660,4129407,330352560,206996608,105584832,121013482,114368096,72414904320
107,8.24517,38994,1399227,5067911630,4988961753,15504655,13829834,77270,8841866,4179847,334387760,207406208,107253376,124421878,115950272,73485219840
108,8.39942,39839,1419824,5080789822,4999688778,15972921,14270577,78371,8979067,4230278,338422240,207768768,109014848,128173495,117535392,74555535360
109,7.83076,40358,1426566,5155925366,5037946094,16658188,14917455,80073,9118659,4285082,342806560,209536384,111472000,133664133,119068960,75647006720
110,8.45365,41193,1446621,5134036718,5050332971,17136316,15367903,81349,9258267,4336213,346897040,210110976,113243584,137495529,120781216,76738508800
111,8.45271,42034,1466705,5145806378,5061214781,17636833,15840406,82661,9397878,4387209,350976720,210594496,115036480,141506225,122386656,77830041600
112,8.44265,42856,1490111,5147054925,5070957767,18090206,16268699,83962,9537501,4438231,355058480,211015616,116641600,145139706,123994496,78921697280
113,8.33472,43650,1508951,5170111543,5080680363,18653508,16802469,85332,9677136,4489194,359135520,211434112,118531840,149652972,125591392,80013383680
114,8.45542,44482,1529810,5174229732,5091371384,19181315,17303113,86747,9816774,4540152,363212160,211920576,120270336,153882495,127176512,81105100800
115,7.76214,45092,1539650,5220939800,5111465279,19873305,17960005,88464,9956428,4591239,367299120,212983488,122516672,159426992,128698592,82196869120
116,8.34222,45878,1559623,5206623750,5123466890,20458985,18517481,89901,10096075,4642169,371373520,213462656,124321920,164119617,130286592,83288647680
117,8.13235,46141,1562053,5332458439,5186345756,21402141,19413857,92964,10239271,4707398,376591840,216417280,127315968,171680180,131995968,84415201280
118,8.40181,46908,1582295,5284044717,5199441731,21970627,19954403,94695,10382472,4759302,380744160,217053568,129104128,176236723,133739616,85541754880
119,8.33854,47631,1601602,5300320241,5210452557,22588767,20543120,96374,10525662,4811009,384880720,217540544,130987200,181190238,135373536,86668349440
120,8.27192,48333,1621136,5310227838,5220626535,23215190,21140040,97985,10668864,4862690,389015200,217965760,132875392,186209677,136997280,87795005440
121,8.31219,49030,1642545,5313543957,5231944249,23817660,21715225,99629,10812072,4914367,393149360,218463936,134621632,191037657,138607136,88921702400
122,8.37827,49787,1663925,5325483701,5241749044,24417702,22287882,101327,10955274,4965966,397277280,218936192,136374336,195846483,140217376,90048419840
123,8.4898,50560,1680812,5349358892,5251440601,25176011,23014041,103093,11098477,5017529,401402320,219344896,138431936,201921785,141831040,91175147520
124,8.18256,51276,1696856,5362743975,5264674282,25962918,23767816,104904,11241713,5069377,405550160,219770880,140552640,208226080,143454944,92301885440
125,8.37884,51697,1701662,5457298213,5317474778,26998782,24759273,108132,11386306,5131998,410559840,222221696,143395136,216529116,145142208,93438648320
126,8.42678,52441,1720042,5421870041,5330358030,27728733,25458993,109991,11530889,5184203,414736240,222836480,145329920,222378019,146864544,94575452160
127,8.36472,53163,1739616,5432174324,5340263820,28453534,26153575,111800,11675476,5236514,418921120,223241344,147263936,228185472,148526016,95712307200
128,8.32601,53866,1757219,5448493964,5351922692,29219024,26887673,113758,11820075,5288837,423106960,223785472,149273024,234319182,150156032,96849213440
129,8.45247,54659,1774160,5461785444,5363244885,30039674,27676168,115819,11964694,5341013,427281040,224304704,151330944,240894687,151778656,97986150400
130,8.54764,55436,1793483,5465529272,5372314941,30824026,28430130,117729,12109300,5393176,431454080,224699392,153275904,247179053,153417728,99123128320
131,8.63199,56261,1813230,5473068336,5380510311,31628576,29204422,119693,12253926,5445320,435625600,225032512,155212480,253625273,155064320,100260136960
132,8.52784,57076,1830325,5489240602,5394073960,32499011,30042621,121778,12398548,5497542,439803360,225512384,157275584,260599178,156687264,101397155840
133,8.30355,57414,1833526,5598949927,5450225020,33754598,31250591,125419,12545097,5562081,444966480,228031552,160323392,270662063,158427840,102548981760
134,8.55969,58185,1851483,5558742512,5462044075,34601958,32066382,127576,12691644,5614873,449189840,228572992,162343872,277451728,160196384,103700858880
135,8.5885,58988,1869628,5569458360,5473684297,35459162,32891919,129750,12838179,5667656,453412480,229063680,164370624,284320230,161857600,104852695040
136,8.6027,59777,1889423,5575779179,5483367841,36292937,33695261,131827,12984719,5720356,457628480,229463360,166318336,291000815,163518208,106004582400
137,8.50703,60517,1907324,5592270755,5492680228,37216337,34586100,133917,13131282,5773211,461856880,229839872,168402240,298398465,165182464,107156531200
138,8.48275,61256,1926847,5594976597,5501661801,38100545,35439544,136052,13277837,5825817,466065360,230207360,170371136,305482804,166836416,108308510720
139,8.42984,62020,1943142,5615221824,5511467894,39099164,36404437,138341,13424392,5878396,470271680,230616256,172529600,313483201,168478624,109460510720
140,8.8215,62924,1965691,5604075050,5520018455,39904905,37182577,140357,13570948,5930869,474469520,230973248,174296064,319939209,170127712,110612531200
141,9.3392,63804,1982644,5629949501,5532890482,40920074,38164675,142605,13717508,5983398,478671840,231371712,176412672,328071801,171766720,111764561920
142,8.45781,64221,1987084,5729427497,5586564337,42305837,39504288,146472,13865135,6046844,483747520,233733952,179366400,339177224,173490784,112924160000
143,8.58299,65017,2002546,5704721271,5599834101,43363999,40528025,149136,14012779,6100271,488021680,234332288,181569600,347655840,175266368,114083840000
144,8.649,65817,2020091,5710536605,5611410864,44372261,41503528,151568,14160436,6153532,492282560,234825984,183666176,355734096,176937888,115243591680
145,8.49843,66583,2036332,5726298391,5622048734,45436362,42533429,154016,14308094,6206651,496532080,235251328,185855168,364259144,178605696,116403363840
146,8.68254,67401,2055483,5727945244,5631883462,46426418,43492093,156279,14455751,6259771,500781680,235672768,187864256,372190907,180267648,117563156480
147,8.64807,68225,2073496,5741692234,5641777363,47482700,44515833,158633,14603419,6312927,505034160,236104000,189947008,380652933,181928256,118722979840
148,8.46984,69011,2089935,5755781117,5651775154,48591145,45590281,161257,14751091,6366022,509281760,236518592,192122944,389533605,183586720,119882833920
149,8.46849,69753,2103914,5773683667,5662019415,49802160,46764937,163840,14898780,6419081,513526480,236953280,194450048,399234632,185240736,121042749440
150,8.26467,70408,2116050,5789448207,5679467273,51069591,47995488,166559,15046488,6472071,517765680,237586560,196810432,409387675,186860544,122202664960
151,8.78323,70778,2120521,5886979999,5745061029,52585642,49464769,171022,15199872,6539943,523195440,240621504,199804096,421538398,188625024,123417753600
152,8.71553,71535,2135901,5867131130,5763020640,53736967,50581144,173873,15353317,6594470,527557600,241349504,202040960,430763253,190444000,124632872960
153,8.43591,72191,2150001,5887217748,5773966625,54918352,51726513,176637,15506695,6648297,531863760,241971776,204345984,440228153,192122976,125848012800
154,8.79116,72989,2170709,5875402864,5783521040,55923871,52701606,179060,15660073,6701986,536158880,242399168,206293376,448284420,193815072,127063173120
155,8.5104,73671,2186165,5903485188,5794407122,57138039,53880346,181761,15813466,6755848,540467840,242884928,208560960,458011269,195496992,128278364160
156,8.5901,74391,2202362,5911667903,5803610188,58366506,55073867,184321,15966845,6809497,544759760,243282880,210797504,467851805,197179936,129493585920
157,8.57819,75127,2218580,5919892650,5812992255,59584147,56256619,186881,16120231,6863110,549048800,243678400,213030464,477605733,198861760,130708838400
158,8.56558,75850,2235159,5927874836,5827350201,60791244,57429467,189563,16273635,6916796,553343680,244143360,215222464,487275919,200537984,131924121600
159,9.0359,76218,2239008,6041078274,5895249241,62455255,59045396,194395,16432672,6986179,558894320,247369408,218300288,500612167,202322048,133193093120
160,8.86541,76978,2256975,6008866885,5907889554,63597753,60154728,197112,16591717,7040759,563260720,247950016,220422976,509765736,204160000,134462115840
161,8.96682,77774,2276872,6015137816,5918286881,64706817,61232068,199722,16750765,7095152,567612160,248404928,222453312,518651298,205878720,135731169280
162,8.76528,78494,2294021,6035053822,5930841362,65911069,62402377,202528,16909823,7149735,571978800,248984896,224625728,528299344,207569952,137000284160
163,8.81052,79255,2310960,6047547244,5941658220,67158214,63615027,205179,17068894,7204162,576332960,249477824,226833408,538289759,209266304,138269429760
164,8.84237,79946,2329990,6050733844,5951017180,68362889,64786664,207682,17227987,7258637,580690960,249854784,228947840,547939674,210978208,139538616320
165,9.10523,80792,2352883,6049057649,5959282643,69430552,65824705,209999,17387065,7313186,585054880,250179968,230843648,556492563,212701088,140807874560
166,8.89966,81584,2370581,6073877819,5969549214,70708357,67068354,212632,17546148,7367606,589408480,250593408,233029696,566728168,214400160,142077173760
167,8.95322,82415,2387240,6086615658,5983442066,72036395,68361454,215285,17705238,7421960,593756800,251036224,235265856,577365737,216091360,143346472960
168,9.51753,82871,2392388,6198134628,6060468607,73797380,70074414,220292,17871608,7493103,599448240,254357440,238339840,591478628,217926048,144686622720
169,9.30502,83730,2409486,6179375348,6075569188,75096156,71338618,223282,18038000,7548575,603886000,255004160,240552448,601883786,219786336,146026885120
170,9.28323,84581,2428413,6189138084,6087340386,76334416,72543423,226079,18204393,7603892,608311360,255485312,242693696,611803851,221532224,147367188480
171,9.02504,85331,2444656,6208397472,6098557186,77703162,73876027,228940,18370801,7659113,612729040,255944896,245006848,622768124,223262144,148707532800
172,9.46945,86195,2466162,6203204001,6108346522,78870859,75012602,231559,18537208,7714323,617145840,256364736,246998656,632122795,224997952,150047907840
173,9.51313,87071,2488657,6208759518,6117008105,80030050,76141498,233997,18703598,7769365,621549200,256725632,248937536,641408513,226733312,151388282880
174,8.99781,87814,2503455,6243530936,6128094982,81524737,77598415,237005,18870016,7824654,625972320,257164736,251355008,653381049,228454912,152728678400
175,9.35569,88664,2522746,6238940034,6140731988,82816436,78857402,239845,19036431,7879855,630388400,257690368,253448640,663728841,230163008,154069094400
176,9.16315,89092,2527546,6347962887,6199620551,84698326,80690199,244930,19204970,7947283,635782640,260185664,256590912,678809386,232000480,155427072000
177,9.56851,89997,2549916,6303356543,6212082087,85878108,81839641,247617,19373528,8003233,640258640,260732736,258532672,688261077,233868864,156785080320
178,9.11491,90773,2565530,6337000172,6225131292,87330544,83255088,250675,19542094,8059071,644725680,261275008,260900032,699895855,235613792,158143160320
179,9.3661,91598,2584484,6339345267,6235699124,88697849,84588293,253533,19710653,8114829,649186320,261708544,263082560,710848585,237363872,159501312000
180,9.0799,92357,2600344,6360151150,6246905520,90205330,86058904,256565,19879237,8170643,653651440,262209728,265442304,722923593,239100928,160859514880
181,9.45332,93215,2620233,6357570600,6257100840,91528778,87349046,259323,20047806,8226364,658109120,262618688,267573888,733524967,240850368,162217758720
182,9.42142,94094,2640595,6367121471,6265935545,92879586,88666745,261984,20216370,8282043,662563440,262967616,269692864,744344736,242606272,163576033280
183,9.46979,94990,2662398,6370099147,6274682032,94182919,89938494,264650,20384950,8337612,667008960,263311488,271714240,754784730,244354784,164934328320
184,9.03686,95744,2674724,6410446538,6290391483,95905638,91621026,268097,20553560,8393455,671476400,263860352,274286336,768583717,246080896,166292654080
185,9.25082,96150,2678581,6504243987,6357883103,97912501,93579242,273497,20723675,8462678,677014240,266937920,277400384,784665605,247877312,167663493120
186,9.61912,97046,2699611,6466149661,6372024596,99249025,94884029,276484,20893798,8519013,681521040,267539328,279431616,795372732,249757760,169034352640
187,9.39101,97876,2719680,6483894850,6381692391,100624651,96226159,279283,21063940,8575207,686016560,267961472,281575424,806391735,251540192,170405345280
188,9.16906,98626,2735752,6507115921,6394571663,102193993,97758313,282643,21234087,8631553,690524240,268456832,283955456,818963271,253300064,171776358400
189,9.33053,99405,2752926,6517174027,6408778069,103745550,99273982,285774,21404307,8688071,695045680,269052032,286252416,831391382,255049440,173147412480
190,9.39905,100183,2769314,6532240835,6417093916,105337431,100828585,288807,21574459,8744241,699539280,269439744,288638272,844141595,256812480,174518497280
191,9.38844,100985,2789191,6530080524,6425709309,106789852,102246915,291644,21744621,8800529,704042320,269810752,290820096,855775148,258581440,175889623040
192,9.22853,101745,2806265,6548274350,6437307809,108419068,103839571,294695,21914791,8856854,708548320,270245184,293159936,868824131,260342272,177260779520
193,9.25278,102517,2820430,6567538846,6450586860,110170914,105552356,297999,22084968,8913055,713044400,270718976,295659904,882855419,262097376,178631956480
194,9.04715,102882,2823280,6664383392,6515555498,112264361,107596106,303903,22255865,8980604,718448320,273463232,298840832,899632499,263891104,180008785920
195,9.24641,103664,2838961,6641073499,6528819522,113874360,109168922,307082,22426581,9037002,722960160,274062976,301220672,912528378,265776064,181384161280
196,9.45372,104498,2858273,6644376793,6540873931,115340765,110601111,310243,22597302,9093587,727486960,274570688,303410560,924275423,267560672,182759557120
197,9.13439,105207,2873624,6672541926,6566319156,116966598,112189307,313925,22768161,9151442,732115360,275403264,305819776,937300457,269314016,184135045120
198,9.72654,106061,2895354,6673165107,6572515954,118366554,113557046,316659,22938889,9207764,736621120,275784512,307881664,948513775,271089120,185510553600
199,9.35025,106876,2913472,6691032226,6580631052,119957451,115112226,319654,23109615,9264109,741128720,276175808,310167680,961255926,272852256,186886092800
200,9.38548,107703,2932445,6696351367,6590322172,121512265,116632199,322722,23280342,9320425,745634000,276570560,312397504,973709778,274622368,188261672960
201,9.4098,108545,2949674,6710786623,6602907994,123185972,118269543,325948,23451071,9376713,750137040,277015296,314724736,987115564,276381824,189637263360
202,9.24871,108937,2954061,6815752441,6666078051,125425193,120458339,331708,23624353,9445834,755666720,279644736,317952512,1005058132,278254400,191035095040
203,9.57858,109784,2974966,6777163099,6679424126,126870814,121871841,334780,23797633,9502769,760221520,280319296,320008192,1016638460,280136000,192432947200
204,9.51959,110632,2992538,6802075504,6690249958,128518243,123482721,337986,23970923,9559830,764786400,280800000,322347392,1029833914,281936224,193830860800
205,9.56443,111469,3011375,6807633584,6701744496,130120995,125050275,341210,24144207,9616711,769336880,281260992,324600128,1042672050,283719168,195228825600
206,9.38263,112283,3028084,6826358420,6711854281,131853962,126745541,344503,24317512,9673673,773893840,281658944,327013056,1056552251,285510304,196626841600
207,9.81425,113221,3048728,6824020497,6720857247,133418529,128276157,347457,24490811,9730548,778443840,282014272,329185984,1069083557,287303488,198024898560
208,9.57674,114143,3067467,6838380912,6734032322,135005290,129828246,350660,24664123,9787441,782995280,282551168,331404992,1081793660,289064800,199422996480
209,9.46388,114944,3083040,6862382015,6748491236,136871462,131655815,353970,24837474,9844409,787552720,283013248,333875584,1096739586,290842400,200821145600
210,9.58012,115444,3089133,6952481383,6804889207,139098735,133833899,359611,25012304,9912667,793013360,285391424,337024128,1114585975,292718688,202231920640
211,0.36714,115444,3089133,6838815104,6838815104,139098735,133833899,359611,25016537,9916900,793352000,286204160,337024128,1114585975,292718688,202265851904
212,2.36493,115444,3089133,7031159784,7031159784,139098735,133833899,359611,25045061,9941165,795293200,290858240,337024128,1114585975,292718688,202493715152