199
203
210
214
218
224
226
230
236
239
243
251
253
261
272
277
281
296
321
337
349
365
377
386
394
395
412
421
429
431
498
510
519
525
535
546
552
550
554
558
434
440
445
451
458
467
476
483
491
563
681
689
744
781
787
796
798
796
792
801
569
816
602
612
619
628
636
646
656
664
824
973
1015
1021
1042
832
831
872
895
904
914
922
939
965
973
972
972
972
972
972
973
973
1015
1015
1015
1015
1015
1015
1015
1015
1021
1021
1021
1021
1021
1021
1021
1021
1021
1041
1041
1041
1042
1042
1042
1042
1042
1075
1075
1075
1075
1075
1075
1075
1075
1085
1085
1085
1085
1085
1085
1085
1085
1099
1099
1099
1099
1099
1099
1099
1099
1099
1106
1106
1107
1107
1107
1107
1107
1107
1107
1159
1159
1159
1159
1159
1159
1159
1159
1211
1211
1211
1211
1211
1211
1211
1211
1211
1279
1279
1279
1279
1279
1279
1279
1279
1296
1296
1296
1296
1296
1296
1296
1296
1296
1308
1308
1308
1308
1308
1308
1308
1308
1308
1314
1312
1312
1312
1312
1312
1312
1312
1334
1334
1334
1334
1334
1334
1334
1334

