Backup ID, Logical chunk num, Unique chunk num, Base chunk num, Delta chunk num, Logical chunk size, Unique chunk size, Base chunk size, Delta chunk size, LZ4_save size, Delta_save size, 
0,47270,45091,44886,205,374824960,355493664,226659403,135994,127030999,1667268
1,93760,63193,55026,8167,741068800,495103669,276754563,1032696,157148104,60168306
2,140254,80435,64858,15577,1108418560,629979924,325696867,1991773,187534666,114756618
3,186916,97135,73578,23557,1477611520,759367472,369422796,3055551,214433804,172455321
4,233561,111930,81959,29971,1846190080,875009206,412078937,3777442,240219723,218933104
5,271616,126584,90691,35893,2149201920,988912863,454149586,4491014,267833787,262438476
6,333509,182509,143120,39389,2647705600,1439024217,703692638,6019483,441600827,287711269
7,375631,217536,169162,48374,2997319680,1732574333,818469255,12437415,544232911,357434752
8,419564,249310,187380,61930,3364526080,1998004082,908281188,19546424,602320271,467856199
9,463497,249332,187390,61942,3731732480,1998126473,908289055,19549563,602362882,467924973
10,511234,257100,192842,64258,4109803520,2059446492,935355135,19675627,620413923,484001807
11,550375,262844,196342,66502,4422103040,2104629607,951090064,19865803,634447895,499225845
12,589502,277512,205449,72063,4734248960,2218783128,995383480,20379049,662648181,540372418
13,652520,280730,206739,73991,5241784320,2241418287,1000390392,20929609,666551102,553547184
14,717905,300858,216118,84740,5764464640,2400783295,1042554645,22334876,697649612,638244162
15,783325,316129,223167,92962,6287237120,2525462985,1076901543,23003062,721589352,703969028
16,829595,341773,237373,104400,6673735680,2745488039,1135393705,27888036,785379389,796826909
17,875466,350721,240764,109957,7057971200,2823472834,1146678566,33284184,803068872,840441212
18,923854,357394,244938,112456,7442227200,2876277470,1165142740,32732101,820036666,858365963
19,971484,363629,248607,115022,7817871360,2924628193,1180737596,32827087,834830112,876233398
20,1019179,369592,252011,117581,8194682880,2971142827,1194975965,33037576,849212548,893916738
21,1067026,375496,255435,120061,8573368320,3017413239,1209219694,33183956,863824921,911184668
22,1112897,375519,255447,120072,8957603840,3017536324,1209232633,33187379,863870997,911245315
23,1158768,375540,255452,120088,9341839360,3017643824,1209238177,33997261,863876372,910532014
24,1207545,391103,264108,126995,9731287040,3147129212,1255479086,34544796,890014183,967091147
25,1256392,394790,265461,129329,10121338880,3173146392,1262042818,34664721,892913466,983525387
26,1305302,398504,266735,131769,10512404480,3198894091,1267354898,34875451,896190251,1000473491
27,1354172,412295,274116,138179,10903429120,3314601417,1305501854,35690325,920676392,1052732846
28,1402940,415863,275461,140402,11293941760,3340115247,1313127907,35865798,923026226,1068095316
29,1443085,436186,287652,148534,11619184640,3504542465,1373355785,37463300,961212891,1132510489
30,1483217,452933,297485,155448,11944468480,3640857118,1420787342,37956454,993240067,1188873255
31,1523363,455386,298667,156719,12269639680,3659050396,1427752780,38073838,995208417,1198015361
32,1563546,457878,299556,158322,12595281920,3677505788,1433191282,38205586,996576282,1209532638
33,1603775,460343,300543,159800,12921047040,3695746745,1439242404,38274539,998176029,1220053773
34,1648884,470364,304518,165846,13298063360,3789919389,1451082849,51376700,1024555286,1262904554
35,1694029,478149,309611,168538,13675489280,3861312313,1468672864,52484474,1053049842,1287105133
36,1741440,485699,314670,171029,14072944640,3929958353,1486515630,52929643,1081118951,1309394129
37,1788524,505702,327504,178198,14468106240,4101652910,1540903931,55477247,1136679094,1368592638
38,1835523,513397,331036,182361,14863370240,4171832822,1553078230,61481356,1157443145,1399830091
39,1876216,530689,341686,189003,15191316480,4311487807,1605229813,62322922,1189905522,1454029550
40,1913449,545953,349741,196212,15492782080,4436563133,1644622847,63804125,1215277812,1512858349
41,1950738,563025,358803,204222,15794718720,4575785202,1688661810,64981539,1243894529,1578247324
42,1988065,578196,367616,210580,16096768000,4699732147,1734007754,65628681,1269720071,1630375641
43,2025433,582690,369922,212768,16399237120,4732139714,1744328720,65979545,1275920888,1645910561
44,2074134,597635,379347,218288,16789903360,4856818378,1793788651,68212387,1305917740,1688899600
45,2122847,600194,380385,219809,17180590080,4875734367,1800133063,68186875,1307552720,1699861709
46,2171519,603472,381670,221802,17570560000,4899115325,1807120159,68333910,1310108296,1713552960
47,2220326,618425,391238,227187,17961431040,5021636387,1854215169,67813354,1342162590,1757445274
48,2257694,618450,391246,227204,18263900160,5021781860,1854220240,67815834,1342194392,1757551394
49,2307202,622086,393119,228967,18659973120,5049354401,1867578736,67851915,1343854619,1770069131
50,2356622,624875,394173,230702,19055656960,5069977693,1873995799,68106013,1345471496,1782404385
51,2405612,636347,398288,238059,19468840960,5177786411,1889888027,85005790,1368365077,1834527517
52,2447006,637794,399032,238762,19802460160,5189341117,1894978099,84887439,1369284672,1840190907
53,2484962,639336,399852,239484,20109813760,5201673249,1900819556,85116830,1370137544,1845599319
54,2522969,640807,400785,240022,20417689600,5213578195,1907691090,85145298,1370992022,1849749785
55,2561009,642051,401579,240472,20725667840,5223559501,1913377080,85221954,1371801855,1853158612
56,2599098,643311,402318,240993,21034076160,5233628060,1918727979,85274046,1372541183,1857084852
57,2639876,645916,403725,242191,21364449280,5252952705,1926505890,85757481,1375225425,1865463909
58,2680677,648640,405065,243575,21695129600,5273120641,1934481600,86072781,1377342867,1875223393
59,2721490,651174,406406,244768,22025707520,5292001087,1942248216,86087052,1379617499,1884048320
60,2762338,653720,407553,246167,22356746240,5310963607,1949154244,86101338,1381481455,1894226570
61,2803249,656273,408714,247559,22687907840,5329807731,1956121453,86277098,1383244850,1904164330
62,2850269,667060,415825,251235,23082076160,5426033199,1980635511,86976109,1422932018,1935489561
63,2897423,675589,420851,254738,23477360640,5503728992,1998977863,89784533,1449827970,1965138626
64,2946849,684080,426411,257669,23892674560,5580869610,2019062548,90715077,1480295590,1990796395
65,2995937,692541,431768,260773,24305715200,5657844301,2038425857,92211109,1510070113,2017137222
66,3034026,692567,431780,260787,24614123520,5657992401,2038439033,92216439,1510116550,2017220379
67,3083892,695994,433776,262218,25014067200,5683878422,2048976473,91942460,1515005109,2027954380
68,3133068,710148,442230,267918,25406832640,5802337491,2093688834,92377877,1541917137,2074353643
69,3182530,712856,443406,269450,25803069440,5822555219,2101006967,92370092,1543732879,2085445281
70,3220619,712881,443412,269469,26111477760,5822699186,2101014745,92375515,1543764525,2085544401
71,3263035,735096,464135,270961,26455859200,6005656824,2217892965,92975135,1598115595,2096673129
72,3307336,746419,473067,273352,26815508480,6098796294,2266276646,94070514,1623813322,2114635812
73,3350218,752391,477513,274878,27163023360,6147772247,2291234928,93914328,1635382525,2127240466
74,3393144,753605,477914,275691,27510743040,6157487549,2294034236,94006167,1635879920,2133567226
75,3436144,759571,481488,278083,27858503680,6204746036,2311718541,94410551,1646914016,2151702928
76,3479144,762358,483180,279178,28206233600,6225611499,2320366135,94349678,1651057022,2159838664
77,3523445,770570,488366,282204,28565800960,6291053095,2345587942,94852216,1668507467,2182105470
78,3567732,772866,489282,283584,28925265920,6310049010,2351328696,95523263,1670358883,2192838168
79,3612081,781297,494239,287058,29285120000,6376027080,2374596752,96196587,1687542039,2217691702
80,3656412,784282,495822,288460,29644994560,6399193338,2382910221,95794503,1691387184,2229101430
81,3700674,787566,497507,290059,30004213760,6425556325,2393092238,95906721,1694682810,2241874556
82,3740691,798725,507110,291615,30326528000,6515039713,2445699406,96671178,1719222694,2253446435
83,3783372,805381,511554,293827,30671964160,6567954497,2468772920,97036730,1732037155,2270107692
84,3825950,810353,514941,295412,31016939520,6607659097,2486252654,97414822,1742207359,2281784262
85,3868596,815960,517964,297996,31362539520,6650687784,2505127658,97885473,1747388820,2300285833
86,3910995,819466,519884,299582,31706787840,6677029366,2515878419,97938079,1751654521,2311558347
87,3953403,821838,521192,300646,32051159040,6694505446,2523189369,97932939,1754333615,2319049523
88,3997704,821859,521198,300661,32410808320,6694628515,2523198970,97937473,1754371358,2319120714
89,4042378,824073,523119,300954,32773447680,6712487789,2537765657,98011155,1755530678,2321180299
90,4086956,826102,524230,301872,33135206400,6728833826,2546364648,98196749,1756134917,2328137512
91,4131606,827496,525043,302453,33497640960,6740028415,2552335674,98224197,1756853302,2332615242
92,4176284,834288,529277,305011,33860229120,6794113241,2572272700,98815778,1771904290,2351120473
93,4220932,838026,531086,306940,34222755840,6822115611,2579815476,99936582,1777913340,2364450213
94,4265582,838047,531091,306956,34585190400,6822244413,2579819332,99939580,1777932694,2364552807
