Backup ID, FPindex, SFindex, Deltaindex
0,3607280,8560768,11328
1,5055440,10504128,515328
2,6434800,12389376,827232
3,7770800,14061184,1130592
4,8954400,15453504,1331392
5,10126720,16902336,1546304
6,14600720,26894912,1708000
7,17402880,31730624,2196640
8,19944800,35167104,2801664
9,19946560,35169024,2802368
10,20568000,36211968,2888032
11,21027520,36882112,2977120
12,22200960,38347392,3140736
13,22458400,38441536,3216224
14,24068640,40235776,3668352
15,25290320,41386432,3903552
16,27341840,43375936,4331648
17,28057680,43622912,4553536
18,28591520,44420800,4649248
19,29090320,45072512,4740256
20,29567360,45668096,4826880
21,30039680,46243648,4908672
22,30041520,46245952,4909216
23,30043200,46246656,4909920
24,31288240,47903552,5158176
25,31583200,48059456,5221632
26,31880320,48159808,5295040
27,32983600,49263040,5471136
28,33269040,49387520,5538336
29,34894880,51074176,5756096
30,36234640,52292736,5830848
31,36430880,52366912,5866464
32,36630240,52462784,5932416
33,36827440,52552768,5979072
34,37629120,53285440,6220256
35,38251920,53453184,6288032
36,38855920,53549760,6350080
37,40456160,54486144,6390048
38,41071760,54648000,6570016
39,42455120,56312960,6812576
40,43676240,57242176,7028064
41,45042000,58360832,7293824
42,46255680,59499520,7489824
43,46615200,59736768,7579456
44,47810800,61180288,7754560
45,48015520,61292224,7796992
46,48277760,61375936,7850784
47,49474000,62411456,7673600
48,49476000,62412928,7674592
49,49766880,62770176,7741664
50,49990000,62901888,7797472
51,50907760,63665472,8100928
52,51023520,63752448,8131840
53,51146880,63877056,8162016
54,51264560,63969152,8170688
55,51364080,64023936,8178720
56,51464880,64071360,8194752
57,51673280,64181504,8208640
58,51891200,64310336,8259968
59,52093920,64388096,8262912
60,52297600,64466496,8312416
61,52501840,64538176,8356576
62,53364800,64883584,8471168
63,54047120,64972800,8593664
64,54726400,65082048,8678208
65,55403280,65148544,8771456
66,55405360,65150848,8772096
67,55679520,65451840,8815680
68,56811840,66649728,9024000
69,57028480,66791040,9073824
70,57030480,66791872,9074496
71,58807680,70764992,9161600
72,59713520,72478208,9282048
73,60191280,73331072,9353888
74,60288400,73396608,9383360
75,60765680,74079488,9471936
76,60988640,74202368,9449856
77,61645600,75193600,9581568
78,61829280,75270080,9614656
79,62503760,76207424,9757440
80,62742560,76306304,9733408
81,63005280,76466240,9782048
82,63898000,78305280,9857632
83,64430480,79154560,9955424
84,64828240,79798016,10019136
85,65276800,80302464,10114368
86,65557280,80472192,10106176
87,65747040,80522368,10088000
88,65748720,80523072,10088576
89,65925840,80891328,10101504
90,66088160,81104448,10153376
91,66199680,81178240,10164128
92,66743040,81975616,10274112
93,67042080,82098240,10310432
94,67043760,82099200,10311232
