Backup ID, Online Delta_save, Offline Delta_save, Offline delta time, Offline dedelta time, Offline delete time, Offline Delta chunk num
0,1463814,203454,44,21,8,23
1,59356308,811998,163,60,22,103
2,112676404,2080214,487,204,42,283
3,160382585,12072736,3835,2197,94,1638
4,184487718,34445386,14551,9893,152,4658
5,204841177,57597299,28201,20366,234,7835
6,219174012,68537257,32765,23296,303,9469
7,270701165,86733587,38417,26202,389,12215
8,330270407,137585792,51229,32689,498,18540
9,330330138,137594835,51230,32689,499,18541
10,336920013,147081794,59467,39533,580,19934
11,345140939,154084906,64845,43839,656,21006
12,360742003,179630415,86690,62178,778,24512
13,370040666,183506518,92504,67410,834,25094
14,433579157,204665005,102886,74892,945,27994
15,473974481,229994547,115519,84406,1028,31113
16,508084706,288742203,147542,109114,1165,38428
17,520495173,319946039,160259,117918,1248,42341
18,525829093,332536870,175404,131310,1377,44094
19,532138658,344094740,190848,145059,1494,45789
20,539534379,354382359,205879,158572,1590,47307
21,546721697,364462971,222540,173744,1689,48796
22,546782344,364462971,222540,173744,1689,48796
23,546853858,363678156,222788,173990,1694,48798
24,572645722,394445425,244697,192230,1845,52467
25,583438706,400086681,255127,201813,1952,53314
26,595900259,404573232,263608,209601,2048,54007
27,619415569,433317277,292046,234548,2146,57498
28,628904468,439190848,304282,245895,2250,58387
29,647600637,484909852,352800,288617,2444,64183
30,668682690,520190565,393402,325003,2567,68399
31,672611949,525403412,405698,336556,2657,69142
32,680523334,529009304,412690,343038,2733,69652
33,686987206,533066567,421189,350970,2812,70219
34,690495155,572409399,434974,359141,2911,75833
35,693822063,593283070,448395,370264,2961,78131
36,695592067,613802062,464371,383975,3048,80396
37,706152238,662440400,527239,440969,3215,86270
38,709325156,690504935,543336,453310,3316,90026
39,726762456,727267094,586418,491885,3533,94533
40,756055124,756803225,630991,532793,3672,98198
41,788634443,789612881,681913,579600,3833,102313
42,807840867,822534774,732064,625767,4010,106297
43,816938263,828972298,742918,635669,4118,107249
44,820329329,868570271,818506,706183,4378,112323
45,827012429,872849280,832677,719773,4448,112904
46,835161064,878391896,848101,734343,4592,113758
47,845561460,911883814,918957,801227,4732,117730
48,845667580,911883814,918957,801227,4732,117730
49,851649504,918419627,935203,816550,4867,118653
50,859149782,923254603,951928,832578,4986,119350
51,861790158,972737359,974029,847665,5141,126364
52,865136652,975054255,977461,850827,5219,126634
53,867587491,978011828,981380,854345,5265,127035
54,868540144,981209641,985542,858094,5296,127448
55,869174418,983984194,990130,862316,5370,127814
56,870644834,986440018,994167,866039,5386,128128
57,873124778,992339131,1017974,888964,5537,129010
58,877371156,997852237,1036935,907129,5688,129806
59,880870288,1003178032,1059114,928569,5765,130545
60,886480210,1007746360,1076100,944925,5853,131175
61,891845662,1012318668,1092694,960876,5957,131818
62,894566512,1040923049,1133626,998478,6196,135148
63,896135848,1069002778,1159088,1020616,6344,138472
64,897865116,1092931279,1187237,1046062,6462,141175
65,899213293,1117923929,1218846,1074740,6627,144106
66,899296450,1117923929,1218846,1074740,6627,144106
67,902570795,1125383585,1248822,1103716,6770,145106
68,915832434,1158521209,1325164,1175983,7042,149181
69,921747718,1163697563,1347544,1197628,7190,149916
70,921819416,1163724985,1347551,1197629,7194,149922
71,930534301,1166138828,1349033,1198790,7347,150243
72,945078829,1169556983,1350596,1199836,7417,150760
73,953873909,1173366557,1352260,1201067,7475,151193
74,958889472,1174677754,1352811,1201452,7497,151359
75,969031933,1182670995,1357065,1204658,7582,152407
76,972386649,1187452015,1362197,1209137,7707,153060
77,982006856,1200098614,1368200,1213486,7794,154714
78,989618196,1203219972,1371802,1216604,7822,155198
79,998289992,1219401710,1381539,1224060,7953,157479
80,1005586370,1223515060,1387045,1229081,7986,157964
81,1011826095,1230048461,1394982,1236143,8024,158839
82,1017366736,1236079699,1399732,1240027,8199,159705
83,1021204247,1248903445,1408587,1247165,8330,161422
84,1025375363,1256408899,1414099,1251652,8436,162447
85,1031756147,1268529686,1425879,1261716,8590,164163
86,1036433347,1275125000,1436813,1271753,8650,165060
87,1039942733,1279106790,1444744,1279163,8695,165581
88,1039984046,1279136668,1444750,1279163,8699,165587
89,1040717203,1280463096,1446195,1280417,8759,165778
90,1044813046,1283324466,1447856,1281693,8846,166163
91,1046405247,1286209995,1450314,1283774,8896,166540
92,1052256203,1298864270,1458865,1290574,9035,168291
93,1059861818,1304588395,1467262,1298007,9185,169255
94,1059964412,1304588395,1467262,1298007,9185,169255
