BackupID, OnlineSpeed(MB/s), Encalve ProcessTime(s), BackupSize, OnlineSize, OfflineSize, OfflineTime(s)
0, 97.0046, 3.68499, 374824960, 226905966, 226795397, 0.170825
1, 179.481, 1.94604, 366243840, 278105561, 277787259, 0.358306
2, 183.673, 1.90737, 367349760, 328253356, 327688640, 0.692152
3, 185.52, 1.89785, 369192960, 380426241, 372478347, 4.2661
4, 205.359, 1.71166, 368578560, 434459188, 415856379, 10.5735
5, 170.898, 1.69091, 303011840, 476976927, 458640600, 13.3675
6, 96.4152, 4.93086, 498503680, 716423481, 709712121, 4.96465
7, 104.454, 3.192, 349614080, 835939390, 830906670, 6.75371
8, 111.825, 3.13164, 367206400, 945964239, 927827612, 15.4191
9, 603.326, 0.580441, 367206400, 927839400, 927838618, 0.013968
10, 284.866, 1.26571, 378071040, 959967059, 955030762, 7.42849
11, 286.858, 1.03826, 312299520, 974255684, 970955867, 4.98611
12, 175.168, 1.69943, 312145920, 1034966767, 1015762529, 16.5068
13, 431.163, 1.1226, 507535360, 1023703648, 1021320001, 4.95428
14, 200.335, 2.48817, 522680320, 1076930492, 1064889521, 10.2212
15, 222.506, 2.24063, 522772480, 1114912209, 1099904605, 11.9638
16, 140.77, 2.61841, 386498560, 1190455922, 1163281741, 28.3373
17, 259.621, 1.41143, 384235520, 1187112110, 1179962750, 12.7474
18, 277.152, 1.32222, 384256000, 1204956614, 1197874841, 11.2544
19, 287.813, 1.2447, 375644160, 1220299564, 1213564683, 11.6231
20, 295.681, 1.21535, 376811520, 1234215305, 1228013541, 10.8792
21, 310.889, 1.16165, 378685440, 1248573072, 1242403650, 12.1805
22, 578.548, 0.633371, 384235520, 1242420012, 1242420012, 0.002595
23, 632.025, 0.57978, 384235520, 1242430385, 1243235438, 0.268512
24, 196.638, 1.88879, 389447680, 1307614969, 1290023882, 17.0337
25, 373.959, 0.994714, 390051840, 1299575406, 1296707539, 7.97999
26, 381.831, 0.976738, 391065600, 1304609596, 1302230349, 6.67884
27, 203.493, 1.83254, 391024640, 1357892201, 1341192179, 20.5657
28, 358.092, 1.04002, 390512640, 1352338037, 1348993705, 9.03456
29, 141.63, 2.19005, 325242880, 1437322048, 1410819085, 37.0917
30, 161.947, 1.91554, 325283840, 1479287372, 1458743796, 31.7976
31, 404.795, 0.766086, 325171200, 1468869877, 1465826618, 8.6444
32, 374.643, 0.82894, 325642240, 1473786675, 1471396868, 5.61569
33, 392.652, 0.79122, 325765120, 1480144435, 1477516943, 6.1484
34, 247.319, 1.45379, 377016320, 1507934601, 1502459549, 15.2148
35, 297.622, 1.20939, 377425920, 1529174263, 1521157338, 12.4861
36, 294.514, 1.28701, 397455360, 1547285088, 1539445273, 14.2853
37, 167.26, 2.25311, 395161600, 1620784039, 1596381178, 46.032
38, 307.778, 1.22476, 395264000, 1622353208, 1614559586, 15.6533
39, 153.359, 2.03936, 327946240, 1690268081, 1667552735, 31.515
40, 153.244, 1.8761, 301465600, 1725946192, 1708426972, 31.3852
41, 151.376, 1.90221, 301936640, 1773024613, 1753643349, 37.0747
42, 160.316, 1.79681, 302049280, 1819354582, 1799636435, 36.5068
43, 287.485, 1.00338, 302469120, 1814883231, 1810308265, 8.95867
44, 196.319, 1.89778, 390666240, 1884157003, 1862001038, 51.6971
45, 421.287, 0.884405, 390686720, 1871041467, 1868319938, 10.8718
46, 398.448, 0.933383, 389969920, 1878512087, 1875454069, 10.3394
47, 202.031, 1.84508, 390871040, 1941989854, 1922028523, 50.7405
48, 627.25, 0.459876, 302469120, 1922036074, 1922036074, 0.003866
49, 395.214, 0.955747, 396072960, 1939310724, 1935430651, 11.9445
50, 427.474, 0.882752, 395683840, 1944972592, 1942101812, 11.1096
51, 269.745, 1.4608, 413184000, 1980639058, 1974893817, 22.2117
52, 482.94, 0.658807, 333619200, 1982003630, 1979865538, 3.10629
53, 487.215, 0.601614, 307353600, 1988538388, 1985936386, 2.73161
54, 473.497, 0.620095, 307875840, 1995798547, 1992836388, 2.68364
55, 504.325, 0.582384, 307978240, 2001072250, 1998599034, 3.05784
56, 510.009, 0.576698, 308408320, 2006321749, 2004002025, 2.40605
57, 398.832, 0.789977, 330373120, 2015810012, 2012263371, 13.5184
58, 404.707, 0.779234, 330680320, 2024120689, 2020554381, 14.0806
59, 420.471, 0.749787, 330577920, 2031670129, 2028335268, 14.9806
60, 424.103, 0.744402, 331038720, 2038223267, 2035255582, 11.7073
61, 407.131, 0.775721, 331161600, 2045460012, 2042398551, 10.7629
62, 260.441, 1.44335, 394168320, 2078417632, 2067611620, 28.9182
63, 304.167, 1.23936, 395284480, 2097828719, 2088762396, 20.6501
64, 317.297, 1.24828, 415313920, 2118784350, 2109777625, 21.7005
65, 305.21, 1.29061, 413040640, 2139587288, 2130636966, 24.7943
66, 585.467, 0.50237, 308408320, 2130655472, 2130655472, 0.004441
67, 402.761, 0.947004, 399943680, 2145318853, 2140918933, 17.144
68, 211.672, 1.76958, 392765440, 2205421711, 2186066711, 55.0995
69, 387.572, 0.974996, 396236800, 2196519357, 2193377059, 16.4035
70, 631.854, 0.465489, 308408320, 2193396288, 2193390260, 0.036166
71, 144.086, 2.27939, 344381440, 2312222064, 2310868100, 2.63179
72, 239.361, 1.43293, 359649280, 2362150993, 2360347160, 1.89235
73, 318.661, 1.04003, 347514880, 2388243020, 2385149256, 1.6699
74, 516.566, 0.641953, 347719680, 2389265079, 2388040403, 0.58003
75, 325.027, 1.02038, 347760640, 2412472970, 2406129092, 3.48921
76, 409.454, 0.80991, 347729920, 2418401874, 2414715813, 3.94677
77, 286.493, 1.19692, 359567360, 2449091956, 2440440158, 5.3744
78, 463.1, 0.740256, 359464960, 2449611659, 2446851959, 2.7799
79, 267.758, 1.28169, 359854080, 2481060313, 2470793339, 7.80581
80, 399.922, 0.858175, 359874560, 2482098298, 2478704724, 3.92232
81, 413.867, 0.82775, 359219200, 2493419324, 2488998959, 5.09717
82, 221.132, 1.39004, 322314240, 2545944643, 2542370584, 4.55283
83, 293.671, 1.12178, 345436160, 2574132874, 2565809650, 6.99174
84, 337.403, 0.975079, 344975360, 2589380509, 2583667476, 5.04831
85, 326.651, 1.009, 345600000, 2611305781, 2603013131, 9.07293
86, 388.836, 0.844317, 344248320, 2618452693, 2613816498, 7.3852
87, 423.789, 0.774956, 344371200, 2624259312, 2621122308, 5.928
88, 627.762, 0.546367, 359649280, 2621142694, 2621136443, 0.048336
89, 466.735, 0.740977, 362639360, 2636689735, 2635776812, 1.43007
90, 470.918, 0.732612, 361758720, 2647154089, 2644561397, 1.62713
91, 474.54, 0.728378, 362434560, 2653139016, 2650559871, 1.79087
92, 281.502, 1.22838, 362588160, 2679887209, 2671088478, 6.81591
93, 379.753, 0.910415, 362526720, 2683470155, 2679752058, 6.46753
94, 641.453, 0.538846, 362434560, 2679758912, 2679758912, 0.005226
