Backup ID, Ecall, Inline_Ocall, Offline_Ocall, _Inline_FPOcall, _Inline_SFOcall, _Inline_LocalOcall, _Inline_LoadOcall, _Inline_DeltaOcall, _Inline_RecipeOcall, _Inline_Write_ContainerOcall, _inline_have_similar_chunk_num, _inline_need_load_container_num
0,372,1421,6050,370,370,3,265,367,46,59,515,163,
1,738,2557,22369,694,694,7,344,727,91,73,8497,542,
2,1104,3707,51686,1016,1016,14,441,1084,136,87,15924,1070,
3,1471,4842,120119,1334,1334,39,530,1424,181,102,23909,1722,
4,1838,5924,218642,1622,1622,103,626,1725,226,119,31419,2406,
5,2138,6824,344203,1861,1861,175,713,1951,263,136,38484,3016,
6,2624,8666,443217,2340,2340,216,1053,2394,323,203,42236,3531,
7,2956,10245,569183,2666,2666,276,1609,2664,364,236,52403,4180,
8,3302,11659,747750,2992,2992,375,1985,2909,406,266,66214,5045,
9,3648,12065,748416,2999,2999,376,1991,3252,448,268,66226,5053,
10,4023,12859,882581,3151,3151,411,2062,3590,494,278,68544,5409,
11,4331,13540,1006167,3283,3283,435,2135,3872,532,284,70790,5703,
12,4639,14479,1214874,3525,3525,524,2246,4089,570,302,77809,6433,
13,5134,15397,1322098,3674,3674,555,2312,4551,631,305,80530,6765,
14,5647,16791,1500952,4017,4017,606,2446,5011,694,320,91285,7502,
15,6161,18082,1669422,4319,4319,666,2558,5463,757,334,100531,8170,
16,6525,19240,1953438,4652,4652,828,2643,5663,802,358,115639,9397,
17,6886,20061,2123202,4833,4833,912,2699,5938,846,366,123121,10187,
18,7267,20860,2341218,4987,4987,965,2764,6264,893,374,125622,10643,
19,7642,21673,2537697,5143,5143,1016,2846,6586,939,381,128446,11107,
20,8017,22460,2717237,5295,5295,1061,2910,6914,985,388,131290,11533,
21,8393,23246,2898667,5444,5444,1106,2978,7243,1031,395,134185,11956,
22,8754,23667,2898687,5451,5451,1106,2982,7602,1075,397,134196,11964,
23,9115,24084,2911167,5458,5458,1107,2982,7960,1119,399,134214,11976,
24,9499,25063,3155301,5681,5681,1174,3086,8275,1166,417,141128,12579,
25,9883,25977,3330833,5880,5880,1223,3173,8608,1213,421,143995,13105,
26,10268,26876,3503649,6071,6071,1261,3260,8953,1260,424,147174,13581,
27,10652,27843,3729377,6287,6287,1339,3366,9257,1307,439,155191,14219,
28,11035,28732,3915374,6477,6477,1388,3447,9589,1354,443,158099,14714,
29,11351,29795,4297766,6773,6773,1534,3565,9757,1393,467,169565,15881,
30,11667,30786,4597469,7031,7031,1650,3687,9955,1432,486,179909,16776,
31,11983,31428,4765679,7147,7147,1688,3744,10231,1471,490,181964,17111,
32,12299,32078,4907644,7264,7264,1710,3807,10523,1510,493,183949,17392,
33,12616,32723,5061826,7377,7377,1737,3872,10811,1549,497,185940,17684,
34,12971,33378,5222875,7489,7489,1817,3906,11084,1593,506,191986,18627,
35,13326,34035,5328271,7603,7603,1894,3938,11360,1637,514,198780,19270,
36,13699,34699,5481408,7714,7714,1976,3963,11649,1683,522,205767,19908,
37,14069,35805,5876347,8007,8007,2165,4070,11828,1728,544,220674,21514,
38,14439,36482,6064048,8122,8122,2246,4104,12115,1773,552,227329,22241,
39,14759,37478,6426033,8373,8373,2357,4241,12322,1812,573,235892,23107,
40,15052,38421,6741496,8624,8624,2458,4355,12512,1848,589,246251,23923,
41,15346,39407,7090531,8892,8892,2566,4477,12696,1884,607,257407,24839,
42,15640,40385,7451545,9162,9162,2677,4587,12877,1920,625,266607,25707,
43,15934,41274,7641937,9407,9407,2715,4658,13131,1956,630,269841,26139,
44,16317,42211,8160696,9624,9624,2847,4733,13380,2003,650,277228,27265,
45,16700,43138,8327405,9839,9839,2871,4802,13737,2050,654,279196,27567,
46,17083,44036,8572808,10027,10027,2923,4896,14066,2097,658,282026,28107,
47,17467,45173,8985048,10319,10319,3050,5020,14321,2144,676,291539,29269,
48,17761,45756,8985064,10443,10443,3050,5027,14613,2180,678,291557,29277,
49,18150,46523,9206500,10564,10564,3075,5117,14975,2228,684,293322,29614,
50,18539,47275,9437671,10686,10686,3108,5190,15329,2276,688,295418,29955,
51,18924,48000,9678117,10815,10815,3204,5227,15616,2323,699,302775,31008,
52,19250,48605,9785017,10921,10921,3217,5256,15927,2363,702,303768,31129,
53,19549,49440,9844939,11159,11159,3229,5281,16212,2400,706,304655,31238,
54,19848,50225,9884302,11371,11371,3242,5308,16496,2437,710,305640,31346,
55,20148,50793,9962736,11477,11477,3257,5329,16779,2474,714,306595,31462,
56,20448,51238,9985589,11517,11517,3267,5359,17067,2511,717,307601,31570,
57,20769,52221,10211494,11805,11805,3321,5408,17332,2550,721,309620,32040,
58,21090,53156,10423796,12065,12065,3362,5465,17610,2589,725,311666,32382,
59,21411,53808,10578101,12182,12182,3405,5525,17886,2628,729,313786,32751,
60,21733,54465,10723368,12297,12297,3436,5593,18175,2667,733,315911,33073,
61,22055,55123,10881757,12411,12411,3467,5664,18464,2706,737,318080,33404,
62,22425,55980,11243906,12604,12604,3604,5722,18695,2751,748,326971,34989,
63,22796,56680,11462083,12732,12732,3697,5751,18971,2797,757,334891,35879,
64,23185,57402,11663153,12859,12859,3789,5784,19266,2845,766,342756,36702,
65,23571,58478,11892236,13165,13165,3882,5817,19557,2892,775,350637,37706,
66,23871,58892,11892256,13200,13200,3882,5826,19855,2929,777,350651,37717,
67,24263,59654,12153708,13328,13328,3933,5894,20194,2977,782,352504,38176,
68,24650,60646,12664259,13548,13548,4048,6013,20464,3025,800,360381,39011,
69,25039,61606,12910236,13769,13769,4083,6096,20816,3073,804,362341,39398,
70,25339,62018,12911586,13803,13803,4084,6105,21113,3110,806,362362,39414,
71,25673,62896,13077338,14015,14015,4106,6186,21423,3151,837,363875,39673,
72,26022,63811,13153102,14240,14240,4122,6261,21754,3194,851,366275,39962,
73,26360,64633,13202523,14429,14429,4135,6328,22077,3235,859,367803,40189,
74,26698,65336,13220688,14576,14576,4138,6360,22410,3276,862,368690,40284,
75,27036,66087,13308102,14730,14730,4161,6426,22723,3317,870,371095,40585,
76,27374,66916,13424211,14922,14922,4206,6494,23014,3358,875,373224,40963,
77,27723,67790,13515454,15122,15122,4249,6578,23318,3401,885,376250,41395,
78,28071,68576,13552680,15300,15300,4266,6619,23647,3444,889,378144,41591,
79,28420,69505,13702549,15521,15521,4316,6716,23944,3487,899,381670,42106,
80,28769,70375,13755208,15724,15724,4349,6790,24258,3530,903,384133,42438,
81,29117,71166,13816591,15901,15901,4383,6838,24570,3573,908,386571,42714,
82,29432,71962,13974953,16080,16080,4421,6924,24845,3612,924,388142,43103,
83,29768,72752,14097586,16251,16251,4466,6997,25134,3653,933,390355,43479,
84,30103,73526,14194385,16420,16420,4496,7059,25437,3694,940,391971,43789,
85,30439,74370,14359931,16614,16614,4554,7140,25713,3735,948,394932,44319,
86,30773,75147,14445776,16787,16787,4593,7198,26006,3776,953,397540,44712,
87,31107,75910,14517409,16946,16946,4627,7270,26304,3817,957,399634,45075,
88,31456,76561,14520078,17073,17073,4629,7277,26649,3860,959,399651,45087,
89,31808,77322,14573354,17237,17237,4641,7317,26987,3903,964,399945,45216,
90,32159,77939,14642564,17327,17327,4649,7362,27328,3946,968,400863,45334,
91,32510,78534,14686369,17409,17409,4660,7401,27666,3989,972,401889,45460,
92,32862,79392,14818062,17585,17585,4709,7514,27967,4032,981,404515,45950,
93,33213,80209,14959630,17757,17757,4755,7595,28270,4075,986,407593,46346,
94,33564,80758,14959643,17832,17832,4755,7602,28619,4118,988,407609,46357,
