Backup ID, Logical chunk num, Unique chunk num, Base chunk num, Delta chunk num, Logical chunk size, Unique chunk size, Base chunk size, Delta chunk size, LZ4_save size, Delta_save size, 
0,598076,118229,113346,4883,8588886016,1032135022,621318853,6854340,361085125,42876704
1,1195194,131087,123229,7858,17177772032,1171401480,671657313,12738154,414092531,72913482
2,1791173,149943,138674,11269,25766658048,1368358678,757320222,20138634,485145460,105754362
3,2386184,164814,150402,14412,34355544064,1528865472,817954686,27074122,548064539,135772125
4,2980525,182825,164925,17900,42944430080,1719207135,899201105,34573488,616016409,169416133
5,3572942,204438,182753,21685,51533316096,1951922178,994620510,42306826,710345932,204648910
6,4164755,221561,196248,25313,60122202112,2137587443,1066062348,49515835,781709229,240300031
7,4755932,242885,213862,29023,68711088128,2361052678,1164181328,57744455,865343581,273783314
8,5346585,262903,229931,32972,77299974144,2573569874,1250990957,67217168,946390196,308971553
9,5936829,281759,244911,36848,85888860160,2774054407,1331863476,74740120,1022848538,344602273
10,6526705,307464,266118,41346,94477746176,3045410776,1445244323,84155370,1133211206,382799877
11,7117376,326216,281203,45013,103066632192,3242865686,1527801530,91034772,1207919458,416109926
12,7708121,347836,298750,49086,111655518208,3473193093,1622322793,98483876,1298913890,453472534
13,8299588,374837,321284,53553,120244404224,3759205714,1744898135,110003845,1413904367,490399367
14,8891445,396422,338680,57742,128833290240,3992611430,1838909623,118307301,1506063503,529331003
15,9483489,417887,355921,61966,137422176256,4224877819,1930513454,125105151,1599220152,570039062
16,10077606,443648,377273,66375,146011062272,4498147302,2049514176,134514422,1704529854,609588850
17,10672558,470248,399398,70850,154599948288,4782863934,2169904745,142702386,1819280190,650976613
18,11268152,494813,419546,75267,163188834304,5047681626,2280450368,153315322,1923919382,689996554
19,11865051,517318,438029,79289,171777720320,5289461317,2380878645,166370863,2021038837,721172972
20,12462550,542802,458985,83817,180366606336,5563245113,2494189098,168842963,2131990949,768222103
21,13060779,568100,479634,88466,188955492352,5836765923,2606315821,177048274,2241968412,811433416
22,13661032,598836,505529,93307,197544378368,6163336318,2750155490,189869650,2372070454,851240724
23,14263100,625524,527725,97799,206133264384,6450494513,2871126571,203350972,2488560848,887456122
24,14866184,651870,549395,102475,214722150400,6735758417,2986965552,209126803,2606199091,933466971
25,15472152,686885,579176,107709,223311036416,7109281814,3151140895,220115612,2758951660,979073647
26,16079762,719004,606422,112582,231899922432,7452798290,3299291075,230462850,2901915470,1021128895
27,16689366,753044,635185,117859,240488808448,7818860463,3456405590,241733765,3053483216,1067237892
28,17301791,788203,664999,123204,249077694464,8196526159,3619158315,256602825,3210728991,1110036028
29,17916474,824183,695613,128570,257666580480,8581486572,3786361819,271701401,3371636495,1151786857
