Backup ID, FPindex, SFindex, Deltaindex
0,9458320,21490816,211136
1,10486960,23387840,361376
2,11995440,26348992,515840
3,13185120,28600768,654816
4,14626000,31388672,810496
5,16355040,34810240,974208
6,17724880,37400512,1136352
7,19430800,40780992,1296832
8,21032240,43864448,1473440
9,22540720,46739072,1645504
10,24597120,50810112,1841504
11,26097280,53698624,2005920
12,27826880,57067072,2188704
13,29986960,61388608,2385152
14,31713760,64727872,2574432
15,33430960,68037184,2766784
16,35491840,72135360,2963008
17,37619840,76382720,3163264
18,39585040,80250560,3362272
19,41385440,83797760,3543008
20,43424160,87820480,3746592
21,45448000,91784896,3959616
22,47906880,96755712,4178400
23,50041920,101015616,4380800
24,52149600,105175552,4592288
25,54950800,110891648,4828448
26,57520320,116122624,5044960
27,60243520,121644288,5283456
28,63056240,127367104,5522368
29,65934640,133243904,5761952
