Backup ID, Online Delta_save, Offline Delta_save, Offline delta time, Offline dedelta time, Offline delete time, Offline Delta chunk num
0,42876704,0,0,0,0,0
1,71431340,1482142,1899,1803,18,96
2,104272220,1482142,1899,1803,18,96
3,134289983,1482142,1899,1803,18,96
4,166357773,3058360,7112,6889,54,223
5,197585609,7063301,15732,15220,124,512
6,230369061,9930970,25351,24604,201,747
7,259553075,14230239,37064,35863,310,1201
8,290736560,18234993,50570,48828,424,1742
9,322393488,22208785,64656,62533,548,2123
10,356236481,26563396,81081,78516,698,2565
11,386629227,29480699,92192,89323,821,2869
12,420693912,32778622,107192,104046,936,3146
13,455394742,35004625,123754,120060,1090,3694
14,490562533,38768470,140858,136800,1236,4058
15,524548174,45490888,160403,155804,1426,4599
16,559843497,49745353,179988,174882,1599,5106
17,597116701,53859912,201835,196367,1764,5468
18,634265681,55730873,224683,218869,1938,5814
19,667343896,53829076,246312,240118,2098,6194
20,704181670,64040433,271051,264498,2296,6553
21,744731795,66701621,296732,289982,2431,6750
22,784174637,67066087,324720,317585,2651,7135
23,821258778,66197344,354218,346667,2846,7551
24,861554045,71912926,379083,371313,3024,7770
25,902698684,76374963,410793,402502,3268,8291
26,941041665,80087230,442689,434007,3494,8682
27,986026968,81210924,472877,464038,3664,8839
28,1029446044,80589984,504927,495777,3895,9150
29,1072765168,79021689,528616,519242,4060,9374
