BackupID, OnlineSpeed(MB/s), Encalve ProcessTime(s), BackupSize, OnlineSize, OfflineSize, OfflineTime(s)
0, 428.475, 19.1166, 8588886016, 628173193, 628173193, 0.001129
1, 703.308, 11.6464, 8588886016, 684905784, 684395467, 1.88564
2, 621.243, 13.1849, 8588886016, 777458856, 777458856, 0.001255
3, 645.388, 12.6916, 8588886016, 845028808, 845028808, 0.001333
4, 666.145, 12.2961, 8588886016, 934096760, 933774593, 4.51137
5, 635.262, 12.8939, 8588886016, 1038094558, 1036927336, 7.5714
6, 674.647, 12.1412, 8588886016, 1116449771, 1115578183, 8.3171
7, 643.562, 12.7276, 8588886016, 1222105902, 1221925783, 10.3759
8, 648.23, 12.6359, 8588886016, 1317882144, 1318208125, 12.0034
9, 653.085, 12.542, 8588886016, 1407408445, 1406603596, 12.3007
10, 624.608, 13.1138, 8588886016, 1530133800, 1529399693, 14.1964
11, 643.092, 12.7369, 8588886016, 1619602405, 1618836302, 9.77648
12, 624.031, 13.126, 8588886016, 1721834255, 1720806669, 11.9043
13, 583.23, 14.0442, 8588886016, 1852859287, 1854901980, 14.2307
14, 628.693, 13.0286, 8588886016, 1958158790, 1957216924, 14.5549
15, 575.912, 14.2227, 8588886016, 2058133787, 2055618605, 17.2788
16, 618.7, 13.2391, 8588886016, 2184639635, 2184028598, 17.0532
17, 600.672, 13.6364, 8588886016, 2314097007, 2312607131, 18.0651
18, 610.926, 13.4075, 8588886016, 2433100988, 2433765690, 19.3815
19, 623.545, 13.1362, 8588886016, 2542618782, 2547249508, 17.8551
20, 597.006, 13.7201, 8588886016, 2670673335, 2663032061, 20.3684
21, 596.898, 13.7226, 8588886016, 2784542957, 2783364095, 20.4167
22, 574.602, 14.2551, 8588886016, 2937735857, 2940025140, 23.1692
23, 586.791, 13.959, 8588886016, 3070726212, 3074477543, 24.1098
24, 586.016, 13.9774, 8588886016, 3200494879, 3196092355, 20.2083
25, 557.789, 14.6848, 8588886016, 3372067286, 3371256507, 26.6125
26, 566.801, 14.4513, 8588886016, 3530691461, 3529753925, 26.0253
27, 548.834, 14.9244, 8588886016, 3698303871, 3698139355, 24.1411
28, 550.975, 14.8664, 8588886016, 3872938607, 3875761140, 26.3838
29, 544.988, 15.0297, 8588886016, 4055000985, 4058063220, 18.9767
