Backup ID, Ecall, Inline_Ocall, Offline_Ocall, _Inline_FPOcall, _Inline_SFOcall, _Inline_LocalOcall, _Inline_LoadOcall, _Inline_DeltaOcall, _Inline_RecipeOcall, _Inline_Write_ContainerOcall, _inline_have_similar_chunk_num, _inline_need_load_container_num
0,4675,8577,5,1143,1143,0,1034,4673,584,159,6586,1364,
1,9342,15113,24538,1693,1693,2,1222,9336,1167,174,9561,2260,
2,14001,21747,24543,2278,2278,2,1447,13993,1749,198,13018,3389,
3,18652,28384,24548,2860,2860,2,1690,18642,2330,216,16161,4622,
4,23298,35103,77363,3457,3457,6,1991,23282,2910,239,19650,6106,
5,27929,41985,163553,4097,4097,15,2386,27902,3488,267,23438,7804,
6,32555,48843,257087,4706,4706,23,2825,32518,4065,288,27067,9490,
7,37176,55760,381342,5354,5354,38,3250,37122,4642,315,30778,11213,
8,41793,62824,512890,6007,6007,55,3817,41720,5218,340,34730,13161,
9,46407,69856,653662,6660,6660,71,4355,46316,5794,363,38610,15039,
10,51018,77116,819870,7378,7378,87,4994,50909,6370,395,43111,17169,
11,55635,84353,949938,8054,8054,100,5688,55511,6946,419,46844,19043,
12,60253,91667,1085224,8756,8756,113,6406,60114,7522,447,50918,21140,
13,64876,99115,1258694,9522,9522,132,7124,64716,8099,482,55415,23352,
14,69502,106469,1425636,10255,10255,146,7811,69326,8676,510,59605,25534,
15,74130,113931,1631236,11004,11004,170,8571,73928,9254,536,63829,27843,
16,78774,121429,1825837,11796,11796,191,9263,78549,9834,570,68238,30064,
17,83425,129080,2022027,12610,12610,207,10056,83182,10415,604,72713,32442,
18,88081,136722,2228859,13426,13426,222,10831,87821,10996,636,77131,34769,
19,92747,144272,2420945,14223,14223,234,11541,92473,11578,664,81153,36941,
20,97417,152159,2648671,15093,15093,250,12437,97125,12161,696,85681,39450,
21,102093,160220,2837308,16029,16029,260,13368,101789,12745,728,90330,42017,
22,106785,168340,3094092,17015,17015,278,14240,106461,13331,768,95171,44675,
23,111491,176449,3334696,18021,18021,295,15046,111148,13918,802,99664,47065,
24,116205,184660,3552396,19026,19026,307,15947,115848,14506,835,104340,49709,
25,120942,193198,3838789,20108,20108,330,16995,120560,15097,880,109574,52706,
26,125691,201800,4111221,21291,21291,349,17891,125288,15690,921,114447,55395,
27,130456,210548,4344106,22507,22507,359,18849,130041,16285,964,119727,58250,
28,135243,219510,4627880,23772,23772,376,19898,134809,16883,1009,125075,61267,
29,140048,228614,4834182,25105,25105,386,20933,139602,17483,1056,130441,64262,
