Backup ID, Logical chunk num, Unique chunk num, Base chunk num, Delta chunk num, Logical chunk size, Unique chunk size, Base chunk size, Delta chunk size, LZ4_save size, Delta_save size, 
0,24641,24495,24461,34,208250880,207122891,100522795,132661,106250527,216908
1,49838,39626,31436,8190,420976640,343883169,130445276,1751231,137248341,74438321
2,75769,54678,37457,17221,640409600,480951594,155751877,3861476,164222580,157115661
3,102154,69374,43214,26160,864501760,615776387,180403269,6261210,189806634,239305274
4,128934,85204,50245,34959,1092659200,760639837,210542292,8602001,221344843,320150701
5,156457,101934,57522,44412,1326612480,913110906,241648936,11728051,253580683,406153236
6,184290,118788,64265,54523,1563217920,1067086366,270494893,15052592,283293736,498245145
7,212510,136407,71816,64591,1803356160,1227283855,302861674,18849079,316735949,588837153
8,241451,155151,79825,75326,2049822720,1397466120,337211236,22742553,351800324,685712007
9,270745,172102,86783,85319,2300139520,1554665685,367580484,25648948,383348650,778087603
10,300593,189672,94355,95317,2554542080,1715971804,399867739,28842876,417376644,869884545
11,331389,208165,102686,105479,2817464320,1885698253,435220676,32453460,454774793,963249324
12,362473,226816,110608,116208,3082168320,2056620195,469111413,36423748,489948375,1061136659
13,394467,248136,120131,128005,3355002880,2249505687,509902274,41776666,532071409,1165755338
14,427730,269719,130382,139337,3639654400,2446105951,553891278,46411057,578000477,1267803139
15,461573,291289,139625,151664,3929231360,2642868685,593356957,51659272,619319901,1378532555
16,495907,313484,150998,162486,4223057920,2845343213,642110709,56555760,670792918,1475883826
17,533891,338250,165553,172697,4533319680,3055374134,698523892,61480027,731327502,1564042713
18,573226,363914,178362,185552,4869498880,3288730076,752890663,66841000,790140413,1678858000
19,614460,390057,190325,199732,5222645760,3527677934,803546573,72048274,844444874,1807638213
20,657190,416136,201302,214834,5588357120,3767058441,849580112,77062352,894192357,1946223620
21,701984,444128,213683,230445,5970749440,4022803683,901172827,82423142,950773272,2088434442
22,748244,472329,225591,246738,6365849600,4281805935,951328227,88206266,1005122372,2237149070
23,795533,500237,237864,262373,6770524160,4539452538,1003293830,94163918,1061062717,2380932073
24,843831,528928,250432,278496,7183421440,4803542209,1055901109,99233631,1118630959,2529776510
25,892453,557325,263036,294289,7597076480,5064122709,1108303767,104562947,1175681223,2675574772
26,943081,588339,276950,311389,8028426240,5347599334,1165992803,110901737,1239641437,2831063357
27,994732,617593,289252,328341,8468920320,5618093235,1217731048,115987248,1296271761,2988103178
28,1047519,648825,303377,345448,8918517760,5905656166,1277012021,121788679,1361405284,3145450182
29,1100481,678191,313874,364317,9369497600,6177498332,1321210104,135933783,1408819449,3311534996
30,1161683,730293,353937,376356,9891061760,6631310292,1484242138,150379529,1591199464,3405489161
31,1224165,764459,365998,398461,10425190400,6949135668,1534632360,155855716,1647434698,3611212894
32,1287906,799067,377549,421518,10969159680,7270247371,1582367597,161230764,1700130226,3826518784
33,1352398,833924,390547,443377,11518976000,7592912324,1636131261,167031404,1759604321,4030145338
34,1418053,869731,405803,463928,12079032320,7925229976,1699473335,172919557,1830468867,4222368217
35,1485051,906885,421754,485131,12650547200,8269312100,1765581765,179132803,1905107362,4419490170
36,1552883,943650,437712,505938,13229209600,8610980264,1832112861,185512750,1980094574,4613260079
37,1620506,980487,453890,526597,13805813760,8953041890,1899682871,191732531,2056105918,4805520570
38,1688546,1017268,469443,547825,14386237440,9294603528,1965170253,197741873,2128778304,5002913098
39,1757006,1054333,485355,568978,14970695680,9640069539,2032189309,204734571,2203653294,5199492365
40,1810412,1083547,498718,584829,15425167360,9911406345,2088868320,212569542,2266243635,5343724848
41,1864540,1113534,512479,601055,15886080000,10189212551,2147581838,218808362,2330418176,5492404175
42,1919273,1143338,525942,617396,16352163840,10465661096,2204908069,225240856,2393401665,5642110506
43,1974837,1173737,539374,634363,16824729600,10747386683,2262389689,232782345,2456037545,5796177104
44,2031182,1204027,553103,650924,17304453120,11028976023,2320790669,239780950,2520412713,5947991691
45,2088613,1233728,566469,667259,17793658880,11306693526,2378047916,245596700,2583823467,6099225443
46,2147190,1264387,580302,684085,18292684800,11593204633,2437167843,252284169,2649629804,6254122817
47,2206496,1294554,594190,700364,18798346240,11876362472,2496902491,258050900,2715667768,6405741313
48,2266715,1323504,607572,715932,19312179200,12150398334,2554883773,262163869,2780521365,6552829327
49,2335940,1359838,621672,738166,19902177280,12489094108,2614051632,281462290,2846972876,6746607310
50,2419066,1426420,668549,757871,20615280640,13077690238,2800254435,300759118,3069585855,6907090830
51,2503193,1471068,682804,788264,21337559040,13492750308,2858967118,309578996,3135833741,7188370453
52,2593570,1520912,702341,818571,22117294080,13956496725,2929474854,318442384,3239741456,7468838031
53,2687808,1568890,721490,847400,22935326720,14407514754,3004491202,326473349,3337589242,7738960961
54,2782874,1615142,740386,874756,23760384000,14838437071,3082153261,338677205,3426111337,7991495268
55,2878878,1662942,761153,901789,24594739200,15284296250,3168347908,348384397,3523983990,8243579955
56,2975128,1710128,781596,928532,25430681600,15725714597,3252713335,357984690,3622199304,8492817268
57,3070965,1757037,801978,955059,26264494080,16164609531,3336890738,366581062,3720473500,8740664231
58,3166442,1803100,822160,980940,27094425600,16595252208,3421272804,375473586,3816727560,8981778258
59,3262959,1849992,842535,1007457,27933890560,17033027647,3506062316,385163508,3913144945,9228656878
60,3332759,1886832,860189,1026643,28529817600,17377600787,3581084080,391286332,3997161236,9408069139
61,3430872,1934164,881372,1052792,29384591360,17821510252,3668807548,402496542,4099806108,9650400054
62,3504712,1972423,899212,1073211,30015549440,18178220181,3744456397,409341158,4184551351,9839871275
63,3579605,2009807,915957,1093850,30656389120,18529206646,3815996103,416184208,4265132630,10031893705
64,3655420,2047926,933029,1114897,31304744960,18886528805,3888592468,424565071,4346962200,10226409066
65,3732183,2085663,950035,1135628,31962798080,19242462056,3961727548,431418270,4429276760,10420039478
66,3809922,2124329,967640,1156689,32629002240,19606090117,4037326913,438626799,4513929539,10616206866
67,3888789,2162403,984908,1177495,33305978880,19966345083,4112000024,444644560,4597611640,10812088859
68,3968924,2200450,1002265,1198185,33992949760,20325995601,4186767900,450681821,4681465994,11007079886
69,4050053,2237353,1019399,1217954,34688532480,20677381896,4261180125,455510764,4765680838,11195010169
70,4149217,2284535,1036093,1248442,35551836160,21119663880,4329125304,488507090,4846928372,11455103114
71,4265450,2371143,1098370,1272773,36571084800,21893659608,4565312431,535903313,5158576364,11633867500
72,4386386,2425654,1115828,1309826,37635307520,22408755401,4630970824,546329008,5248924735,11982530834
73,4508081,2477154,1131971,1345183,38705633280,22895215145,4696532844,556901077,5326490534,12315290690
74,4632072,2531806,1153739,1378067,39797422080,23410168790,4783464806,566539857,5434232289,12625931838
75,4732223,2578458,1179338,1399120,40669081600,23848856535,4892069629,558706954,5558137943,12839942009
76,4832181,2625447,1195141,1430306,41540311040,24291221580,4956369180,593632446,5633564137,13107655817
77,4936619,2671964,1215585,1456379,42453647360,24729783746,5041292837,604229868,5731884472,13352376569
78,5043629,2718584,1236641,1481943,43391784960,25170334985,5129318289,612977218,5834240513,13593798965
79,5152164,2765822,1258091,1507731,44339476480,25614745161,5217803314,621304579,5938683087,13836954181
80,5261707,2811976,1278853,1533123,45297090560,26053001409,5304810867,628918723,6040616960,14078654859
81,5372102,2858319,1299769,1558550,46262865920,26494109032,5393300214,636374813,6143659411,14320774594
82,5484739,2905801,1321244,1584557,47246745600,26944336428,5483123947,645086679,6248467925,14567657877
83,5615274,2974727,1380061,1594666,48257761280,27443678836,5671811766,661194271,6466688118,14643984681
84,5746948,3029093,1397491,1631602,49277388800,27828197717,5723139539,669923706,6528066637,14907067835
85,5878524,3079049,1404756,1674293,50296289280,28176859675,5741905545,677071291,6552410761,15205472078
86,6010103,3128955,1415184,1713771,51315240960,28525163481,5770404754,681873722,6588361531,15484523474
87,6141701,3178812,1434992,1743820,52334305280,28872958077,5827001566,682778030,6657218337,15705960144
88,6273302,3228688,1455071,1773617,53353441280,29220978790,5884354512,683892692,6727017497,15925714089
89,6404919,3278502,1478168,1800334,54372648960,29568467799,5950787821,685767271,6807240742,16124671965
90,6536540,3328324,1501631,1826693,55391866880,29916062621,6018394765,687252296,6888769574,16321645986
91,6668160,3378140,1519113,1859027,56411105280,30263561394,6067642400,706428484,6949297057,16540193453
92,6804565,3431960,1547620,1884340,57475010560,30644138614,6154430706,702506986,7051483722,16735717200
93,6940979,3482283,1570903,1911380,58538915840,30995265413,6221777539,703664285,7132812190,16937011399
94,7077386,3532627,1593935,1938692,59602872320,31346808615,6288684615,705334886,7213380799,17139408315
95,7213812,3582970,1617739,1965231,60666920960,31698289312,6357676435,707702271,7296725428,17336185178
96,7350241,3633269,1641924,1991345,61731000320,32049460760,6428084713,709577566,7381529935,17530268546
97,7486674,3683528,1666268,2017260,62795130880,32400320490,6498807524,711148123,7466818271,17723546572
98,7623116,3733785,1690526,2043259,63859322880,32751090403,6569284333,713180699,7551788461,17916836910
99,7759591,3784184,1706055,2078129,64923535360,33102591715,6613487233,743302969,7606254790,18139546723
100,7896734,3837918,1729813,2108105,65993605120,33482551991,6685876706,756462426,7691298167,18348914692
101,8033918,3888530,1758221,2130309,67063715840,33836062449,6769716368,742881052,7792339698,18531125331
102,8171098,3939120,1783948,2155172,68133888000,34189542680,6845825667,741372131,7883603983,18718740899
103,8308293,3989691,1808596,2181095,69204070400,34542631238,6918395128,742444703,7970851569,18910939838
104,8445492,4040213,1833514,2206699,70274324480,34895496730,6991538987,744033049,8059002847,19100921847
105,8582680,4090615,1857895,2232720,71344588800,35247383444,7062925637,745495300,8145153043,19293809464
106,8719869,4141100,1882685,2258415,72414894080,35599950429,7135455826,747356948,8232522966,19484614689
107,8857075,4191540,1907308,2284232,73485209600,35952016244,7207466931,749023444,8319196628,19676329241
108,8994276,4241970,1919854,2322116,74555525120,36304049595,7243294893,786711108,8364038328,19910005266
109,9133868,4296766,1952452,2344314,75646996480,36692624072,7344526577,772692515,8483146517,20092258463
110,9273476,4347897,1976949,2370948,76738498560,37049737902,7417306844,773981337,8570343960,20288105761
111,9413087,4398892,2001414,2397478,77830031360,37405820556,7489487421,775234858,8657264698,20483833579
112,9552710,4449914,2024697,2425217,78921687040,37762308541,7558064364,777083725,8740155350,20687005102
113,9692345,4500877,2049598,2451279,80013373440,38118104505,7631406596,778928513,8828430520,20879338876
114,9831983,4551835,2073257,2478578,81105090560,38473884103,7700952262,781031708,8912117665,21079782468
115,9971637,4602922,2098751,2504171,82196858880,38830540205,7777526007,782877619,9004130058,21266006521
116,10111284,4653852,2109025,2544827,83288637440,39186071420,7806934925,828771696,9040967400,21509397399
117,10254480,4719071,2147590,2571481,84415191040,39665633935,7930351601,812427493,9195442414,21727412427
118,10397681,4770973,2172936,2598037,85541744640,40028724542,8005468761,812408722,9286037983,21924809076
119,10540871,4822680,2198201,2624479,86668339200,40390617824,8080318722,813819819,9376320154,22120159129
120,10684073,4874361,2223518,2650843,87794995200,40752012280,8155265363,815530178,9466854020,22314362719
121,10827281,4926037,2248741,2677296,88921692160,41113288654,8229351154,817679075,9556721412,22509537013
122,10970483,4977636,2273011,2704625,90048409600,41473895648,8300474600,819020033,9643170773,22711230242
123,11113686,5029199,2298490,2730709,91175137280,41834152531,8375433261,821216278,9734002065,22903500927
124,11256922,5081046,2306918,2774128,92301875200,42196440001,8399313674,873489358,9764375177,23159261792
125,11401515,5143663,2346303,2797360,93438638080,42646913920,8526570084,849377150,9911869094,23359097592
126,11546098,5195868,2372219,2823649,94575441920,43011697796,8603927422,848935386,10004992257,23553842731
127,11690685,5248179,2397847,2850332,95712296960,43377614779,8680394867,850288052,10097167411,23749764449
128,11835284,5300501,2423256,2877245,96849203200,43743443888,8756423317,851952448,10188257844,23946810279
129,11979903,5352677,2448856,2903821,97986140160,44107982046,8832320913,854338275,10280132317,24141190541
130,12124509,5404840,2474382,2930458,99123118080,44472661525,8908206814,855518808,10371755292,24337180611
131,12269135,5456984,2498567,2958417,100260126720,44837198007,8979889045,858353653,10458190344,24540764965
132,12413757,5509206,2504962,3004244,101397145600,45202159037,8997934509,917877687,10481330734,24805016107
133,12560306,5573743,2546321,3027422,102548971520,45669972107,9132776293,889485198,10639403832,25008306784
134,12706853,5626534,2572781,3053753,103700848640,46039405097,9212787415,888957880,10735558985,25202100817
135,12853388,5679316,2597829,3081487,104852684800,46408795222,9287880921,891206149,10826199767,25403508385
136,12999928,5732016,2623058,3108958,106004572160,46777402158,9363448116,892863312,10917581941,25603508789
137,13146491,5784871,2648693,3136178,107156520960,47147233419,9440034566,895209555,11010216470,25801772828
138,13293046,5837477,2674603,3162874,108308500480,47515049838,9517138821,896664339,11103542195,25997704483
139,13439601,5890056,2700274,3189782,109460500480,47882533659,9593505396,898484489,11196123896,26194419878
140,13586157,5942529,2724414,3218115,110612520960,48249044660,9664895398,900873874,11282743740,26400531648
141,13732717,5995056,2728211,3266845,111764551680,48616124200,9674776714,970099405,11296315092,26674932989
142,13880344,6058499,2770726,3287773,112924149760,49073860100,9813655908,935164947,11457266223,26867773022
143,14027988,6111925,2797587,3314338,114083829760,49447891995,9894845045,933939172,11554958279,27064149499
144,14175645,6165186,2823501,3341685,115243581440,49820445302,9972705568,935690476,11648902673,27263146585
145,14323303,6218305,2849319,3368986,116403353600,50191733991,10049895799,937494800,11742136604,27462206788
146,14470960,6271425,2875060,3396365,117563146240,50563113252,10126731383,939859809,11834912195,27661609865
147,14618628,6324581,2901149,3423432,118722969600,50934898919,10204540185,941465181,11929383489,27859510064
148,14766300,6377676,2927270,3450406,119882823680,51306102127,10282453123,943441818,12023619304,28056587882
149,14913989,6430735,2953239,3477496,121042739200,51676783287,10359637907,946038512,12117076216,28254030652
150,15061697,6483725,2956675,3527050,122202654720,52046653921,10368349158,1020971796,12129221959,28528111008
151,15215081,6551594,3001844,3549750,123417743360,52542126172,10512315411,986325462,12309549518,28733935781
152,15368526,6606120,3028429,3577691,124632862720,52923284157,10592581825,987420503,12406174430,28937107399
153,15521904,6659947,3055412,3604535,125848002560,53299309398,10673786336,986854922,12504470275,29134197865
154,15675282,6713636,3080676,3632960,127063162880,53674073370,10748980641,988851361,12595915059,29340326309
155,15828675,6767498,3106839,3660659,128278353920,54050239508,10826934210,991250103,12690760373,29541294822
156,15982054,6821147,3133714,3687433,129493575680,54424765409,10907156222,991951174,12787977641,29737680372
157,16135440,6874760,3160001,3714759,130708828160,54798978754,10985361818,994046141,12883028898,29936541897
158,16288844,6928446,3162580,3765866,131924111360,55173626794,10991479441,1070400975,12892166494,30219579884
159,16447881,6997829,3209232,3788597,133193082880,55683897240,11139269115,1034224208,13083210097,30427193820
160,16606926,7052409,3236426,3815983,134462105600,56065143765,11221621465,1032673519,13182415164,30628433617
161,16765974,7106802,3262507,3844295,135731159040,56444802879,11300139137,1033553751,13277527120,30833582871
162,16925032,7161385,3288585,3872800,137000273920,56826044878,11378461571,1036339138,13372521562,31038722607
163,17084103,7215812,3314894,3900918,138269419520,57205869603,11457087876,1038581632,13467737895,31242462200
164,17243196,7270287,3341660,3928627,139538606080,57586041595,11536814724,1039505454,13564688764,31445032653
165,17402274,7324836,3367080,3957756,140807864320,57967173406,11612553160,1041125973,13656653617,31656840656
166,17561357,7379256,3393218,3986038,142077163520,58347083586,11690364219,1044678435,13751391521,31860649411
167,17720447,7433609,3395729,4037880,143346462720,58726475359,11696151570,1128132719,13760095651,32142095419
168,17886817,7504752,3415599,4089153,144686612480,59254482293,11755964150,1182087245,13853927759,32462503139
169,18053209,7560224,3440346,4119878,146026874880,59642371034,11828987460,1191620679,13943714948,32678047947
170,18219602,7615541,3465849,4149692,147367178240,60028979932,11904355758,1196655089,14036022305,32891946780
171,18386010,7670761,3491999,4178762,148707522560,60414563771,11981581962,1201361280,14130792968,33100827561
172,18552417,7725971,3518033,4207938,150047897600,60800172108,12058392442,1203944466,14224580763,33313254437
173,18718807,7781013,3544105,4236908,151388272640,61184458625,12135026581,1206921921,14318760836,33523749287
174,18885225,7836302,3571007,4265295,152728668160,61570577496,12214429270,1210172240,14415875167,33730100819
175,19051640,7891501,3590850,4300651,154069084160,61956043340,12272417411,1232981218,14487606329,33963038382
176,19220179,7958927,3623441,4335486,155427061760,62443904441,12377111200,1237773967,14613548272,34215471002
177,19388737,8014877,3649694,4365183,156785070080,62834909536,12454748696,1239423717,14708373564,34432363559
178,19557303,8070715,3676922,4393793,158143150080,63225012328,12535190807,1242648792,14806944934,34640227795
179,19725862,8126473,3704095,4422378,159501301760,63614575920,12615543796,1244507525,14905376058,34849148541
180,19894446,8182287,3731225,4451062,160859504640,64004795765,12695839125,1247819145,15003805370,35057332125
181,20063015,8238008,3758098,4479910,162217748480,64394128344,12775176803,1249245056,15101217797,35268488688
182,20231579,8293687,3785375,4508312,163576023040,64783161592,12855876123,1251859369,15200053540,35475372560
183,20400159,8349256,3810908,4538348,164934318080,65171073852,12930779706,1255250367,15292319183,35692724596
184,20568769,8405097,3826917,4578180,166292643840,65560730580,12977794182,1294010813,15350808736,35938116849
185,20738884,8474319,3863824,4610495,167663482880,66060826530,13094248491,1289714329,15495234687,36181629023
186,20909007,8530654,3890844,4639810,169034342400,66453771629,13172954994,1290938611,15592836854,36397041170
187,21079149,8586848,3918893,4667955,170405335040,66846099255,13255579546,1292464299,15694233883,36603821527
188,21249296,8643194,3946249,4696945,171776348160,67239456128,13336217499,1295470940,15792996763,36814770926
189,21419516,8699712,3972561,4727151,173147402240,67633595012,13413302208,1300875475,15887377032,37032040297
190,21589668,8755882,4000896,4754986,174518487040,68025605366,13496724195,1300990959,15989722450,37238167762
191,21759830,8812170,4028529,4783641,175889612800,68418780233,13577947642,1302600510,16089559986,37448672095
192,21930000,8868495,4055907,4812588,177260769280,68811767293,13658285848,1305168104,16188301565,37660011776
193,22100177,8924695,4068219,4856476,178631946240,69203938386,13693595639,1354643928,16232926520,37922772299
194,22271074,8992244,4106369,4885875,180008775680,69690705773,13816025637,1342504331,16378690108,38153485697
195,22441790,9048642,4135220,4913422,181384151040,70084352759,13900971006,1340986743,16483145744,38359249266
196,22612511,9105227,4162263,4942964,182759546880,70479646678,13980680342,1343532792,16581195204,38574238340
197,22783370,9163082,4189576,4973506,184135034880,70884113696,14061132924,1350705914,16681071699,38791203159
198,22954098,9219404,4217481,5001923,185510543360,71277231023,14142970939,1350038166,16782188926,39002032992
199,23124824,9275749,4245633,5030116,186886082560,71670617640,14225829088,1351363914,16884107573,39209317065
200,23295551,9332065,4273203,5058862,188261662720,72063721272,14306811614,1353688675,16984145556,39419075427
201,23466280,9388353,4282681,5105672,189637253120,72456450053,14333773491,1410284227,17018589723,39693802612
202,23639562,9457474,4323479,5133995,191035084800,72958078126,14462886143,1392865148,17179570093,39922756742
203,23812842,9514409,4352430,5161979,192432936960,73355640238,14547980979,1391086872,17284378521,40132193866
204,23986132,9571470,4380042,5191428,193830850560,73754512241,14629261261,1393861878,17384719149,40346669953
205,24159416,9628351,4407736,5220615,195228815360,74151741452,14710652410,1396623119,17484893228,40559572695
206,24332721,9685313,4435048,5250265,196626831360,74549606383,14790817985,1400303220,17583605101,40774880077
207,24506020,9742188,4463612,5278576,198024888320,74946933668,14874761549,1399924149,17687193382,40985054588
208,24679332,9799081,4491120,5307961,199422986240,75344383951,14955470727,1402094897,17786870701,41199947626
209,24852683,9856049,4498023,5358026,200821135360,75742099691,14974556694,1469324030,17811663003,41486555964
