Backup ID, FPindex, SFindex, Deltaindex
0,1959600,4687040,1728
1,3170080,6024896,522144
2,4374240,7179904,938976
3,5549920,8281728,1321216
4,6816320,9546560,1687712
5,8154720,10920960,2097248
6,9503040,12206016,2535456
7,10912560,13613632,2960032
8,12412080,15070976,3421504
9,13768160,16145792,3823264
10,15173760,17314752,4217472
11,16653200,18665856,4625600
12,18145280,20065600,5081568
13,19850880,21880576,5592032
14,21577520,23834304,6076320
15,23303120,25592320,6615200
16,25078720,27762368,7078208
17,27060000,30535872,7530048
18,29113120,32968128,8092032
19,31204560,35246912,8719840
20,33290880,37338752,9363072
21,35530240,39655296,10009056
22,37786320,41825280,10685952
23,40018960,43731648,11295840
24,42314240,45713664,11940960
25,44586000,47632896,12558656
26,47067120,50015104,13261856
27,49407440,51911936,13934784
28,51906000,53945984,14587104
29,54255280,55722240,15374848
30,58423440,63399488,15883872
31,61156720,65707904,17089440
32,63925360,67913152,18045920
33,66713920,69904064,18858240
34,69578480,72004928,19602656
35,72550800,74270976,20408064
36,75492000,76379264,21183680
37,78438960,78488256,21950912
38,81381440,80336320,22745248
39,84346640,82384320,23536000
40,86683760,83981824,24047936
41,89082720,85615040,24617184
42,91467040,87124096,25204000
43,93898960,88666432,25817184
44,96322160,90159104,26392768
45,98698240,91412736,26948736
46,101150960,92763712,27516192
47,103564320,93868416,28005088
48,105880320,94673408,28362272
49,108787040,96568960,29230976
50,114113600,105520768,30086432
51,117685440,108240512,31654240
52,121672960,111816704,32880768
53,125511200,114632832,33944864
54,129211360,117291968,34951232
55,133035360,119852992,35927712
56,136810240,122366976,36913984
57,140562960,125002432,37924384
58,144248000,127365696,38877120
59,147999360,129885696,39873120
60,150946560,131608576,40397440
61,154733120,134154880,41356512
62,157793840,135970752,42064416
63,160784560,137529152,42773504
64,163834080,139074560,43488416
65,166853040,140418368,44163936
66,169946320,141901824,44855712
67,172992240,143125696,45487328
68,176036000,144345984,46090208
69,178988240,145269440,46457568
70,182762800,147909952,47735808
71,189691440,159796096,48839840
72,194052320,163126400,50822560
73,198172320,165696960,52187008
74,202544480,168587136,53346464
75,206276640,170637888,53596128
76,210035760,173213056,54918080
77,213757120,175198080,55766848
78,217486720,177023936,56591872
79,221265760,178870912,57446944
80,224958080,180392256,58238784
81,228665520,181852032,59012544
82,232464080,183350016,59776864
83,237978160,194611712,60309728
84,242327440,197950592,62535488
85,246323920,199274304,64282720
86,250316400,200303936,65466496
87,254304960,201104384,65611616
88,258295040,201799872,66277280
89,262280160,202545792,66778496
90,266265920,203188736,67408544
91,270251200,203738368,68612096
92,274556800,205669760,69260864
93,278582640,206321408,70133312
94,282610160,206918080,70981216
95,286637600,207509440,71773152
96,290661520,208216448,72570944
97,294682240,208705408,73328000
98,298702800,209157568,74126816
99,302734720,209716288,75542400
100,307033440,211450112,76528544
101,311082400,212176256,76251616
102,315129600,212733376,77069280
103,319175280,213217664,77937568
104,323217040,213718464,78751104
105,327249200,214101952,79587264
106,331288000,214651520,80394720
107,335323200,215001088,81220000
108,339357600,215374272,82811520
109,343741280,217125504,82942368
110,347831760,217690240,83884096
111,351911360,218132928,84732992
112,355993120,218521088,85666784
113,360070160,218929856,86390688
114,364146800,219354048,87302144
115,368233760,220222528,88190816
116,372308160,220746816,89898176
117,377525680,223609216,90298528
118,381677840,224202624,91093536
119,385814400,224661312,91880096
120,389948880,225070720,92655776
121,394082960,225532864,93511008
122,398210880,225908544,94404320
123,402335920,226291904,95141632
124,406483680,226704832,97078592
125,411493040,229046016,96991200
126,415669440,229632512,97835360
127,419854320,230039808,98678592
128,424040080,230514688,99564608
129,428214160,230980416,100386272
130,432387200,231365376,101212448
131,436558720,231673088,102143968
132,440736480,232081152,104200704
133,445899440,234541184,103927744
134,450122720,235044288,104788800
135,454345280,235514304,105733312
136,458561280,235893696,106582752
137,462789680,236257536,107416416
138,466998160,236582208,108242080
139,471204480,236974080,109076736
140,475402320,237267072,110035840
141,479604480,237645248,112235488
142,484679920,239919040,111010016
143,488954000,240516672,111947392
144,493214880,240981696,112866784
145,497464400,241373248,113737728
146,501714000,241744640,114616960
147,505966480,242133312,115456352
148,510214080,242505152,116318976
149,514458800,242924800,117177792
150,518698000,243515840,119491488
151,524127520,246432704,118989504
152,528489600,247160128,119976640
153,532795760,247705728,120814496
154,537090880,248080128,121748128
155,541399840,248509120,122592256
156,545691760,248853760,123346880
157,549980800,249207744,124218784
158,554275680,249625088,126606336
159,559826320,252760832,126064352
160,564192720,253298752,126992192
161,568544160,253709696,127887232
162,572910800,254209920,128839904
163,577264960,254656384,129714176
164,581622960,255000064,130564800
165,585986880,255292096,131542240
166,590340480,255647552,132377824
167,594688720,256047616,134784320
168,600380160,259294976,136768480
169,604817920,259931968,136835072
170,609243280,260390976,137389952
171,613660880,260819648,138090944
172,618077680,261175488,138922912
173,622481040,261510720,139702272
174,626904160,261926016,140513216
175,631320080,262399552,141858912
176,636714160,264797312,143053216
177,641190160,265336192,143732608
178,645657200,265863104,144550592
179,650117840,266258688,145394816
180,654582960,266694656,146259360
181,659040640,267070080,147152992
182,663494960,267413568,148008640
183,667940480,267693504,149020256
184,672407760,268224896,150637856
185,677945520,271199168,151581920
186,682452320,271784576,152197536
187,686947840,272170368,152936992
188,691455520,272623808,153881280
189,695976960,273222592,154904640
190,700470560,273579392,155548768
191,704973600,273925312,156454176
192,709479600,274307776,157382144
193,713975600,274726464,159262912
194,719379520,277319168,159886368
195,723891360,277900672,160466784
196,728418160,278380352,161449920
197,733046560,279253888,162497280
198,737552320,279578816,163182752
199,742059920,279915392,164007520
200,746565200,280276032,164941984
201,751068240,280721216,167013152
202,756597920,283292032,167310752
203,761152720,283930240,168093856
204,765717600,284415680,169038432
205,770268080,284849024,169950592
206,774825040,285212608,170897696
207,779375040,285519296,171660480
208,783926480,285974720,172630752
209,788483920,286411840,174887808
