Backup ID, Online Delta_save, Offline Delta_save, Offline delta time, Offline dedelta time, Offline delete time, Offline Delta chunk num
0,216908,0,0,0,0,0
1,74438321,0,0,0,0,0
2,153174818,3940843,771,328,22,443
3,215373244,23932030,5338,2708,71,2630
4,227441678,92709023,24098,13963,136,10135
5,240215514,165937722,46246,27985,225,18261
6,264673220,233571925,67464,41727,331,25737
7,277742229,311094924,95007,60616,455,34391
8,293689157,392022850,123947,80516,601,43431
9,314891414,463196189,153729,102492,755,51237
10,330098750,539785795,188291,128679,928,59612
11,339872779,623376545,226848,158067,1114,68781
12,355756543,705380116,264208,186387,1315,77821
13,367399349,798355989,306425,218112,1541,88313
14,381266783,886536356,346614,248460,1787,98154
15,396178713,982353842,389117,280227,2044,108890
16,414856904,1061026922,424674,306942,2310,117732
17,430323374,1133719339,457592,331368,2603,126224
18,440259380,1238598620,504156,366162,2906,137994
19,463297720,1344340493,550826,401111,3223,149715
20,492605834,1453617786,599978,438282,3559,161696
21,512152759,1576281683,657830,482623,3901,175207
22,538863616,1698285454,718830,530210,4265,188620
23,556446972,1824485101,790978,588553,4637,202425
24,581038060,1948738450,860529,644531,5008,215998
25,602126264,2073448508,936081,706465,5418,229616
26,618088435,2212974922,1019989,774977,5853,245012
27,651388439,2336714739,1099209,840824,6273,258385
28,668392145,2477058037,1192095,918405,6780,273690
29,698150614,2613384382,1281894,992473,7268,289421
30,701301080,2704188081,1347899,1046811,7909,301088
31,838554050,2772658844,1380602,1071957,8332,308645
32,961237066,2865281718,1425362,1106622,8783,318740
33,1034768187,2995377151,1499202,1166516,9248,332686
34,1075720146,3146648071,1589861,1240911,9700,348950
35,1114711536,3304778634,1688366,1322367,10202,365999
36,1149732859,3463527220,1796322,1413193,10701,383129
37,1181126771,3624393799,1911553,1511088,11229,400465
38,1222518816,3780394282,2031616,1614238,11747,417378
39,1256392211,3943100154,2160996,1725990,12340,435006
40,1257534289,4086190559,2310696,1859976,13147,450720
41,1263713931,4228690244,2460892,1994597,13961,466295
42,1273491917,4368618589,2614046,2132461,14751,481585
43,1284216449,4511960655,2772844,2275386,15589,497458
44,1291677607,4656314084,2941746,2428470,16379,513276
45,1304654260,4794571183,3114197,2585956,17190,528241
46,1313705445,4940417372,3300967,2756860,18024,544107
47,1321247339,5084493974,3502134,2942526,18814,559608
48,1333281726,5219547601,3702523,3128577,19514,573946
49,1340368671,5406238639,3898538,3303141,20476,595397
50,1343055673,5564035157,4048663,3433868,21683,614795
51,1480366985,5708003468,4153229,3522556,22527,630673
52,1583090020,5885748011,4277597,3627539,23346,650058
53,1668957549,6070003412,4425841,3755875,24068,669966
54,1716866730,6274628538,4593883,3901538,24914,692345
55,1754512235,6489067720,4774557,4059052,25729,715505
56,1791961797,6700855471,4959244,4220877,26508,738367
57,1832331649,6908332582,5135022,4374236,27255,760786
58,1865936953,7115841305,5323383,4540178,28067,783205
59,1901268198,7327388680,5516724,4710585,28948,806139
60,1903207730,7504861409,5778659,4953532,30145,825127
61,1921377628,7729022426,5997052,5147679,31059,849373
62,1929092524,7910778751,6263176,5394181,32321,868995
63,1947809708,8084083997,6528906,5641214,33422,887692
64,1962639156,8263769910,6807123,5899886,34588,907237
65,1979192373,8440847105,7095219,6168922,35667,926297
66,1992294376,8623912490,7398690,6452659,36813,946031
67,2009997972,8802090887,7707454,6742415,37857,965039
68,2026510192,8980569694,8035549,7051572,38934,983977
69,2040288694,9154721475,8375489,7373106,39856,1002383
70,2047437235,9407665879,8645770,7613622,41254,1032148
71,2053685488,9580182012,8800441,7744664,43171,1055777
72,2242711050,9739819784,8894283,7821246,44160,1073037
73,2400370950,9914919740,9012245,7920258,45106,1091987
74,2491297742,10134634096,9160428,8044997,45955,1115431
75,2497003149,10342938860,9454944,8319052,47077,1135892
76,2510371690,10597284127,9698272,8532549,48520,1165723
77,2535361649,10817014920,9933007,8743816,49519,1189191
78,2556103193,11037695772,10178567,8965919,50478,1212648
79,2579235393,11257718788,10435639,9199626,51473,1236013
80,2605442665,11473212194,10703097,9444370,52404,1258727
81,2629829096,11690945498,10986735,9705035,53355,1281700
82,2651758174,11915899703,11284129,9978602,54319,1305527
83,2653875077,11990109604,11316104,10000698,56377,1315406
84,2864843209,12042224626,11327146,10004527,56918,1322619
85,3131478576,12073993502,11336943,10009713,57203,1327230
86,3338338945,12146184529,11371357,10034341,57518,1337016
87,3436032769,12269927375,11448305,10094682,57763,1353623
88,3529744529,12395969560,11543675,10173108,57985,1370567
89,3580549344,12544122621,11675056,10284578,58229,1390478
90,3627701896,12693944090,11827311,10416741,58485,1410570
91,3677325115,12862868338,12005907,10569828,58874,1436079
92,3698967121,13036750079,12202745,10744239,59474,1458506
93,3750545643,13186465756,12399235,10920594,59900,1478641
94,3802958657,13336449658,12610098,11111157,60339,1498941
95,3843083329,13493101849,12849894,11329775,60778,1520119
96,3879166201,13651102345,13107437,11566019,61254,1541418
97,3914695478,13808851094,13386506,11823900,61712,1562606
98,3948869652,13967967258,13686140,12102056,62193,1584084
99,3976208697,14163338026,14018268,12402967,62908,1615301
100,3985949973,14362964719,14369360,12725319,63839,1644041
101,4032725577,14498399754,14653197,12993292,64204,1659905
102,4061236755,14657504144,14994904,13313890,64819,1681014
103,4092747006,14818192832,15349743,13646991,65453,1702752
104,4119185169,14981736678,15729831,14004940,66071,1724891
105,4153209385,15140600079,16117103,14370763,66679,1746340
106,4181384972,15303229717,16531000,14762670,67297,1768330
107,4212079130,15464250111,16958096,15168049,67912,1790047
108,4242844073,15667161193,17415969,15592158,68787,1823811
109,4252483870,15839774593,17874595,16029811,69681,1844784
110,4285732673,16002373088,18319529,16452435,70444,1867094
111,4320712707,16163120872,18781472,16892487,71147,1888985
112,4368956477,16318048625,19230342,17320066,71842,1910276
113,4395695622,16483643254,19738193,17805411,72508,1932782
114,4439083651,16640698817,20228648,18274258,73229,1954390
115,4452876523,16813129998,20725600,18747430,74162,1978170
116,4479390072,17030007327,21299095,19283775,75194,2015320
117,4485996754,17241415673,21878542,19837361,76960,2041181
118,4520990052,17403819024,22411908,20348824,77758,2063084
119,4549493156,17570665973,22971271,20885496,78580,2085775
120,4575623524,17738739195,23558409,21449693,79343,2108716
121,4603613131,17905923882,24153318,22021829,80183,2131489
122,4647474166,18063756076,24729826,22576761,80958,2153065
123,4670532058,18232968869,25379665,23203487,81741,2176178
124,4700132579,18459129213,26038929,23823301,83049,2215628
125,4704380283,18654717309,26724703,24486354,84386,2238349
126,4732708295,18821134436,27381636,25120729,85280,2260907
127,4758616828,18991147621,28060423,25776248,86180,2284175
128,4785532032,19161278247,28739507,26431948,87124,2307559
129,4807754568,19333435973,29454339,27123093,88093,2331246
130,4835421963,19501758648,30175903,27821661,88970,2354242
131,4874937094,19665827871,30884780,28507838,89963,2376942
132,4900661158,19904354949,31663019,29243713,91374,2419306
133,4906284780,20102022004,32453765,30011961,92850,2441804
134,4927678951,20274421866,33212137,30746788,93917,2465349
135,4958729847,20444778538,33969630,31480657,94953,2488973
136,4989195373,20614313416,34741333,32228956,95899,2512377
137,5013921835,20787850993,35549893,33013523,96835,2536370
138,5037993604,20959710879,36378119,33818262,97809,2559857
139,5063244465,21131175413,37221389,34637962,98818,2583427
140,5107382056,21293149592,38017328,35411484,99838,2605844
141,5127872840,21547060149,38931159,36279319,101353,2651840
142,5136458024,21731314998,39802017,37130329,102559,2671688
143,5159939783,21904209716,40655907,37960705,103825,2695202
144,5184052492,22079094093,41531420,38812036,104912,2719384
145,5210109560,22252097228,42412754,39669433,105956,2743321
146,5235540980,22426068885,43311394,40544025,107065,2767369
147,5259442894,22600067170,44224776,41433487,108137,2791289
148,5281307978,22775279904,45151757,42336356,109268,2815401
149,5302759815,22951270837,46107766,43268077,110405,2839689
150,5317896727,23210214281,47109074,44221818,112171,2887256
151,5328349067,23405586714,48065505,45156879,113643,2908626
152,5354373585,23582733814,48983728,46050558,115011,2933170
153,5377491346,23756706519,49920897,46963926,116244,2956971
154,5415257470,23925068839,50853967,47873517,117305,2980450
155,5439653402,24101641420,51842786,48837839,118448,3004947
156,5460391935,24277288437,52861354,49832323,119511,3029031
157,5482992454,24453549443,53885477,50832092,120616,3053385
158,5508613158,24710966726,54933180,51832047,122349,3101133
159,5516466110,24910727710,55976146,52853139,123889,3123007
160,5544369787,25084063830,56959713,53813017,125157,3146696
161,5575876596,25257706275,57964956,54794094,126318,3170862
162,5602093559,25436629048,58991181,55795235,127582,3195946
163,5627601320,25614860880,60034163,56813447,128828,3220716
164,5653585719,25791446934,61106734,57861726,129995,3245008
165,5695964497,25960876159,62129826,58861342,131116,3268484
166,5719324980,26141324431,63246165,59952437,132264,3293728
167,5739751990,26402343429,64405248,61062348,134025,3342900
168,5746911255,26715591884,65596290,62202995,137134,3393295
169,5772713890,26905334057,66695289,63274677,138336,3420612
170,5806845910,27085100870,67781489,64335589,139459,3445900
171,5832210592,27268616969,68918090,65446467,140648,3471623
172,5869889158,27443365279,70011132,66515320,141699,3495812
173,5904156662,27619592625,71148720,67628516,142811,3520204
174,5927579108,27802521711,72339319,68793824,144134,3545495
175,5958279422,28004758960,73517404,69940676,145771,3576728
176,5967078481,28248392521,74761657,71151176,148293,3610481
177,6010434582,28421928977,75880177,72245807,149530,3634370
178,6033114060,28607113735,77083776,73423763,150920,3660013
179,6061519750,28787628791,78293687,74608800,152236,3684887
180,6084577114,28972755011,79547647,75837091,153616,3710556
181,6119059389,29149429299,80759550,77024673,154896,3734877
182,6142572629,29332799931,82049124,78288913,156202,3760211
183,6186241601,29506482995,83254361,79469889,157619,3784472
184,6198668328,29739448521,84599843,80777139,159719,3822704
185,6203967055,29977661968,85948918,82094524,162161,3854394
186,6245478685,30151562485,87167586,83289332,163497,3878254
187,6268192183,30335629344,88476354,84572951,164827,3903403
188,6294759835,30520011091,89786783,85857860,166406,3928923
189,6326619275,30705421022,91079055,87124173,168024,3954882
190,6351770214,30886397548,92439747,88460304,169413,3979443
191,6380520862,31068151233,93797034,89792733,170800,4004301
192,6409430993,31250580783,95154562,91125129,172284,4029433
193,6428722902,31494049397,96604578,92533800,174333,4070778
194,6434174821,31719310876,97950161,93850648,176773,4099513
195,6460947889,31898301377,99299342,95175821,178234,4123521
196,6495044556,32079193784,100636027,96487416,179871,4148611
197,6512659323,32278543836,102016555,97839694,181797,4176861
198,6548602775,32453430217,103372343,99171838,183088,4200505
199,6571491381,32637825684,104818715,100593027,184499,4225688
200,6598431112,32820644315,106237161,101986242,185957,4250919
201,6623622465,33070180147,107714881,103420508,187981,4294373
202,6630297952,33292458790,109223488,104901589,190384,4321899
203,6661494532,33470699334,110607549,106261794,191804,4345755
204,6690922545,33655747408,112035893,107664535,193335,4371358
205,6718024368,33841548327,113499812,109102803,194885,4397009
206,6747149662,34027730415,114967741,110544900,196431,4422841
207,6776590829,34208463759,116441825,111994604,197765,4447221
208,6808986283,34390961343,117908914,113436601,199335,4472313
209,6826237473,34660318491,119510916,114990833,201597,4520083
