BackupID, OnlineSpeed(MB/s), Encalve ProcessTime(s), BackupSize, OnlineSize, OfflineSize, OfflineTime(s)
0, 98.7717, 2.01073, 208250880, 100655456, 100655456, 0.000324
1, 140.376, 1.44519, 212725760, 132196507, 132196507, 0.000333
2, 137.649, 1.5203, 219432960, 161329521, 159613353, 1.36959
3, 137.499, 1.55427, 224092160, 195737490, 186664479, 6.23245
4, 128.852, 1.68867, 228157440, 251630542, 219144293, 22.8823
5, 126.402, 1.76513, 233953280, 287612018, 253376987, 25.7423
6, 126.87, 1.77855, 236605440, 317132278, 285547485, 24.3312
7, 130.584, 1.75376, 240138240, 357877558, 321710753, 29.8287
8, 123.827, 1.8982, 246466560, 398198175, 359953789, 31.7313
9, 132.703, 1.79892, 250316800, 426506291, 393229432, 30.8989
10, 125.528, 1.93277, 254402560, 464199115, 428710615, 35.0227
11, 129.846, 1.93108, 262922240, 506645375, 467674136, 38.6541
12, 130.128, 1.93994, 264704000, 543396311, 505535161, 37.9965
13, 121.165, 2.14744, 272834560, 594641994, 551678940, 43.3107
14, 123.274, 2.20212, 284651520, 641203888, 600302335, 41.0039
15, 123.268, 2.24034, 289576960, 689073558, 645016229, 43.57
16, 122.812, 2.28165, 293826560, 735043907, 698666469, 36.3569
17, 120.796, 2.44949, 310261760, 792956128, 760003919, 34.9984
18, 116.978, 2.74074, 336179200, 868344146, 819731663, 46.7103
19, 124.94, 2.69559, 353146880, 924666248, 875594847, 47.9141
20, 127.468, 2.73613, 365711360, 977683577, 926642464, 50.0091
21, 125.87, 2.89725, 382392320, 1040558553, 983595969, 57.5377
22, 126.308, 2.98316, 395100160, 1095482746, 1039534493, 59.5643
23, 132.505, 2.91255, 404674560, 1155383756, 1097457748, 67.6402
24, 131.412, 2.99645, 412897280, 1212819252, 1155134740, 66.3405
25, 129.072, 3.05637, 413655040, 1270600536, 1212866714, 69.4654
26, 126.873, 3.24234, 431349760, 1340928388, 1276894540, 77.6077
27, 127.411, 3.29711, 440494080, 1390543861, 1333718296, 73.5954
28, 129.141, 3.32017, 449597440, 1463886007, 1398800700, 85.6583
29, 133.967, 3.21041, 450979840, 1515487131, 1457143887, 82.9445
30, 101.435, 4.90367, 521564160, 1670955280, 1634621667, 62.6562
31, 132.984, 3.83042, 534128640, 1721849709, 1690488076, 35.5752
32, 132.178, 3.92477, 543969280, 1786197077, 1743598361, 45.7618
33, 137.28, 3.81953, 549816320, 1862731662, 1803162665, 69.997
34, 135.176, 3.95123, 560056320, 1941624693, 1872392892, 84.4282
35, 134.11, 4.06412, 571514880, 2017047337, 1944714568, 90.9503
36, 136.685, 4.03743, 578662400, 2090542610, 2017625611, 96.4408
37, 134.923, 4.07562, 576604160, 2165208545, 2091415402, 101.444
38, 137.77, 4.01781, 580423680, 2234419586, 2162912126, 104.83
39, 131.599, 4.23547, 584458240, 2310944360, 2236923880, 110.432
40, 136.966, 3.16443, 454471680, 2365952853, 2301437862, 114.509
41, 134.379, 3.27106, 460912640, 2431346132, 2366390200, 127.936
42, 136.535, 3.25552, 466083840, 2493913475, 2430148925, 129.125
43, 134.458, 3.35178, 472565760, 2560203680, 2495172034, 131.478
44, 138.21, 3.31017, 479723520, 2625974597, 2560571619, 137.836
45, 141.502, 3.29708, 489205760, 2686721228, 2623644616, 139.4
46, 139.321, 3.41591, 499025920, 2755264052, 2689452012, 147.893
47, 143.919, 3.35074, 505661440, 2820457195, 2754953391, 158.602
48, 147.946, 3.31222, 513832960, 2879151411, 2817047642, 155.958
49, 139.999, 4.01906, 589998080, 2973985559, 2895513922, 156.485
50, 109.668, 6.20115, 713103360, 3165484474, 3101013553, 135.807
51, 133.008, 5.17877, 722278400, 3232962677, 3168546114, 98.8214
52, 134.46, 5.53036, 779735040, 3327289746, 3247917238, 111.716
53, 142.353, 5.48031, 818032640, 3414020001, 3330964551, 125.781
54, 150.9, 5.21428, 825057280, 3510696974, 3420830466, 145.435
55, 149.519, 5.32174, 834355200, 3612634708, 3516732305, 155.321
56, 148.619, 5.36417, 835942400, 3704667249, 3610698025, 157.322
57, 150.73, 5.27555, 833812480, 3796256331, 3703471800, 148.665
58, 151.692, 5.21771, 829931520, 3890022086, 3796746390, 156.211
59, 151.727, 5.27644, 839464960, 3985715463, 3891225824, 162.358
60, 138.546, 4.10202, 595927040, 4053522095, 3972370412, 181.256
61, 151.821, 5.36934, 854773760, 4170251066, 4071304090, 181.621
62, 140.426, 4.28503, 630958080, 4236292182, 4153797555, 201.496
63, 139.843, 4.37027, 640839680, 4310563800, 4232180311, 208.201
64, 138.812, 4.45436, 648355840, 4394135668, 4313157539, 214.868
65, 145.547, 4.3118, 658053120, 4473138763, 4393145818, 219.434
66, 143.93, 4.41423, 666204160, 4558767866, 4475953712, 230.374
67, 148.574, 4.34541, 676976640, 4637337125, 4556644584, 233.909
68, 149.216, 4.3906, 686970880, 4718257977, 4637449721, 244.787
69, 151.592, 4.37596, 695582720, 4795937983, 4716690889, 252.408
70, 153.675, 5.35747, 863303680, 4918580811, 4817632394, 216.166
71, 119.209, 8.15399, 1019248640, 5155053303, 5101215744, 147.923
72, 158.431, 6.40606, 1064222720, 5246232909, 5177299832, 94.8278
73, 166.932, 6.11473, 1070325760, 5329575132, 5253433921, 108.055
74, 163.977, 6.34976, 1091788800, 5446578458, 5350004663, 131.407
75, 153.529, 5.41449, 871659520, 5551553317, 5450776583, 211.247
76, 153.114, 5.42648, 871229440, 5649228611, 5550001626, 209.397
77, 158.649, 5.49028, 913336320, 5741052076, 5645522705, 192.151
78, 157.698, 5.67336, 938137600, 5839077256, 5742295507, 197.137
79, 161.75, 5.58758, 947691520, 5935924859, 5839107893, 205.7
80, 160.397, 5.6937, 957614080, 6028355956, 5933729590, 211.65
81, 164.116, 5.61208, 965775360, 6125627297, 6029675027, 224.442
82, 163.204, 5.74924, 983879680, 6226750430, 6128210626, 233.642
83, 143.304, 6.72823, 1011015680, 6358353319, 6333006037, 56.4338
84, 169.302, 5.74352, 1019627520, 6416328631, 6393063245, 22.3971
85, 188.147, 5.16456, 1018900480, 6433040737, 6418976836, 15.2338
86, 196.19, 4.95311, 1018951680, 6485580288, 6452278476, 40.3467
87, 194.051, 5.00824, 1019064320, 6567282752, 6509779596, 76.3602
88, 194.863, 4.98773, 1019136000, 6626718636, 6568247204, 87.1472
89, 190.867, 5.0925, 1019207680, 6704866135, 6636555092, 112.777
90, 190, 5.11581, 1019217920, 6774740682, 6705647061, 128.785
91, 190.204, 5.11043, 1019238400, 6842497040, 6774070884, 150.369
92, 179.477, 5.6532, 1063905280, 6939809042, 6856937692, 162.003
93, 193.756, 5.23657, 1063905280, 6993947605, 6925441824, 159.068
94, 196.01, 5.17661, 1063956480, 7062598779, 6994019501, 168.133
95, 194.845, 5.20802, 1064048640, 7136739073, 7065378706, 183.158
96, 195.972, 5.1782, 1064079360, 7209949110, 7137662279, 195.456
97, 192.648, 5.26781, 1064130560, 7282251856, 7209955647, 215.004
98, 197.053, 5.15036, 1064192000, 7354976196, 7282465032, 235.61
99, 193.847, 5.23562, 1064212480, 7431121684, 7356790202, 264.372
100, 187.067, 5.45526, 1070069760, 7527889791, 7442339132, 283.01
101, 187.644, 5.43868, 1070110720, 7582856412, 7512597420, 216.876
102, 195.088, 5.23148, 1070172160, 7661802451, 7587197798, 255.946
103, 193.274, 5.28062, 1070182400, 7734483108, 7660839831, 269.26
104, 194.477, 5.24829, 1070254080, 7810305524, 7735572036, 283.691
105, 194.36, 5.25151, 1070264320, 7881270074, 7808420937, 288.548
106, 193.223, 5.28261, 1070305280, 7957209641, 7882812774, 301.722
107, 195.759, 5.21423, 1070315520, 8030171465, 7956490375, 309.286
108, 195.5, 5.22114, 1070315520, 8103522268, 8030006001, 353.753
109, 185.384, 5.61487, 1091471360, 8204432658, 8117219092, 333.861
110, 192.452, 5.40882, 1091502080, 8265358977, 8191288181, 334.385
111, 195.057, 5.33674, 1091532800, 8338161912, 8264722279, 338.555
112, 193.756, 5.37316, 1091655680, 8405576174, 8335148089, 331.08
113, 196.41, 5.30073, 1091686400, 8485524567, 8410335109, 357.031
114, 196.427, 5.30041, 1091717120, 8553638965, 8481983970, 364.248
115, 194.781, 5.34546, 1091768320, 8638823380, 8560403626, 360.735
116, 191.928, 5.42497, 1091778560, 8711011482, 8635706621, 422.164
117, 165.665, 6.48516, 1126553600, 8849861608, 8742779094, 427.083
118, 195.993, 5.48166, 1126553600, 8892975968, 8817877483, 396.663
119, 193.447, 5.554, 1126594560, 8970403507, 8894138541, 400.617
120, 195.747, 5.48904, 1126656000, 9047455182, 8970795541, 418.31
121, 199.235, 5.39315, 1126696960, 9123278628, 9047030229, 423.682
122, 189.143, 5.681, 1126717440, 9191962890, 9119494633, 411.098
123, 193.529, 5.5523, 1126727680, 9273807437, 9196649539, 450.384
124, 198.103, 5.42415, 1126737920, 9348960606, 9272803032, 494.722
125, 175.096, 6.19147, 1136762880, 9479098378, 9375947234, 481.415
126, 193.493, 5.603, 1136803840, 9529780972, 9452862808, 475.45
127, 197.829, 5.48044, 1136855040, 9608510062, 9530682919, 482.18
128, 196.934, 5.5056, 1136906240, 9686071320, 9608375765, 481.624
129, 196.228, 5.52556, 1136936960, 9764946571, 9686659188, 501.501
130, 193.521, 5.60304, 1136977920, 9840796523, 9763725622, 510.461
131, 196.734, 5.51169, 1137008640, 9912765480, 9838242698, 501.969
132, 194.421, 5.57731, 1137018880, 9993382115, 9915812196, 563.221
133, 174.052, 6.31113, 1151825920, 10128715768, 10022261491, 555.221
134, 195.95, 5.60611, 1151877120, 10181229924, 10101745295, 548.486
135, 193.959, 5.66346, 1151836160, 10256429015, 10179087070, 534.869
136, 198.334, 5.53875, 1151887360, 10333537593, 10256311428, 540.468
137, 196.609, 5.58766, 1151948800, 10414177233, 10335244121, 563.905
138, 196.328, 5.59581, 1151979520, 10492364030, 10413803160, 578.628
139, 194.869, 5.63782, 1152000000, 10570185187, 10491989885, 588.492
140, 197.4, 5.5656, 1152020480, 10639555786, 10565769272, 557.551
141, 173.736, 6.32374, 1152030720, 10723986482, 10644876119, 651.365
142, 177.077, 6.24518, 1159598080, 10852772353, 10748820855, 609.39
143, 191.934, 5.76218, 1159680000, 10908750429, 10828784217, 611.875
144, 198.584, 5.56957, 1159751680, 10988008235, 10908396044, 607.833
145, 197.217, 5.60826, 1159772160, 11066388485, 10987390599, 618.052
146, 190.673, 5.80084, 1159792640, 11145797906, 11066591192, 626.682
147, 196.823, 5.61974, 1159823360, 11225419743, 11146005366, 633.973
148, 198.741, 5.56565, 1159854080, 11305785165, 11225894941, 643.96
149, 192.356, 5.7507, 1159915520, 11385459304, 11305676419, 659.05
150, 197.453, 5.60227, 1159915520, 11467437084, 11389320954, 717.836
151, 173.961, 6.66126, 1215088640, 11607962209, 11498640873, 663.383
152, 199.395, 5.81173, 1215119360, 11661364256, 11580002328, 649.19
153, 200.506, 5.77961, 1215139840, 11741287115, 11660641258, 650.72
154, 201.811, 5.74234, 1215160320, 11815029383, 11737832002, 648.256
155, 202.407, 5.72558, 1215191040, 11898541001, 11818184313, 670.271
156, 203.605, 5.69204, 1215221760, 11980034141, 11899107396, 701.598
157, 197.957, 5.85457, 1215252480, 12059712212, 11979407959, 712.809
158, 199.936, 5.79676, 1215283200, 12138800992, 12061880416, 752.991
159, 170.758, 7.08712, 1268971520, 12285111176, 12173493323, 710.659
160, 197.512, 6.1274, 1269022720, 12335097182, 12254294984, 692.232
161, 207.683, 5.82747, 1269053440, 12413095377, 12333692888, 692.467
162, 207.951, 5.82022, 1269114880, 12495910012, 12414800709, 708.31
163, 203.441, 5.9494, 1269145600, 12576541084, 12495669508, 720.907
164, 208.752, 5.79823, 1269186560, 12656972758, 12576320178, 742.151
165, 204.386, 5.92241, 1269258240, 12731042425, 12653679133, 704.683
166, 207.416, 5.83608, 1269299200, 12816407594, 12735042654, 754.676
167, 205.228, 5.8983, 1269299200, 12898850369, 12824284289, 831.999
168, 180.107, 7.09615, 1340149760, 13051819632, 12938051395, 871.073
169, 207.031, 6.17382, 1340262400, 13103169691, 13020608139, 779.901
170, 209.006, 6.11568, 1340303360, 13181415005, 13101010847, 751.168
171, 212.656, 6.01089, 1340344320, 13264875666, 13182943242, 777.408
172, 210.413, 6.07511, 1340375040, 13341732373, 13262336908, 754.018
173, 213.149, 5.99713, 1340375040, 13421562593, 13341948502, 775.78
174, 210.603, 6.06972, 1340395520, 13507255930, 13424601510, 812.892
175, 210.003, 6.08715, 1340416000, 13586202612, 13505398629, 819.13
176, 188.846, 6.85779, 1357977600, 13724378324, 13614885167, 872.67
177, 211.905, 6.11168, 1358008320, 13773466632, 13694172413, 786.088
178, 208.269, 6.2187, 1358080000, 13861507150, 13777839599, 817.976
179, 210.41, 6.15578, 1358151680, 13942267002, 13860051321, 833.199
180, 206.836, 6.26236, 1358202880, 14027268469, 13943658270, 858.955
181, 210.986, 6.13938, 1358243840, 14105185815, 14024421859, 842.422
182, 210.421, 6.15601, 1358274560, 14191051692, 14107735492, 871.549
183, 200.306, 6.46695, 1358295040, 14264337581, 14186030073, 840.899
184, 213.74, 6.06065, 1358325760, 14357581731, 14271804995, 923.4
185, 183.529, 7.1233, 1370839040, 14496125488, 14383962820, 942.162
186, 211.104, 6.19294, 1370859520, 14543829532, 14463893605, 849.647
187, 210.964, 6.19764, 1370992640, 14632197486, 14548043845, 882.545
188, 215.1, 6.07856, 1371013120, 14715338080, 14631688439, 902.168
189, 212.174, 6.16259, 1371054080, 14796668774, 14714177683, 884.37
190, 214.948, 6.08317, 1371084800, 14881258743, 14797715154, 916.914
191, 205.596, 6.36007, 1371125760, 14963383959, 14880548152, 922.015
192, 208.269, 6.27858, 1371156480, 15046364063, 14963453952, 922.142
193, 202.956, 6.44306, 1371176960, 15133027687, 15048239567, 999.002
194, 184.501, 7.11675, 1376829440, 15268824656, 15158529968, 937.482
195, 208.125, 6.30226, 1375375360, 15325387390, 15241957749, 925.296
196, 211.165, 6.21164, 1375395840, 15406473246, 15324213134, 919.625
197, 204.812, 6.40473, 1375488000, 15499467255, 15411838838, 937.805
198, 212.02, 6.18709, 1375508480, 15574180036, 15493009105, 917.42
199, 212.956, 6.16004, 1375539200, 15661384957, 15577193002, 962.507
200, 211.419, 6.205, 1375580160, 15743812562, 15660500289, 979.166
201, 211.026, 6.21661, 1375590400, 15827617677, 15744057718, 1020.47
202, 189.984, 7.01679, 1397831680, 15967449472, 15855751291, 1034.7
203, 215.014, 6.20005, 1397852160, 16022390990, 15939067851, 956.217
204, 214.852, 6.20499, 1397913600, 16107178745, 16023123139, 967.888
205, 212.927, 6.26131, 1397964800, 16191433420, 16107275529, 993.391
206, 213.532, 6.2438, 1398016000, 16274968072, 16191121205, 1002.56
207, 210.514, 6.33352, 1398056960, 16358252057, 16274685698, 1002.24
208, 211.667, 6.29919, 1398097920, 16440446889, 16357565624, 996.112
209, 212.287, 6.28103, 1398149120, 16530197950, 16443880724, 1104.45
