Backup ID, Ecall, Inline_Ocall, Offline_Ocall, _Inline_FPOcall, _Inline_SFOcall, _Inline_LocalOcall, _Inline_LoadOcall, _Inline_DeltaOcall, _Inline_RecipeOcall, _Inline_Write_ContainerOcall, _inline_have_similar_chunk_num, _inline_need_load_container_num
0,195,637,5,193,193,0,34,193,24,27,64,33,
1,394,1283,10,390,390,0,65,390,48,36,8227,276,
2,599,1953,36741,593,593,7,101,586,73,45,17259,727,
3,808,2640,115811,800,800,50,142,750,98,55,26198,1379,
4,1020,3340,258044,1010,1010,217,186,793,124,73,35383,2216,
5,1238,4063,429977,1226,1226,388,235,838,150,92,44906,3145,
6,1458,4811,615591,1444,1444,543,302,901,177,110,55017,4063,
7,1681,5557,837309,1665,1665,726,358,939,204,130,65244,5104,
8,1910,6322,1086123,1892,1892,913,414,979,232,151,76338,6226,
9,2141,7106,1349514,2121,2121,1090,483,1031,260,169,87637,7292,
10,2377,7902,1646753,2355,2355,1283,548,1072,289,188,99037,8415,
11,2620,8703,1972845,2596,2596,1492,596,1104,319,209,110424,9650,
12,2865,9524,2308899,2839,2839,1688,658,1151,349,230,121711,10878,
13,3117,10353,2686760,3089,3089,1909,706,1180,380,254,133513,12315,
14,3379,11235,3076952,3349,3349,2121,776,1228,412,278,144850,13702,
15,3646,12127,3486977,3614,3614,2341,840,1273,445,302,157179,15122,
16,3917,13040,3882068,3883,3883,2548,913,1335,478,326,168001,16490,
17,4216,14069,4297753,4180,4180,2781,1014,1399,515,351,178234,18025,
18,4526,15139,4773660,4488,4488,3037,1122,1451,553,380,191144,19656,
19,4851,16231,5263039,4811,4811,3285,1205,1526,593,408,205326,21215,
20,5187,17363,5782114,5145,5145,3530,1294,1615,634,435,220428,22800,
21,5539,18544,6336276,5495,5495,3805,1382,1690,677,465,236256,24533,
22,5903,19766,6928580,5857,5857,4092,1473,1765,722,495,253047,26377,
23,6275,20991,7570902,6227,6227,4407,1542,1820,768,526,270905,28377,
24,6655,22259,8202808,6605,6605,4714,1629,1891,815,557,289183,30332,
25,7037,23534,8897054,6985,6985,5036,1717,1949,862,588,307480,32373,
26,7435,24849,9638831,7381,7381,5375,1795,2006,911,622,325981,34594,
27,7841,26216,10356812,7785,7785,5685,1900,2100,961,652,345256,36576,
28,8256,27585,11194417,8198,8198,6044,1979,2154,1012,686,365791,39075,
29,8672,28985,12005890,8612,8612,6375,2086,2237,1063,717,385822,41214,
30,9153,30561,12863848,9091,9091,6800,2166,2291,1122,773,397864,44834,
31,9644,32322,13471876,9580,9580,6941,2399,2639,1183,797,419970,46230,
32,10144,34065,14141842,10078,10078,7145,2586,2933,1245,823,443042,47925,
33,10650,35758,14933184,10582,10582,7465,2705,3117,1307,854,467433,50015,
34,11165,37476,15761571,11095,11095,7872,2820,3223,1371,891,492171,52315,
35,11691,39237,16668781,11619,11619,8291,2944,3328,1436,929,517407,54808,
36,12223,41020,17591935,12149,12149,8719,3071,3430,1502,967,543048,57400,
37,12754,42795,18575424,12678,12678,9165,3193,3513,1568,1006,568777,60126,
38,13288,44602,19559678,13210,13210,9588,3338,3622,1634,1044,595812,62745,
39,13825,46390,20642068,13745,13745,10036,3455,3709,1700,1083,622085,65661,
40,14245,47712,21951001,14163,14163,10446,3471,3717,1752,1117,642788,69619,
41,14670,49080,23268706,14586,14586,10847,3518,3739,1804,1151,664073,72996,
42,15100,50485,24600936,15014,15014,11243,3586,3771,1857,1185,685833,76094,
43,15537,51909,25977760,15449,15449,11645,3651,3804,1911,1220,707997,79424,
44,15980,53345,27364480,15890,15890,12058,3709,3832,1966,1255,730313,82753,
45,16431,54812,28760562,16339,16339,12466,3773,3873,2022,1288,753273,86038,
46,16891,56307,30214780,16797,16797,12891,3837,3906,2079,1323,776685,89784,
47,17357,57808,31658187,17261,17261,13326,3889,3935,2136,1358,800852,93537,
48,17830,59354,33028310,17732,17732,13757,3964,3975,2194,1391,825344,97250,
49,18373,61098,34597775,18273,18273,14270,4018,4003,2261,1432,851634,101408,
50,19025,63350,36240530,18923,18923,14847,4239,4076,2342,1502,871493,107092,
51,19685,65701,37491588,19581,19581,15150,4534,4431,2424,1537,901890,109529,
52,20394,68416,38795757,20288,20288,15540,5040,4748,2512,1580,933130,112280,
53,21133,70910,40123658,21025,21025,16004,5231,5021,2604,1624,966298,115320,
54,21878,73381,41617161,21768,21768,16551,5381,5217,2696,1671,998530,118720,
55,22631,75866,43130208,22518,22518,17134,5522,5385,2789,1721,1032776,122441,
56,23385,78343,44610410,23259,23259,17713,5672,5558,2882,1770,1066687,126088,
57,24136,80779,46042080,23981,23981,18285,5822,5735,2975,1819,1099725,129747,
58,24884,83183,47564198,24697,24697,18873,5955,5893,3068,1868,1133296,133606,
59,25641,85635,49175385,25423,25423,19458,6106,6063,3162,1917,1166884,137521,
60,26189,87366,51204923,25969,25969,19990,6131,6077,3230,1960,1194493,143483,
61,26958,89804,52983653,26706,26706,20629,6233,6205,3325,2012,1228368,147970,
62,27537,91667,55106907,27282,27282,21159,6295,6252,3397,2055,1256895,152839,
63,28125,93597,57143666,27867,27867,21670,6396,6327,3470,2096,1285905,157031,
64,28720,95533,59255171,28459,28459,22194,6481,6396,3544,2139,1315728,161352,
65,29322,97513,61337400,29058,29058,22720,6589,6470,3618,2181,1346199,165848,
66,29932,99492,63509998,29665,29665,23266,6671,6532,3693,2225,1376835,170521,
67,30551,101500,65595148,30281,30281,23808,6753,6607,3770,2267,1408243,175105,
68,31180,103557,67776654,30907,30907,24362,6853,6680,3848,2310,1439654,179929,
69,31816,105619,69816080,31540,31540,24926,6936,6750,3927,2352,1471434,184796,
70,32593,108041,72056276,32281,32281,25599,7005,6852,4023,2405,1504642,190278,
71,33504,111111,74397184,33160,33160,26353,7295,7007,4136,2493,1529174,198582,
72,34451,114416,75868825,34073,34073,26698,7711,7607,4254,2533,1566255,201421,
73,35404,117620,77403983,34991,34991,27114,8010,8142,4372,2574,1604256,204612,
74,36375,120780,78927401,35925,35925,27692,8212,8533,4493,2625,1643686,208394,
75,37160,123221,81149200,36671,36671,28381,8281,8627,4590,2678,1679280,214305,
76,37943,125699,83454364,37416,37416,29042,8391,8747,4687,2730,1712471,219646,
77,38761,128308,85372560,38194,38194,29681,8527,8924,4788,2780,1748313,224250,
78,39600,130980,87305542,38994,38994,30336,8658,9106,4892,2831,1785108,228972,
79,40450,133678,89280000,39802,39802,31000,8787,9290,4997,2882,1822409,233834,
80,41308,136391,91196705,40608,40608,31661,8926,9485,5103,2932,1860333,238636,
81,42173,139097,93185938,41412,41412,32328,9054,9681,5210,2982,1898779,243541,
82,43055,141853,95180544,42235,42235,33021,9175,9868,5319,3034,1938117,248855,
83,44077,145070,97244950,43195,43195,33853,9325,10056,5446,3095,1948250,255589,
84,45108,148730,97943308,44161,44161,34036,9896,10902,5574,3120,1985187,257869,
85,46138,152136,98435633,45122,45122,34124,10224,11842,5702,3134,2028459,260189,
86,47168,155375,99088374,46083,46083,34395,10385,12599,5830,3155,2072877,263117,
87,48199,158600,99807139,47046,47046,34944,10527,13079,5958,3187,2118162,266476,
88,49230,161838,100550266,48006,48006,35514,10688,13538,6086,3220,2164029,270025,
89,50261,165069,101409851,48964,48964,36198,10846,13883,6214,3257,2209503,274079,
90,51292,168318,102350732,49922,49922,36903,11022,14207,6342,3294,2255493,278361,
91,52323,171564,103519709,50878,50878,37593,11199,14546,6470,3331,2302040,282618,
92,53391,174890,104985844,51875,51875,38404,11332,14801,6603,3375,2345378,288063,
93,54459,178261,106252834,52871,52871,39107,11512,15164,6736,3412,2391933,292544,
94,55527,181634,107579695,53869,53869,39799,11690,15538,6869,3449,2438823,297102,
95,56595,185000,109005461,54862,54862,40540,11871,15863,7002,3488,2485738,301792,
96,57663,188339,110532132,55853,55853,41290,12029,16179,7135,3527,2532017,306725,
97,58731,191677,112105822,56839,56839,42042,12196,16493,7268,3566,2579390,311544,
98,59799,195013,113772089,57826,57826,42795,12359,16806,7401,3605,2626929,316342,
99,60868,198334,115789000,58809,58809,43584,12514,17084,7534,3645,2674008,321718,
100,61942,201618,118081961,59794,59794,44443,12623,17297,7667,3691,2718403,328294,
101,63016,204978,119610327,60775,60775,45150,12816,17662,7800,3729,2764909,333159,
102,64090,208318,121596205,61756,61756,45934,12989,17950,7933,3769,2812219,338544,
103,65164,211666,123641736,62736,62736,46704,13172,18252,8066,3809,2859859,343796,
104,66238,214999,125745474,63716,63716,47491,13340,18537,8199,3849,2907326,349149,
105,67312,218363,127881316,64696,64696,48247,13539,18853,8332,3888,2955387,354371,
106,68386,221699,130107339,65676,65676,49026,13710,19146,8465,3928,3002635,359656,
107,69460,225051,132385035,66656,66656,49799,13897,19445,8598,3968,3050903,364856,
108,70534,228399,135013451,67636,67636,50568,14080,19748,8731,4008,3099094,370257,
109,71627,231739,137653763,68637,68637,51441,14191,19966,8867,4055,3144440,377419,
110,72720,235169,140187241,69638,69638,52214,14392,20284,9003,4095,3192257,382838,
111,73813,238606,142706012,70638,70638,52981,14602,20608,9139,4135,3240555,388297,
112,74906,242041,145208169,71637,71637,53709,14812,20971,9275,4173,3289232,393241,
113,75999,245442,147832929,72636,72636,54504,14988,21267,9411,4214,3337694,398776,
114,77092,248864,150483129,73635,73635,55246,15185,21616,9547,4253,3386073,404039,
115,78186,252248,153353399,74636,74636,56098,15339,21856,9683,4295,3432166,410985,
116,79279,255665,156560087,75635,75635,56894,15531,22151,9819,4336,3480410,416447,
117,80400,259132,160433407,76661,76661,57798,15688,22366,9958,4393,3530249,426480,
118,81521,262622,163358340,77687,77687,58579,15868,22704,10097,4433,3578584,432026,
119,82642,266121,166402652,78714,78714,59380,16055,23022,10236,4474,3627476,437569,
120,83763,269614,169437243,79740,79740,60190,16238,23331,10375,4515,3676635,443138,
121,84884,273095,172599706,80760,80760,60992,16421,23648,10514,4556,3725446,448729,
122,86005,276631,175651074,81782,81782,61749,16655,24010,10653,4595,3774716,454206,
123,87126,280112,178911284,82804,82804,62572,16834,24306,10792,4637,3823912,460208,
124,88248,283604,182716126,83826,83826,63367,17023,24631,10931,4678,3873219,465931,
125,89380,287024,186583847,84860,84860,64289,17104,24839,11072,4733,3923247,475335,
126,90512,290556,190053402,85892,85892,65094,17301,25164,11213,4774,3972067,481161,
127,91644,294080,193593007,86924,86924,65911,17490,25477,11354,4816,4021888,487046,
128,92776,297603,197200784,87953,87953,66725,17684,25793,11495,4858,4071330,492854,
129,93908,301125,200903701,88981,88981,67563,17879,26085,11636,4900,4120764,499025,
130,95040,304650,204536741,90007,90007,68378,18081,26400,11777,4942,4170569,504776,
131,96172,308175,208245585,91028,91028,69159,18293,26749,11918,4982,4220745,510189,
132,97304,311685,212598393,92049,92049,69982,18490,27056,12059,5024,4270496,516265,
133,98451,315160,216914550,93087,93087,70908,18601,27275,12202,5081,4321817,526144,
134,99598,318701,220936594,94125,94125,71761,18778,27567,12345,5124,4371563,532255,
135,100745,322248,224938879,95161,95161,72580,18965,27893,12488,5166,4421522,538272,
136,101892,325801,228909569,96197,96197,73396,19158,28222,12631,5208,4471905,543960,
137,103040,329348,232953307,97236,97236,74242,19338,28522,12774,5251,4522470,549993,
138,104187,332884,237074811,98272,98272,75083,19514,28826,12917,5293,4572986,556017,
139,105334,336449,241310442,99309,99309,75914,19717,29140,13060,5335,4623143,562136,
140,106481,340042,245431985,100345,100345,76687,19950,29512,13203,5375,4673697,567694,
141,107628,343614,250389447,101382,101382,77532,20160,29812,13346,5418,4723966,574102,
142,108784,347128,254753432,102429,102429,78454,20282,30044,13490,5473,4775196,583451,
143,109940,350713,259337965,103477,103477,79307,20473,30345,13634,5516,4825153,589968,
144,111096,354278,263854874,104523,104523,80154,20648,30652,13778,5559,4875687,596099,
145,112252,357862,268330892,105569,105569,80991,20842,30969,13922,5602,4926393,602334,
146,113408,361463,272906290,106615,106615,81835,21053,31279,14066,5645,4977221,608548,
147,114564,365045,277507500,107660,107660,82681,21247,31587,14210,5688,5027988,614583,
148,115720,368625,282222899,108704,108704,83533,21441,31889,14354,5731,5078726,621147,
149,116876,372203,286985252,109750,109750,84392,21629,32184,14498,5774,5129288,627604,
150,118032,375758,292526649,110792,110792,85281,21802,32449,14642,5818,5178843,634369,
151,119233,379513,297587249,111883,111883,86224,22027,32705,14791,5876,5231102,644230,
152,120434,383242,302613882,112973,112973,87074,22228,33054,14940,5920,5281475,650864,
153,121635,386950,307514182,114063,114063,87945,22408,33382,15089,5963,5332054,657513,
154,122836,390692,312275268,115153,115153,88757,22622,33769,15238,6005,5383527,663358,
155,124037,394404,317271101,116243,116243,89628,22806,34097,15387,6048,5434753,669890,
156,125238,398096,322237477,117330,117330,90501,22976,34423,15536,6092,5486205,676332,
157,126439,401809,327297631,118416,118416,91367,23169,34756,15685,6135,5537560,682805,
158,127640,405530,333042053,119504,119504,92226,23366,35096,15834,6178,5588667,689177,
159,128885,409321,338486747,120636,120636,93208,23495,35357,15989,6237,5641314,699477,
160,130130,413158,343676438,121763,121763,94063,23680,35745,16144,6280,5692687,705845,
161,131375,417038,348853145,122894,122894,94905,23900,36146,16299,6323,5744541,711881,
162,132620,420875,354155963,124025,124025,95777,24077,36517,16454,6367,5796115,718350,
163,133865,424719,359460577,125153,125153,96650,24267,36887,16609,6411,5847860,724732,
164,135110,428562,364733765,126283,126283,97519,24452,37261,16764,6454,5900157,730976,
165,136355,432431,369920730,127409,127409,98334,24671,37689,16919,6496,5952795,736766,
166,137600,436277,375342468,128535,128535,99211,24867,38055,17074,6540,6005007,743076,
167,138845,440112,381549960,129657,129657,100096,25060,38413,17229,6584,6056849,749665,
168,140147,444480,388967519,130838,130838,101090,25604,38719,17391,6645,6110961,759872,
169,141449,448496,394455863,132011,132011,101963,25812,39146,17553,6689,6162733,766595,
170,142751,452510,399822459,133179,133179,102817,26028,39592,17715,6732,6215253,772805,
171,144054,456517,405321339,134347,134347,103700,26236,40010,17877,6776,6267881,779381,
172,145357,460540,410601670,135515,135515,104546,26460,40465,18039,6819,6320851,785308,
173,146659,464554,416022863,136681,136681,105396,26680,40915,18201,6862,6373780,791277,
174,147962,468564,421791955,137847,137847,106286,26895,41326,18363,6906,6426506,797914,
175,149265,472595,427941699,139013,139013,107155,27131,41758,18525,6949,6478914,804427,
176,150584,476574,435069687,140193,140193,108136,27269,42094,18689,7007,6533405,814454,
177,151903,480662,440697353,141373,141373,108967,27516,42580,18853,7050,6586224,820431,
178,153222,484698,446684921,142547,142547,109868,27723,42996,19017,7095,6638935,827367,
179,154541,488741,452578626,143714,143714,110757,27951,43424,19181,7139,6692240,833901,
180,155861,492778,458693567,144881,144881,111666,28172,43833,19345,7184,6745370,840763,
181,157180,496824,464605568,146043,146043,112529,28413,44287,19509,7227,6798768,847047,
182,158499,500837,470788960,147203,147203,113429,28625,44704,19673,7272,6852341,853387,
183,159819,504907,476875016,148363,148363,114264,28893,45187,19837,7314,6906077,859330,
184,161139,508875,483941969,149519,149519,115214,29067,45555,20001,7360,6958789,866946,
185,162471,512851,491354358,150690,150690,116218,29205,45881,20167,7420,7012142,877560,
186,163803,516928,497429789,151861,151861,117070,29444,46359,20333,7463,7065055,883916,
187,165135,520961,503747578,153032,153032,117981,29639,46778,20499,7508,7118781,890311,
188,166467,524989,510352698,154200,154200,118882,29835,47207,20665,7553,7172337,897221,
189,167799,529025,516935104,155363,155363,119769,30049,47650,20831,7597,7225448,903908,
190,169131,533034,523385060,156521,156521,120679,30246,48070,20997,7642,7279325,910808,
191,170463,537070,529945795,157678,157678,121576,30472,48503,21163,7687,7333461,917169,
192,171795,541112,536645181,158833,158833,122474,30708,48935,21329,7732,7387425,923880,
193,173127,545103,544140361,159982,159982,123407,30905,49332,21495,7778,7441075,931107,
194,174465,549039,551661362,161134,161134,124419,31035,49656,21661,7837,7494541,942146,
195,175801,553046,558269059,162282,162282,125331,31246,50078,21827,7882,7547662,948870,
196,177137,557073,565110027,163429,163429,126214,31479,50529,21993,7926,7601338,955509,
197,178474,561057,572358082,164578,164578,127170,31664,50908,22159,7973,7654233,962854,
198,179810,565072,578881172,165722,165722,128045,31891,51367,22325,8017,7708469,969028,
199,181146,569062,585765841,166868,166868,128968,32089,51778,22491,8062,7762621,975822,
200,182482,573065,592733359,168014,168014,129868,32300,52212,22657,8107,7816652,982539,
201,183818,577070,600358604,169159,169159,130773,32515,52641,22823,8152,7870343,989516,
202,185174,581056,608345719,170330,170330,131800,32636,52968,22992,8211,7925633,1000097,
203,186530,585148,615157510,171498,171498,132695,32869,53427,23161,8256,7978820,1006672,
204,187886,589237,622264478,172668,172668,133601,33095,53875,23330,8301,8032953,1013452,
205,189242,593320,629462123,173836,173836,134515,33319,54315,23499,8346,8087181,1020315,
206,190598,597399,636659008,175004,175004,135420,33539,54764,23668,8391,8141813,1027253,
207,191954,601478,643611711,176171,176171,136321,33761,55217,23837,8436,8196668,1033697,
208,193310,605568,650832527,177339,177339,137228,33992,55664,24006,8481,8250798,1040307,
209,194667,609627,659086585,178509,178509,138185,34187,56062,24175,8527,8305229,1047233,
