Backup ID, Logical chunk num, Unique chunk num, Base chunk num, Delta chunk num, Logical chunk size, Unique chunk size, Base chunk size, Delta chunk size, LZ4_save size, Delta_save size, 
0,598076,118229,113195,5034,8588886016,1032135022,620513381,6930112,360693547,43997982
1,1195194,131087,123079,8008,17177772032,1171401480,670847441,13281464,413698316,73574259
2,1791173,149943,138477,11466,25766658048,1368358678,756237857,21104936,484421179,106594706
3,2386184,164814,150212,14602,34355544064,1528865472,816898629,28339477,547415034,136212332
4,2980525,182825,164736,18089,42944430080,1719207135,898147130,34867081,615363526,170829398
5,3572942,204438,182630,21808,51533316096,1951922178,993712067,43401977,710468362,204339772
6,4164755,221561,196212,25349,60122202112,2137587443,1065326135,50994515,782451513,238815280
7,4755932,242885,213826,29059,68711088128,2361052678,1163428596,58289549,866151419,273183114
8,5346585,262903,229926,32977,77299974144,2573569874,1250209506,67194947,947574209,308591212
9,5936829,281759,244924,36835,85888860160,2774054407,1331172101,73019033,1024242367,345620906
10,6526705,307464,266163,41301,94477746176,3045410776,1444648853,83376441,1134940412,382445070
11,7117376,326216,281280,44936,103066632192,3242865686,1527251123,90774012,1210034508,414806043
12,7708121,347836,298831,49005,111655518208,3473193093,1621785593,98721540,1301030832,451655128
13,8299588,374837,321347,53490,120244404224,3759205714,1744301078,107338288,1415955375,491610973
14,8891445,396422,338760,57662,128833290240,3992611430,1838309478,119317367,1508241798,526742787
15,9483489,417887,356025,61862,137422176256,4224877819,1929906507,124378959,1601683732,568908621
16,10077606,443648,377413,66235,146011062272,4498147302,2049042891,134845761,1707306677,606951973
17,10672558,470248,399570,70678,154599948288,4782863934,2169534392,144916834,1822318504,646094204
18,11268152,494813,419730,75083,163188834304,5047681626,2280136985,153315760,1927116666,687112215
19,11865051,517318,438232,79086,171777720320,5289461317,2380631212,160824387,2024437348,723568370
20,12462550,542802,459218,83584,180366606336,5563245113,2493999192,170064552,2135681468,763499901
21,13060779,568100,479883,88217,188955492352,5836765923,2606187200,179989894,2245806322,804782507
22,13661032,598836,505780,93056,197544378368,6163336318,2749994906,188947520,2375986288,848407604
23,14263100,625524,527981,97543,206133264384,6450494513,2870983069,198192984,2492509087,888809373
24,14866184,651870,549669,102201,214722150400,6735758417,2986921549,207652881,2610280117,930903870
25,15472152,686885,579463,107422,223311036416,7109281814,3151064279,218442860,2763160374,976614301
26,16079762,719004,606731,112273,231899922432,7452798290,3299317936,229362286,2906280197,1017837871
27,16689366,753044,635507,117537,240488808448,7818860463,3456498621,240039318,3058006238,1064316286
28,17301791,788203,665337,122866,249077694464,8196526159,3619314737,251474104,3215390065,1110347253
29,17916474,824183,695967,128216,257666580480,8581486572,3786575274,262987172,3376399742,1155524384
