Backup ID, FPindex, SFindex, Deltaindex
0,9458320,21481536,219744
1,10486960,23379200,369920
2,11995440,26335552,526720
3,13185120,28588672,665312
4,14626000,31376896,820960
5,16355040,34807296,982400
6,17724880,37407424,1141376
7,19430800,40789056,1302048
8,21032240,43877056,1477728
9,22540720,46755584,1649472
10,24597120,50832576,1844832
11,26097280,53726208,2008576
12,27826880,57095488,2191456
13,29986960,61418304,2388800
14,31713760,64761472,2577376
15,33430960,68075712,2769216
16,35491840,72181120,2964896
17,37619840,76434816,3164480
18,39585040,80305216,3363424
19,41385440,83856320,3543872
20,43424160,87883712,3746816
21,45448000,91851264,3959616
22,47906880,96823360,4178752
23,50041920,101085696,4380960
24,52149600,105249664,4592096
25,54950800,110969536,4827936
26,57520320,116204608,5044000
27,60243520,121729280,5282784
28,63056240,127456640,5521824
29,65934640,133337472,5761056
