Backup ID, Online Delta_save, Offline Delta_save, Offline delta time, Offline dedelta time, Offline delete time, Offline Delta chunk num
0,43997982,0,0,0,0,0
1,73574259,0,0,0,0,0
2,106594706,0,0,0,0,0
3,136212332,0,0,0,0,0
4,168864137,1965261,3486,3440,26,46
5,201799198,2540574,9024,8938,58,86
6,236274706,2540574,9024,8938,58,86
7,269108192,4074922,16463,16342,98,121
8,304660041,3931171,21646,21462,154,184
9,338353078,7267828,32167,31848,238,319
10,374353154,8091916,42260,41749,329,511
11,406684620,8121423,47865,47325,360,540
12,442617967,9037161,58944,58336,428,608
13,481387940,10223033,65501,64856,472,645
14,519431331,7311456,84201,83493,551,708
15,557631932,11276689,104664,103898,638,766
16,596037693,10914280,114298,113423,719,875
17,635433739,10660465,125955,124992,789,963
18,674905787,12206428,133769,132722,881,1047
19,709730350,13838020,137184,136025,970,1159
20,749661881,13838020,137184,136025,970,1159
21,791432241,13350266,140976,139791,1023,1185
22,833638111,14769493,158168,156932,1132,1236
23,873597017,15212356,159685,158390,1207,1295
24,915094424,15809446,161644,160273,1279,1371
25,959925893,16688408,164322,162855,1397,1467
26,1000744549,17093322,166870,165311,1488,1559
27,1046663667,17652619,169353,167771,1528,1582
28,1092694634,17652619,169353,167771,1528,1582
29,1137470993,18053391,172827,171214,1588,1613
