BackupID, OnlineSpeed(MB/s), Encalve ProcessTime(s), BackupSize, OnlineSize, OfflineSize, OfflineTime(s)
0, 447.515, 18.3033, 8588886016, 627443493, 627443493, 0.001128
1, 723.027, 11.3288, 8588886016, 684128905, 684128905, 0.001106
2, 697.565, 11.7423, 8588886016, 777342793, 777342793, 0.001252
3, 717.315, 11.419, 8588886016, 845238106, 845238106, 0.00131
4, 672.162, 12.1861, 8588886016, 934514580, 933014211, 2.81314
5, 674.884, 12.1369, 8588886016, 1037303025, 1037114044, 4.07612
6, 690.164, 11.8682, 8588886016, 1116320650, 1116320650, 0.001749
7, 622.977, 13.1482, 8588886016, 1222942948, 1221718145, 5.30084
8, 647.156, 12.6569, 8588886016, 1316816751, 1317404453, 4.09129
9, 662.212, 12.3692, 8588886016, 1406273167, 1404191134, 8.12968
10, 632.746, 12.9452, 8588886016, 1527182559, 1528025294, 7.87852
11, 658.859, 12.4321, 8588886016, 1617853224, 1618025135, 4.21214
12, 639.207, 12.8143, 8588886016, 1720922259, 1720507133, 8.30449
13, 610.281, 13.4217, 8588886016, 1852537385, 1851639366, 4.81172
14, 637.957, 12.8394, 8588886016, 1954142961, 1957626845, 13.6717
15, 630.86, 12.9839, 8588886016, 2057737121, 2054285466, 15.1682
16, 609.443, 13.4401, 8588886016, 2182795617, 2183888652, 7.41287
17, 587.838, 13.9341, 8588886016, 2313533164, 2314451226, 8.47885
18, 613.001, 13.3621, 8588886016, 2434299135, 2433452745, 5.96425
19, 618.549, 13.2423, 8588886016, 2542298689, 2541455599, 3.14558
20, 600.468, 13.641, 8588886016, 2664063744, 2664063744, 0.003928
21, 570.336, 14.3617, 8588886016, 2785490004, 2786177094, 3.18422
22, 555.507, 14.7451, 8588886016, 2940066916, 2938942426, 12.2083
23, 593.721, 13.796, 8588886016, 3069166216, 3069176053, 1.73205
24, 597.825, 13.7013, 8588886016, 3194655523, 3194574430, 1.97545
25, 569.585, 14.3807, 8588886016, 3369612552, 3369507139, 2.77689
26, 568.296, 14.4133, 8588886016, 3528426326, 3528680222, 2.589
27, 557.53, 14.6916, 8588886016, 3696933128, 3696537939, 1.99172
28, 530.729, 15.4335, 8588886016, 3870788841, 3870788841, 0.005665
29, 538.902, 15.1994, 8588886016, 4049745013, 4049562446, 3.00861
