Backup ID, Ecall, Inline_Ocall, Offline_Ocall, _Inline_FPOcall, _Inline_SFOcall, _Inline_LocalOcall, _Inline_LoadOcall, _Inline_DeltaOcall, _Inline_RecipeOcall, _Inline_Write_ContainerOcall, _inline_have_similar_chunk_num, _inline_need_load_container_num
0,4675,8584,5,1143,1143,0,1041,4673,584,158,6583,1375,
1,9342,15134,10,1693,1693,0,1243,9338,1167,173,9558,2269,
2,14001,21812,15,2278,2278,0,1512,13995,1749,198,13016,3466,
3,18652,28505,20,2860,2860,0,1811,18644,2330,216,16152,4771,
4,23298,35319,39327,3457,3457,1,2207,23287,2910,240,19640,6336,
5,27929,42202,88931,4097,4097,2,2603,27915,3488,268,23423,8008,
6,32555,49127,88936,4706,4706,2,3109,32539,4065,290,27049,9742,
7,37176,56140,150495,5354,5354,3,3630,37157,4642,318,30759,11516,
8,41793,63312,215169,6007,6007,5,4305,41770,5218,343,34703,13497,
9,46407,70597,317635,6660,6660,9,5096,46378,5794,367,38563,15520,
10,51018,78017,425949,7378,7378,14,5895,50982,6370,399,43032,17725,
11,55635,85384,472818,8054,8054,15,6719,55596,6946,422,46753,19645,
12,60253,92815,564898,8756,8756,17,7554,60210,7522,449,50822,21816,
13,64876,100436,623674,9522,9522,18,8445,64830,8099,483,55309,24103,
14,69502,107928,752772,10255,10255,20,9270,69452,8676,510,59481,26356,
15,74130,115567,893046,11004,11004,22,10207,74076,9254,537,63687,28745,
16,78774,123200,993811,11796,11796,25,11034,78715,9834,571,68070,31044,
17,83425,131011,1092003,12610,12610,27,11987,83362,10415,605,72516,33510,
18,88081,138863,1194446,13426,13426,30,12972,88013,10996,636,76922,36010,
19,92747,146625,1280437,14223,14223,33,13894,92674,11578,665,80935,38312,
20,97417,154783,1280442,15093,15093,33,15061,97342,12161,697,85451,40922,
21,102093,163032,1343108,16029,16029,34,16180,102015,12745,729,90084,43617,
22,106785,171406,1490979,17015,17015,36,17306,106703,13331,769,94923,46447,
23,111491,179664,1564380,18021,18021,38,18261,111405,13918,803,99410,48922,
24,116205,188043,1633344,19026,19026,40,19330,116115,14506,836,104068,51600,
25,120942,196696,1746638,20108,20108,43,20493,120847,15097,881,109289,54580,
26,125691,205398,1833810,21291,21291,46,21489,125591,15690,922,114140,57230,
27,130456,214329,1882712,22507,22507,47,22630,130353,16285,965,119404,60237,
28,135243,223499,1882717,23772,23772,47,23887,135138,16883,1010,124733,63380,
29,140048,232796,1955812,25105,25105,48,25115,139940,17483,1057,130083,66462,
