Backup ID, Logical chunk num, Unique chunk num, Base chunk num, Delta chunk num, Logical chunk size, Unique chunk size, Base chunk size, Delta chunk size, LZ4_save size, Delta_save size, 
0,598076,118229,112952,5277,8588886016,1032135022,619076998,6006327,359317313,47734384
1,1195194,131087,122861,8226,17177772032,1171401480,669609287,11948259,412462013,77381921
2,1791173,149943,138233,11710,25766658048,1368358678,755128407,19016982,482711842,111501447
3,2386184,164814,149917,14897,34355544064,1528865472,815791170,26867479,544954288,141252535
4,2980525,182825,164391,18434,42944430080,1719207135,897129328,32773337,612223093,177081377
5,3572942,204438,182130,22308,51533316096,1951922178,992364603,41392067,705594038,212571470
6,4164755,221561,195551,26010,60122202112,2137587443,1063709078,48022481,776116042,249739842
7,4755932,242885,213069,29816,68711088128,2361052678,1161614672,57769425,858691739,282976842
8,5346585,262903,229048,33855,77299974144,2573569874,1248189383,65926207,938796866,320657418
9,5936829,281759,243922,37837,85888860160,2774054407,1328806522,72931215,1014092440,358224230
10,6526705,307464,265031,42433,94477746176,3045410776,1441956141,85988371,1123487353,393978911
11,7117376,326216,279948,46268,103066632192,3242865686,1524039799,90501007,1196792830,431532050
12,7708121,347836,297384,50452,111655518208,3473193093,1618310538,98419802,1286721943,469740810
13,8299588,374837,319772,55065,120244404224,3759205714,1740460863,107883911,1400217941,510642999
14,8891445,396422,337074,59348,128833290240,3992611430,1834196213,115021786,1491381151,552012280
15,9483489,417887,354232,63655,137422176256,4224877819,1925634947,123374533,1583667364,592200975
16,10077606,443648,375492,68156,146011062272,4498147302,2044362815,136723627,1688144620,628916240
17,10672558,470248,397515,72733,154599948288,4782863934,2164461179,142356052,1801901103,674145600
18,11268152,494813,417584,77229,163188834304,5047681626,2274816272,151808026,1905774016,715283312
19,11865051,517318,435983,81335,171777720320,5289461317,2375010794,160501552,2002038423,751910548
20,12462550,542802,456855,85947,180366606336,5563245113,2488069285,169080739,2112223426,793871663
21,13060779,568100,477418,90682,188955492352,5836765923,2599987288,178293173,2221340678,837144784
22,13661032,598836,503209,95627,197544378368,6163336318,2743504526,188354521,2350428832,881048439
23,14263100,625524,525291,100233,206133264384,6450494513,2864071248,200222792,2465867604,920332869
24,14866184,651870,546862,105008,214722150400,6735758417,2979566021,205099833,2582550405,968542158
25,15472152,686885,576554,110331,223311036416,7109281814,3143489357,224263023,2734325424,1007204010
26,16079762,719004,603718,115286,231899922432,7452798290,3291406113,227850930,2876524937,1057016310
27,16689366,753044,632384,120660,240488808448,7818860463,3448201544,239050231,3027155791,1104452897
28,17301791,788203,662097,126106,249077694464,8196526159,3610579285,255205013,3183410222,1147331639
29,17916474,824183,692606,131577,257666580480,8581486572,3777338148,271303941,3343335745,1189508738
