Backup ID, FPindex, SFindex, Deltaindex
0,9458320,21474240,232800
1,10486960,23372736,381984
2,11995440,26321280,539936
3,13185120,28562624,679872
4,14626000,31338944,836224
5,16355040,34742976,1001792
6,17724880,37314240,1164480
7,19430800,40676160,1326720
8,21032240,43738368,1504544
9,22540720,46590912,1678528
10,24597120,50640256,1876032
11,26097280,53500480,2044448
12,27826880,56845568,2228736
13,29986960,61140736,2427872
14,31713760,64460480,2618144
15,33430960,67752192,2811680
16,35491840,71830848,3009344
17,37619840,76057024,3211680
18,39585040,79907456,3411744
19,41385440,83437376,3593984
20,43424160,87442112,3798336
21,45448000,91386176,4012416
22,47906880,96335616,4233696
23,50041920,100572608,4437920
24,52149600,104710848,4651296
25,54950800,110409920,4888896
26,57520320,115622976,5106240
27,60243520,121123584,5346976
28,63056240,126825792,5587712
29,65934640,132680320,5828704
