Backup ID, Online Delta_save, Offline Delta_save, Offline delta time, Offline dedelta time, Offline delete time, Offline Delta chunk num
0,29232590,18501794,3844,1831,75,2013
1,49246427,28135494,7116,4142,149,2974
2,66572820,44928627,12611,8009,256,4602
3,78048441,63204094,19933,13420,390,6513
4,88079784,89001593,29316,20405,544,8911
5,100172855,112398615,40516,29286,728,11230
6,109365877,140373965,53654,39765,926,13889
7,119894012,163082830,66404,50000,1123,16404
8,128959888,191697530,81312,61977,1344,19335
9,139724742,218499488,97484,75411,1581,22073
10,149745516,244233395,116011,90777,1854,25234
11,160763594,270768456,135348,107561,2101,27787
12,171410629,298330181,155507,124817,2383,30690
13,184634522,326008477,177858,144298,2679,33560
14,196771095,355241185,201250,164736,2986,36514
15,209834800,382366175,226409,187125,3306,39284
16,224955048,403961192,252965,211008,3625,41957
17,240918894,433226706,281158,236531,3972,44627
18,255413291,459870021,311217,263763,4340,47454
19,271799805,480110743,341417,291742,4675,49675
20,287998201,505873462,373754,321382,5061,52372
21,304243976,532900808,407910,352640,5444,55270
22,319854477,561193962,443947,385660,5881,58287
23,338451444,581881425,481264,420528,6274,60736
24,353862812,614679346,520615,456941,6709,63674
25,372228766,634975244,562206,495516,7156,66690
26,390279208,666737102,604940,535697,7574,69243
27,411255545,693197352,649789,577778,8052,72011
28,431990381,715341258,697214,622378,8576,74836
29,451417249,738091489,746496,668757,9084,77739
