BackupID, OnlineSpeed(MB/s), Encalve ProcessTime(s), BackupSize, OnlineSize, OfflineSize, OfflineTime(s)
0, 447.678, 18.2966, 8588886016, 630163169, 625083325, 5.73041
1, 713.852, 11.4744, 8588886016, 682752735, 681557546, 4.10515
2, 667.771, 12.2662, 8588886016, 776559710, 774145389, 6.71068
3, 716.644, 11.4297, 8588886016, 844621209, 842658649, 8.97264
4, 697.043, 11.7511, 8588886016, 935817539, 929902665, 11.2058
5, 631.388, 12.973, 8588886016, 1038118229, 1033756670, 12.8009
6, 705.847, 11.6045, 8588886016, 1118142375, 1111731559, 14.7558
7, 618.066, 13.2526, 8588886016, 1222473318, 1219384097, 14.2394
8, 690.312, 11.8657, 8588886016, 1320288892, 1314115590, 16.4926
9, 690.489, 11.8626, 8588886016, 1408134989, 1401737737, 17.569
10, 656.892, 12.4693, 8588886016, 1530778573, 1527944512, 20.4548
11, 649.588, 12.6095, 8588886016, 1622632261, 1614540806, 19.6081
12, 653.973, 12.525, 8588886016, 1723412174, 1716730340, 21.3149
13, 651.196, 12.5784, 8588886016, 1854779879, 1848344774, 23.2572
14, 620.095, 13.2093, 8588886016, 1957106609, 1949217999, 24.3452
15, 650.42, 12.5934, 8588886016, 2056009647, 2049009480, 25.6472
16, 649.174, 12.6176, 8588886016, 2183754947, 2181086442, 26.4871
17, 603.291, 13.5772, 8588886016, 2317115597, 2306817231, 28.0279
18, 652.154, 12.5599, 8588886016, 2433669716, 2426624298, 29.5558
19, 654.325, 12.5182, 8588886016, 2540595981, 2535512346, 28.4997
20, 625.909, 13.0866, 8588886016, 2664429815, 2657150024, 31.4068
21, 635.055, 12.8981, 8588886016, 2785822418, 2778280461, 33.0467
22, 586.379, 13.9688, 8588886016, 2939897030, 2931859047, 35.5928
23, 638.57, 12.8271, 8588886016, 3068185921, 3064294040, 34.962
24, 602.431, 13.5966, 8588886016, 3197174769, 3184665854, 37.8767
25, 591.753, 13.8419, 8588886016, 3368029143, 3367752380, 39.6603
26, 567.288, 14.4389, 8588886016, 3533656741, 3519257043, 39.3051
27, 577.579, 14.1816, 8588886016, 3695109106, 3687251775, 42.4633
28, 551.452, 14.8535, 8588886016, 3869071105, 3865784298, 44.8229
29, 562.722, 14.556, 8588886016, 4052240719, 4048642089, 45.7314
