Backup ID, Ecall, Inline_Ocall, Offline_Ocall, _Inline_FPOcall, _Inline_SFOcall, _Inline_LocalOcall, _Inline_LoadOcall, _Inline_DeltaOcall, _Inline_RecipeOcall, _Inline_Write_ContainerOcall, _inline_have_similar_chunk_num, _inline_need_load_container_num
0,4675,8465,75566,1143,1143,75,922,4598,584,160,6567,1362,
1,9342,14970,146620,1693,1693,130,1079,9208,1167,176,9538,2268,
2,14001,21521,249755,2278,2278,223,1221,13772,1749,201,13022,3383,
3,18652,28053,376191,2860,2860,351,1359,18293,2330,220,16211,4591,
4,23298,34621,521252,3457,3457,522,1509,22766,2910,244,19749,6027,
5,27929,41275,695087,4097,4097,696,1676,27221,3488,273,23623,7560,
6,32555,47901,883775,4706,4706,889,1883,31652,4065,295,27345,9157,
7,37176,54561,1066940,5354,5354,1083,2051,36077,4642,324,31151,10710,
8,41793,61273,1274151,6007,6007,1307,2266,40468,5218,350,35209,12484,
9,46407,67956,1495802,6660,6660,1516,2455,44871,5794,375,39191,14212,
10,51018,74801,1750563,7378,7378,1757,2679,49239,6370,408,43788,16208,
11,55635,81542,1986419,8054,8054,1949,2877,53662,6946,433,47631,17870,
12,60253,88350,2252172,8756,8756,2201,3089,58026,7522,461,51816,19802,
13,64876,95323,2531742,9522,9522,2428,3332,62420,8099,497,56429,21740,
14,69502,102232,2824362,10255,10255,2670,3574,66802,8676,525,60712,23735,
15,74130,109217,3133556,11004,11004,2909,3857,71189,9254,553,65019,25792,
16,78774,116308,3441746,11796,11796,3132,4142,75608,9834,588,69520,27783,
17,83425,123451,3775157,12610,12610,3358,4427,80031,10415,624,74097,29863,
18,88081,130584,4127955,13426,13426,3611,4693,84432,10996,657,78593,32020,
19,92747,137685,4459960,14223,14223,3810,4954,88897,11578,686,82700,33898,
20,97417,145002,4833306,15093,15093,4055,5280,93320,12161,720,87313,36138,
21,102093,152445,5210963,16029,16029,4320,5593,97729,12745,753,92048,38414,
22,106785,160010,5630684,17015,17015,4608,5910,102131,13331,795,96993,40826,
23,111491,167623,6024585,18021,18021,4825,6220,106618,13918,831,101599,42972,
24,116205,175286,6453901,19026,19026,5108,6573,111047,14506,866,106374,45378,
25,120942,183160,6904028,20108,20108,5398,6957,115492,15097,913,111697,47989,
26,125691,191218,7335717,21291,21291,5644,7309,119993,15690,956,116652,50317,
27,130456,199389,7817630,22507,22507,5929,7690,124471,16285,1001,122026,52975,
28,135243,207719,8330650,23772,23772,6215,8107,128970,16883,1048,127472,55742,
29,140048,216207,8843574,25105,25105,6522,8526,133466,17483,1096,132944,58561,
