Backup ID, Logical chunk num, Unique chunk num, Base chunk num, Delta chunk num, Logical chunk size, Unique chunk size, Base chunk size, Delta chunk size, LZ4_save size, Delta_save size, 
0,349658,181563,79696,101867,2869463040,1586581660,350803704,88132042,327474342,820171572
1,700527,225166,88519,136647,5748879360,2005085802,388665881,122494581,360535186,1133390154
2,1048641,266111,92912,173199,8606402560,2401076896,404891443,156597948,376665182,1462922323
3,1400928,309641,103095,206546,11506227200,2823542516,449786541,191599332,410272397,1771884246
4,1749773,350273,107170,243103,14379182080,3221877633,464762917,226325952,424968976,2105819788
5,2102412,391624,111036,280588,17284945920,3626123370,478461050,261138041,439012192,2447512087
6,2454706,434179,115047,319132,20191088640,4041790630,493155553,296801966,454000217,2797832894
7,2812109,475940,124262,351678,23129180160,4435403046,528895910,330563937,485357744,3090585455
8,3167314,516183,128290,387893,26049710080,4815972298,544487223,364882618,500239552,3406362905
9,3522400,556670,132467,424203,28969748480,5198324110,560926856,398266330,515944667,3723186257
10,3874982,595347,134974,460373,31867842560,5565605388,570130867,431659584,525052072,4038762865
11,4227381,634533,138410,496123,34764001280,5937267741,584612098,463505008,538460635,4350690000
12,4585507,676861,142346,534515,37705349120,6332317969,599366020,497584886,551817046,4683550017
13,4940662,717180,145343,571837,40626268160,6713959396,610560479,531405052,563018313,5008975552
14,5298219,756126,147596,608530,43568435200,7082753289,618577766,564577219,571017424,5328580880
15,5655036,794396,149512,644884,46505267200,7445443641,625311294,597613938,577852123,5644666286
16,6017260,834554,154107,680447,49483950080,7823476615,643263905,630989806,594630250,5954592654
17,6381829,874758,158316,716442,52483553280,8201432140,660596872,664325096,610200458,6266309714
18,6746630,914145,160513,753632,55485675520,8572341154,668685788,697095072,618412973,6588147321
19,7108426,954067,164104,789963,58467983360,8948973987,683376494,729563313,631541409,6904492771
20,7464498,993174,166455,826719,61400565760,9319044274,691780409,762683080,640122513,7224458272
21,7815621,1032218,170620,861598,64291246080,9690481972,709707858,793838196,655959028,7530976890
22,8163270,1070694,172549,898145,67153766400,10057353438,716386845,826815427,663135502,7851015664
23,8509462,1109121,174556,934565,70005688320,10423757412,723309851,859961595,670645677,8169840289
24,8857126,1147034,176183,970851,72872611840,10785938053,729061126,892755889,676404575,8487716463
25,9205823,1184724,177564,1007160,75747768320,11145427019,733684960,925315743,681405554,8805020762
26,9553238,1223126,179520,1043606,78613667840,11511966758,740755287,958110010,688668725,9124432736
27,9900471,1260887,181233,1079654,81478348800,11872768927,746763286,990266342,695197577,9440541722
28,10248239,1299161,183076,1116085,84350238720,12237946237,753335022,1023319353,702117532,9759174330
29,10596588,1337206,184740,1152466,87226378240,12600596594,759052604,1056267319,708179331,10077097340
30,10946481,1375853,186686,1189167,90117150720,12968055455,766133503,1088636201,715503851,10397781900
31,11291923,1413211,188033,1225178,92970352640,13325556050,770757370,1121075234,720513132,10713210314
32,11633491,1450134,189253,1260881,95788369920,13679895037,775084709,1153631436,724958280,11026220612
33,11980449,1491772,191607,1300165,98655385600,14076093037,783529329,1188206063,733171570,11371186075
34,12328874,1532659,193890,1338769,101536942080,14465034928,791236984,1223098297,741050773,11709648874
35,12678852,1573224,198094,1375130,104431165440,14850849290,808946719,1254196469,756742250,12030963852
36,13027926,1613137,201829,1411308,107317770240,15231135114,825463589,1287361401,771114109,12347196015
37,13379379,1652971,204344,1448627,110227466240,15609136396,834921279,1319626322,780605451,12673983344
38,13728163,1691563,206133,1485430,113113917440,15977195134,840837581,1353178958,786746846,12996431749
39,14076885,1730035,208121,1521914,116000757760,16345283035,847692587,1386345427,793960872,13317284149
40,14428208,1769259,210228,1559031,118909593600,16718145370,854853071,1419891037,801885141,13641516121
41,14776888,1807925,212124,1595801,121795717120,17086806716,861179472,1453060788,808696061,13963870395
42,15125521,1846954,214077,1632877,124680949760,17458129194,867955193,1487061973,815798345,14287313683
43,15474430,1885464,216434,1669030,127569377280,17824633621,876353566,1520291324,824261811,14603726920
44,15821608,1923538,218073,1705465,130441646080,18187892099,882139490,1553470281,830176008,14922106320
45,16170670,1961503,219567,1741936,133332664320,18550291606,887369782,1586234778,835668047,15241018999
46,16521828,1999608,221095,1778513,136244039680,18912830265,892283282,1619440958,841040947,15560065078
47,16873063,2038050,223179,1814871,139155404800,19278065298,899310504,1652213792,848766174,15877774828
48,17225102,2076957,225106,1851851,142071173120,19646653058,905864665,1685730912,855774092,16199283389
49,17574419,2115318,226785,1888533,144962355200,20012221789,911626677,1718937411,861974875,16519682826
50,17926301,2154337,228743,1925594,147876433920,20382505558,918311357,1752803916,869102438,16842287847
51,18271894,2192243,230525,1961718,150738626560,20744929295,924524900,1786337007,875560777,17158506611
52,18617702,2229865,232040,1997825,153603604480,21104158522,929792498,1819767627,881086742,17473511655
53,18965640,2267172,233579,2033593,156488765440,21459879139,935326465,1851937027,886764473,17785851174
54,19314713,2305354,235316,2070038,159383644160,21823151729,941538647,1885290535,893430676,18102891871
55,19663418,2344057,237323,2106734,162274867200,22191381180,949000192,1919019353,901133382,18422228253
56,20013675,2383448,239453,2143995,165181665280,22565614286,956772435,1953269605,909485980,18746086266
57,20362245,2421236,240895,2180341,168073625600,22926259665,961622326,1986626759,914882781,19063127799
58,20711122,2460140,242712,2217428,170970521600,23297321455,968198424,2020876252,921910879,19386335900
59,21060301,2497568,244723,2252845,173870110720,23653978445,976453173,2051975901,929863356,19695686015
60,21409582,2535174,245999,2289175,176770754560,24012391341,980661219,2085488840,934573480,20011667802
61,21758839,2573456,247774,2325682,179671726080,24376710915,986530570,2119217321,941206549,20329756475
62,22110179,2612534,249997,2362537,182588170240,24746247844,994534273,2152416348,949559076,20649738147
63,22458283,2651107,251742,2399365,185476454400,25113522953,1000619602,2186259081,956181002,20970463268
64,22807536,2689545,253420,2436125,188373995520,25479224907,1006734464,2219843026,962590658,21290056759
65,23153242,2727239,254743,2472496,191239946240,25840016130,1011562481,2253532530,967787415,21607133704
66,23501375,2764639,255866,2508773,194128947200,26197711913,1015400946,2286846461,971968556,21923495950
67,23849800,2802055,257032,2545023,197020743680,26555483219,1019321342,2320045091,976318566,22239798220
68,24197521,2840113,258597,2581516,199907051520,26919495546,1025172033,2353482382,982445396,22558395735
69,24546857,2878491,260202,2618289,202809763840,27285992635,1031067272,2387066967,988964456,22878893940
70,24897909,2916854,261833,2655021,205728215040,27651087447,1037357133,2420409690,995469808,23197850816
71,25251386,2955664,263585,2692079,208668569600,28019890005,1043379456,2454391887,1002072745,23520045917
72,25602695,2993999,265129,2728870,211589539840,28385267946,1048989414,2488104763,1008053007,23840120762
73,25952879,3031642,266475,2765167,214500464640,28744357655,1053478915,2521138237,1012836869,24156903634
74,26306780,3069665,268020,2801645,217447301120,29106010902,1058847750,2554043202,1018532148,24474587802
75,26661969,3108343,271194,2837149,220407265280,29473586437,1072451319,2586031866,1030604851,24784498401
76,27016854,3147052,272731,2874321,223364904960,29841213287,1077560815,2620046012,1036306501,25107299959
77,27372834,3185939,274305,2911634,226333276160,30210618529,1083295370,2654038014,1042627455,25430657690
78,27727488,3224888,276036,2948852,229288622080,30580456393,1089346276,2688265835,1049062931,25753781351
79,28083712,3263563,277881,2985682,232259921920,30947402258,1095603492,2721704946,1056033252,26074060568
80,28435875,3301590,279338,3022252,235194050560,31309801095,1100197503,2755222221,1061169301,26393212070
81,28788926,3339470,280544,3058926,238136698880,31670932755,1104344944,2788813313,1065626271,26712148227
82,29143842,3378802,283953,3094849,241094256640,32043527381,1119383631,2820716391,1078194456,27025232903
83,29499437,3417432,285475,3131957,244057620480,32411265351,1124721792,2854707030,1084201053,27347635476
84,29855034,3456001,286979,3169022,247020236800,32778427332,1130025822,2888565233,1089957185,27669879092
