Backup ID, FPindex, SFindex, Deltaindex
0,14525040,13793856,3551648
1,18013280,15351232,4832832
2,21288880,16165952,6120896
3,24771280,18038080,7218112
4,28021840,18799680,8557888
5,31329920,19521408,9811968
6,34734320,20265472,11084192
7,38075200,21702528,12167040
8,41294640,22443904,13441728
9,44533600,23159552,14662400
10,47627760,23628416,15873376
11,50762640,24189696,17059872
12,54148880,24914240,18330400
13,57374400,25466112,19565472
14,60490080,25887552,20780864
15,63551680,26240832,21980640
16,66764320,26905408,23165984
17,69980640,27471680,24363200
18,73131600,27854208,25593152
19,76325360,28362240,26792192
20,79453920,28780096,28002688
21,82577440,29319168,29155264
22,85655520,29672768,30352640
23,88729680,30042112,31545152
24,91762720,30339328,32733856
25,94777920,30595200,33918496
26,97850080,30945664,35111296
27,100870960,31258240,36286688
28,103932880,31593600,37475328
29,106976480,31893248,38661280
30,110068240,32248512,39862464
31,113056880,32496064,41037088
32,116010720,32721600,42196864
33,119341760,33132416,43491136
34,122612720,33550464,44759072
35,125857920,34113088,45967136
36,129050960,34582656,47170720
37,132237680,35013760,48401888
38,135325040,35342912,49612896
39,138402800,35694656,50812128
40,141540720,36067840,52031136
41,144634000,36418944,53239456
42,147756320,36780032,54456160
43,150837120,37176896,55642752
44,153883040,37476032,56839776
45,156920240,37747328,58034048
46,159968640,38032320,59228672
47,163044000,38405376,60419072
48,166156560,38760384,61627776
49,169225440,39071104,62830560
50,172346960,39433280,64046080
51,175379440,39754944,65227072
52,178389200,40030464,66408736
53,181373760,40308864,67579264
54,184428320,40625408,68766432
55,187524560,40994560,69961728
56,190675840,41377216,71176704
57,193698880,41639616,72364032
58,196811200,41974784,73572832
59,199805440,42279616,74734208
60,202813920,42513984,75917856
61,205876480,42831552,77104352
62,209002720,43224064,78310624
63,212088560,43543488,79508832
64,215163600,43850944,80706400
65,218179120,44091968,81889536
66,221171120,44299840,83068832
67,224164400,44511104,84246240
68,227209040,44794112,85431552
69,230279280,45087808,86626400
70,233348320,45373568,87820384
71,236453120,45692224,89025856
72,239519920,45971840,90223936
73,242531360,46218624,91403744
74,245573200,46497024,92590368
75,248667440,46903936,93751616
76,251764160,47187456,94962432
77,254875120,47472256,96175328
78,257991040,47789184,97386368
79,261085040,48126720,98585856
80,264127200,48386688,99776192
81,267157600,48604672,100968352
82,270304160,49051200,102142816
83,273394560,49325248,103350656
84,276480080,49600576,104555872
