Backup ID, Online Delta_save, Offline Delta_save, Offline delta time, Offline dedelta time, Offline delete time, Offline Delta chunk num
0,820171572,0,0,0,0,0
1,1133390154,0,0,0,0,0
2,1462922323,0,0,0,0,0
3,1771884246,0,0,0,0,0
4,2105819788,0,0,0,0,0
5,2447512087,0,0,0,0,0
6,2797832894,0,0,0,0,0
7,3090585455,0,0,0,0,0
8,3406362905,0,0,0,0,0
9,3723186257,0,0,0,0,0
10,4038762865,0,0,0,0,0
11,4350690000,0,0,0,0,0
12,4683550017,0,0,0,0,0
13,5008975552,0,0,0,0,0
14,5328580880,0,0,0,0,0
15,5644666286,0,0,0,0,0
16,5954592654,0,0,0,0,0
17,6266309714,0,0,0,0,0
18,6588147321,0,0,0,0,0
19,6904492771,0,0,0,0,0
20,7224458272,0,0,0,0,0
21,7530976890,0,0,0,0,0
22,7851015664,0,0,0,0,0
23,8169840289,0,0,0,0,0
24,8487716463,0,0,0,0,0
25,8805020762,0,0,0,0,0
26,9124432736,0,0,0,0,0
27,9440541722,0,0,0,0,0
28,9759174330,0,0,0,0,0
29,10077097340,0,0,0,0,0
30,10397781900,0,0,0,0,0
31,10713210314,0,0,0,0,0
32,11026220612,0,0,0,0,0
33,11371186075,0,0,0,0,0
34,11709648874,0,0,0,0,0
35,12030963852,0,0,0,0,0
36,12347196015,0,0,0,0,0
37,12673983344,0,0,0,0,0
38,12996431749,0,0,0,0,0
39,13317284149,0,0,0,0,0
40,13641516121,0,0,0,0,0
41,13963870395,0,0,0,0,0
42,14287313683,0,0,0,0,0
43,14603726920,0,0,0,0,0
44,14922106320,0,0,0,0,0
45,15241018999,0,0,0,0,0
46,15560065078,0,0,0,0,0
47,15877774828,0,0,0,0,0
48,16199283389,0,0,0,0,0
49,16519682826,0,0,0,0,0
50,16842287847,0,0,0,0,0
51,17158506611,0,0,0,0,0
52,17473511655,0,0,0,0,0
53,17785851174,0,0,0,0,0
54,18102891871,0,0,0,0,0
55,18422228253,0,0,0,0,0
56,18746086266,0,0,0,0,0
57,19063127799,0,0,0,0,0
58,19386335900,0,0,0,0,0
59,19695686015,0,0,0,0,0
60,20011667802,0,0,0,0,0
61,20329756475,0,0,0,0,0
62,20649738147,0,0,0,0,0
63,20970463268,0,0,0,0,0
64,21290056759,0,0,0,0,0
65,21607133704,0,0,0,0,0
66,21923495950,0,0,0,0,0
67,22239798220,0,0,0,0,0
68,22558395735,0,0,0,0,0
69,22878893940,0,0,0,0,0
70,23197850816,0,0,0,0,0
71,23520045917,0,0,0,0,0
72,23840120762,0,0,0,0,0
73,24156903634,0,0,0,0,0
74,24474587802,0,0,0,0,0
75,24784498401,0,0,0,0,0
76,25107299959,0,0,0,0,0
77,25430657690,0,0,0,0,0
78,25753781351,0,0,0,0,0
79,26074060568,0,0,0,0,0
80,26393212070,0,0,0,0,0
81,26712148227,0,0,0,0,0
82,27025232903,0,0,0,0,0
83,27347635476,0,0,0,0,0
84,27669879092,0,0,0,0,0
