BackupID, OnlineSpeed(MB/s), Encalve ProcessTime(s), BackupSize, OnlineSize, OfflineSize, OfflineTime(s)
0, 55.8724, 48.9782, 2869463040, 438935746, 438935746, 0.000718
1, 122.608, 22.3968, 2879416320, 511160462, 511160462, 0.00074
2, 116.448, 23.4022, 2857523200, 561489391, 561489391, 0.000754
3, 106.202, 26.0399, 2899824640, 641385873, 641385873, 0.000838
4, 105.355, 26.0061, 2872954880, 691088869, 691088869, 0.00082
5, 101.802, 27.2209, 2905763840, 739599091, 739599091, 0.000878
6, 98.2399, 28.2117, 2906142720, 789957519, 789957519, 0.000915
7, 103.61, 27.0436, 2938091520, 859459847, 859459847, 0.000998
8, 99.9938, 27.8541, 2920529920, 909369841, 909369841, 0.001035
9, 98.4895, 28.2747, 2920038400, 959193186, 959193186, 0.000971
10, 96.0313, 28.7806, 2898094080, 1001790451, 1001790451, 0.00101
11, 99.0311, 27.8901, 2896158720, 1048117106, 1048117106, 0.00109
12, 94.3153, 29.7416, 2941347840, 1096950906, 1096950906, 0.001091
13, 92.9984, 29.9533, 2920919040, 1141965531, 1141965531, 0.001131
14, 93.6982, 29.9458, 2942167040, 1183154985, 1183154985, 0.001069
15, 93.6907, 29.8939, 2936832000, 1222925232, 1222925232, 0.001195
16, 101.443, 28.0029, 2978682880, 1274253711, 1274253711, 0.001219
17, 98.455, 29.0553, 2999603200, 1324921968, 1324921968, 0.00122
18, 95.4015, 30.0105, 3002122240, 1365780860, 1365780860, 0.001228
19, 94.745, 30.019, 2982307840, 1412939807, 1412939807, 0.001281
20, 90.5272, 30.8938, 2932582400, 1454463489, 1454463489, 0.001269
21, 95.0039, 29.0174, 2890680320, 1503546054, 1503546054, 0.001251
22, 88.617, 30.8057, 2862520320, 1543202272, 1543202272, 0.001324
23, 88.2744, 30.8108, 2851921920, 1583271446, 1583271446, 0.001366
24, 91.5324, 29.8704, 2866923520, 1621817015, 1621817015, 0.001355
25, 89.8991, 30.5004, 2875156480, 1659000703, 1659000703, 0.001333
26, 90.5188, 30.1941, 2865899520, 1698865297, 1698865297, 0.001389
27, 91.1324, 29.978, 2864680960, 1737029628, 1737029628, 0.001405
28, 90.3602, 30.3103, 2871889920, 1776654375, 1776654375, 0.001313
29, 89.9519, 30.493, 2876139520, 1815319923, 1815319923, 0.001403
30, 90.9615, 30.3079, 2890772480, 1854769704, 1854769704, 0.001909
31, 89.5637, 30.3809, 2853201920, 1891832604, 1891832604, 0.001457
32, 88.8115, 30.2604, 2818017280, 1928716145, 1928716145, 0.001452
33, 83.9292, 32.5775, 2867015680, 1971735392, 1971735392, 0.001398
34, 83.8076, 32.7902, 2881556480, 2014335281, 2014335281, 0.001483
35, 90.5326, 30.4879, 2894223360, 2063143188, 2063143188, 0.001451
36, 91.8152, 29.9829, 2886604800, 2112824990, 2112824990, 0.001507
37, 86.5677, 32.0547, 2909696000, 2154547601, 2154547601, 0.001652
38, 86.1118, 31.967, 2886451200, 2194016539, 2194016539, 0.001527
39, 86.6219, 31.783, 2886840320, 2234038014, 2234038014, 0.001584
40, 85.82, 32.3244, 2908835840, 2274744108, 2274744108, 0.001622
41, 85.6266, 32.1445, 2886123520, 2314240260, 2314240260, 0.001629
42, 84.0444, 32.7395, 2885232640, 2355017166, 2355017166, 0.001619
43, 85.7879, 32.1096, 2888427520, 2396644890, 2396644890, 0.001648
44, 84.1502, 32.5514, 2872268800, 2435609771, 2435609771, 0.001639
45, 84.6006, 32.5895, 2891018240, 2473604560, 2473604560, 0.001666
46, 85.998, 32.2857, 2911375360, 2511724240, 2511724240, 0.001659
47, 84.4863, 32.8632, 2911365120, 2551524296, 2551524296, 0.001703
48, 84.3215, 32.9773, 2915768320, 2591595577, 2591595577, 0.001732
49, 84.5397, 32.6148, 2891182080, 2630564088, 2630564088, 0.001717
50, 83.0914, 33.4461, 2914078720, 2671115273, 2671115273, 0.001691
51, 82.6878, 33.0109, 2862192640, 2710861907, 2710861907, 0.001729
52, 82.7081, 33.0349, 2864977920, 2749560125, 2749560125, 0.001646
53, 84.5974, 32.5247, 2885160960, 2787263492, 2787263492, 0.001734
54, 82.8888, 33.3069, 2894878720, 2826829182, 2826829182, 0.001793
55, 82.2604, 33.519, 2891223040, 2868019545, 2868019545, 0.001789
56, 80.5266, 34.4251, 2906798080, 2910042040, 2910042040, 0.001812
57, 83.0069, 33.226, 2891960320, 2948249085, 2948249085, 0.00179
58, 81.1584, 34.0408, 2896896000, 2989074676, 2989074676, 0.001807
59, 83.3368, 33.1818, 2899589120, 3028429074, 3028429074, 0.001833
60, 82.0209, 33.7264, 2900643840, 3066150059, 3066150059, 0.001863
61, 82.8905, 33.3764, 2900971520, 3105747891, 3105747891, 0.001934
62, 81.2687, 34.224, 2916444160, 3146950621, 3146950621, 0.001828
63, 81.7638, 33.6883, 2888284160, 3186878683, 3186878683, 0.001914
64, 81.846, 33.7623, 2897541120, 3226577490, 3226577490, 0.001908
65, 80.7462, 33.8491, 2865950720, 3265095011, 3265095011, 0.001858
66, 82.1194, 33.5507, 2889000960, 3302247407, 3302247407, 0.001953
67, 81.6969, 33.7569, 2891796480, 3339366433, 3339366433, 0.001834
68, 82.536, 33.3503, 2886307840, 3378654415, 3378654415, 0.001976
69, 82.3975, 33.5962, 2902712320, 3418134239, 3418134239, 0.001964
70, 81.9125, 33.9784, 2918451200, 3457766823, 3457766823, 0.001965
71, 81.4126, 34.4436, 2940354560, 3497771343, 3497771343, 0.002053
72, 81.9672, 33.985, 2920970240, 3537094177, 3537094177, 0.001958
73, 83.1568, 33.3836, 2910924800, 3574617152, 3574617152, 0.001921
74, 83.2661, 33.7511, 2946836480, 3612890952, 3612890952, 0.002058
75, 86.3996, 32.6719, 2959964160, 3658483185, 3658483185, 0.002079
76, 82.0726, 34.3674, 2957639680, 3697606827, 3697606827, 0.001954
77, 81.5808, 34.7001, 2968371200, 3737333384, 3737333384, 0.002158
78, 81.5131, 34.5765, 2955345920, 3777612111, 3777612111, 0.002126
79, 82.834, 34.2088, 2971299840, 3817308438, 3817308438, 0.002064
80, 83.5193, 33.5037, 2934128640, 3855419724, 3855419724, 0.001985
81, 82.3897, 34.0616, 2942648320, 3893158257, 3893158257, 0.002213
82, 85.4186, 33.0203, 2957557760, 3940100022, 3940100022, 0.002135
83, 81.9164, 34.4996, 2963363840, 3979428822, 3979428822, 0.002115
84, 82.7575, 34.1404, 2962616320, 4018591055, 4018591055, 0.002168
