Backup ID, Ecall, Inline_Ocall, Offline_Ocall, _Inline_FPOcall, _Inline_SFOcall, _Inline_LocalOcall, _Inline_LoadOcall, _Inline_DeltaOcall, _Inline_RecipeOcall, _Inline_Write_ContainerOcall, _inline_have_similar_chunk_num, _inline_need_load_container_num
0,2734,36087,5,2732,2732,0,27550,2732,341,119,110352,33544,
1,5478,55418,10,5474,5474,0,38313,5474,683,140,146244,51936,
2,8200,74527,15,8194,8194,0,48923,8194,1022,156,183003,70931,
3,10955,95751,20,10947,10947,0,61544,10947,1366,179,216920,90387,
4,13683,116791,25,13673,13673,0,74066,13673,1706,194,253624,110603,
5,16440,138711,30,16428,16428,0,87377,16428,2050,209,291252,131570,
6,19195,161331,35,19181,19181,0,101394,19181,2394,225,329983,153057,
7,21990,184847,40,21974,21974,0,116182,21974,2743,246,364450,173080,
8,24768,207215,45,24750,24750,0,129876,24750,3089,261,400873,194067,
9,27545,230448,50,27525,27525,0,144438,27525,3435,277,437773,215731,
10,30302,253474,55,30280,30280,0,158855,30280,3779,291,474029,237297,
11,33058,276533,60,33034,33034,0,173308,33034,4123,306,510470,258595,
12,35858,300474,65,35832,35832,0,188506,35832,4472,321,549096,280704,
13,38635,324486,70,38607,38607,0,203847,38607,4818,335,586576,303019,
14,41431,348600,75,41401,41401,0,219230,41401,5167,349,623336,325304,
15,44221,372671,80,44189,44189,0,234589,44189,5515,362,659783,347565,
16,47053,396805,85,47019,47019,0,249880,47019,5868,378,696787,369048,
17,49904,421651,90,49868,49868,0,265823,49868,6224,394,734280,391270,
18,52757,446163,95,52718,52718,0,281428,52719,6580,408,771723,413768,
19,55586,471249,100,55545,55545,0,297680,55546,6933,423,809184,436466,
20,58370,496140,105,58327,58327,0,313878,58328,7280,437,846169,459092,
21,61116,521054,110,61071,61071,0,330218,61072,7622,452,882601,481113,
22,63835,545605,115,63787,63787,0,346281,63789,7961,465,919275,503538,
23,66542,570165,120,66492,66492,0,362388,66494,8299,478,955804,525931,
24,69261,594332,125,69209,69209,0,378065,69211,8638,491,992196,548030,
25,71988,618945,130,71934,71934,0,394163,71936,8978,504,1028568,570413,
26,74705,643486,135,74649,74649,0,410220,74651,9317,517,1065190,592754,
27,77420,667524,140,77362,77362,0,425780,77364,9656,530,1101357,614703,
28,80139,692018,145,80079,80079,0,441784,80081,9995,543,1137935,636962,
29,82863,716672,150,82801,82801,0,457932,82803,10335,556,1174442,659400,
30,85599,741295,155,85535,85535,0,474012,85537,10676,569,1211281,681707,
31,88300,765921,160,88234,88234,0,490204,88236,11013,582,1247367,704048,
32,90971,790206,165,90903,90903,0,506149,90905,11346,595,1283129,726212,
33,93684,816330,170,93614,93614,0,523802,93616,11684,609,1322678,750126,
34,96409,842224,175,96337,96337,0,541187,96339,12024,622,1361419,773751,
35,99146,868128,180,99072,99072,0,558545,99074,12365,637,1399265,796605,
36,101876,893709,185,101800,101800,0,575602,101802,12705,653,1436923,819310,
37,104624,919822,190,104546,104546,0,593134,104548,13048,667,1474587,842706,
38,107351,945493,195,107271,107271,0,610290,107273,13388,680,1511484,865748,
39,110078,971182,200,109996,109996,0,627464,109998,13728,693,1548185,888745,
40,112825,997441,205,112741,112741,0,645145,112743,14071,706,1585491,912240,
41,115552,1023515,210,115466,115466,0,662704,115468,14411,719,1622356,935474,
42,118278,1049768,215,118190,118190,0,680445,118192,14751,732,1659520,958897,
43,121006,1075609,220,120916,120916,0,697768,120918,15091,746,1696022,981769,
44,123721,1101720,225,123629,123629,0,715401,123631,15430,759,1732559,1005018,
45,126451,1127755,230,126357,126357,0,732912,126359,15770,772,1769134,1028123,
46,129197,1154031,235,129101,129101,0,750614,129103,16112,785,1805767,1051407,
47,131944,1180596,240,131846,131846,0,768601,131848,16455,798,1842292,1074753,
48,134697,1207136,245,134597,134597,0,786545,134599,16798,811,1879373,1098249,
49,137429,1233670,250,137327,137327,0,804548,137329,17139,824,1916143,1121691,
50,140181,1260681,255,140077,140077,0,822966,140079,17482,837,1953279,1145495,
51,142883,1287266,260,142777,142777,0,841114,142779,17819,850,1989536,1168806,
52,145587,1314112,265,145479,145479,0,859517,145481,18156,863,2025748,1192203,
53,148308,1340573,270,148198,148198,0,877482,148200,18495,876,2061636,1215308,
54,151038,1367653,275,150926,150926,0,896038,150928,18835,889,2098198,1238916,
55,153765,1394753,280,153651,153651,0,914623,153653,19175,902,2135003,1262581,
56,156504,1422324,285,156388,156388,0,933641,156390,19517,916,2172432,1286600,
57,159230,1449391,290,159112,159112,0,952196,159114,19857,929,2208882,1310202,
58,161958,1476761,295,161838,161838,0,971048,161840,20197,942,2246052,1334200,
59,164688,1503979,300,164566,164566,0,989742,164568,20537,955,2281975,1357656,
60,167419,1531242,305,167295,167295,0,1008477,167297,20878,968,2318372,1381426,
61,170150,1558427,310,170024,170024,0,1027134,170026,21219,981,2355029,1405098,
62,172897,1586140,315,172769,172769,0,1046269,172771,21562,995,2392103,1429139,
63,175619,1613463,320,175489,175489,0,1065093,175491,21901,1008,2429036,1453041,
64,178350,1640868,325,178218,178218,0,1083970,178220,22242,1021,2465903,1476966,
65,181053,1668148,330,180919,180919,0,1102810,180921,22579,1034,2502366,1500657,
66,183775,1695453,335,183639,183639,0,1121616,183641,22918,1046,2538695,1524442,
67,186500,1722982,340,186362,186362,0,1140636,186364,23258,1059,2575026,1548308,
68,189219,1750213,345,189079,189079,0,1159377,189081,23597,1072,2611629,1572044,
69,191951,1777866,350,191809,191809,0,1178499,191811,23938,1085,2648504,1596050,
70,194696,1805684,355,194552,194552,0,1197746,194554,24280,1098,2685416,1620171,
71,197460,1833594,360,197314,197314,0,1217025,197316,24625,1111,2722608,1644404,
72,200207,1861406,365,200059,200059,0,1236259,200061,24968,1124,2759505,1668520,
73,202945,1888884,370,202795,202795,0,1255188,202797,25309,1137,2795872,1692392,
74,205712,1916728,375,205560,205560,0,1274392,205562,25654,1150,2832471,1716475,
75,208489,1944797,380,208335,208335,0,1293790,208337,26000,1165,2869216,1740321,
76,211264,1972755,385,211108,211108,0,1313083,211110,26346,1178,2906464,1764502,
77,214048,2001046,390,213890,213890,0,1332681,213892,26693,1191,2943870,1788946,
78,216821,2029281,395,216661,216661,0,1352257,216663,27039,1204,2981188,1813335,
79,219606,2057425,400,219444,219444,0,1371705,219446,27386,1217,3018147,1837553,
80,222360,2084825,405,222196,222196,0,1390506,222198,27729,1230,3054844,1861292,
81,225121,2112831,410,224955,224955,0,1409891,224957,28073,1243,3091600,1885527,
82,227896,2141238,415,227728,227728,0,1429633,227730,28419,1258,3128749,1909632,
83,230677,2169490,420,230507,230507,0,1449201,230509,28766,1271,3165973,1934040,
84,233458,2197672,425,233286,233286,0,1468699,233288,29113,1284,3203129,1958434,
