Backup ID, Logical chunk num, Unique chunk num, Base chunk num, Delta chunk num, Logical chunk size, Unique chunk size, Base chunk size, Delta chunk size, LZ4_save size, Delta_save size, 
0,47270,45091,44906,185,374824960,355493664,226778392,121741,127105196,1488335
1,93760,63193,55042,8151,741068800,495103669,276876562,1021870,157209706,59995531
2,140254,80435,64873,15562,1108418560,629979924,325815687,2041418,187565022,114557797
3,186916,97135,73595,23540,1477611520,759367472,369553807,3116952,214469140,172227573
4,233561,111930,80896,31034,1846190080,875009206,404867805,3995058,239049243,227097100
5,271616,126584,88546,38038,2149201920,988912863,439847951,4964127,265361545,278739240
6,333509,182509,140903,41606,2647705600,1439024217,689141104,6273283,438940382,304669448
7,375631,217536,168395,49141,2997319680,1732574333,808057419,7720552,551094834,365701528
8,419564,249310,186643,62667,3364526080,1998004082,897886238,13200663,608953958,477963223
9,463497,249332,186653,62679,3731732480,1998126473,897894079,13203580,608996595,478032219
10,511234,257100,192095,65005,4109803520,2059446492,924928715,13486479,627015268,494016030
11,550375,262844,195589,67255,4422103040,2104629607,940652018,13714897,641022586,509240106
12,589502,277512,203219,74293,4734248960,2218783128,977472357,14762973,666134674,560413124
13,652520,280730,203696,77034,5241784320,2241418287,979371602,15097233,667618058,579331394
14,717905,300858,213084,87774,5764464640,2400783295,1021541921,16514607,698742710,663984057
15,783325,316129,219113,97016,6287237120,2525462985,1050799889,17523287,719617151,737522658
16,829595,341773,229712,112061,6673735680,2745488039,1097407334,27484583,763136767,857459355
17,875466,350721,231512,119209,7057971200,2823472834,1103767265,35179349,770237621,914288599
18,923854,357394,235653,121741,7442227200,2876277470,1122107287,35423399,787118764,931628020
19,971484,363629,239062,124567,7817871360,2924628193,1136336167,34835997,801387737,952068292
20,1019179,369592,242177,127415,8194682880,2971142827,1148973519,35154642,815204916,971809750
21,1067026,375496,245174,130322,8573368320,3017413239,1160867556,35507545,829010493,992027645
22,1112897,375519,245186,130333,8957603840,3017536324,1160880495,35511291,829056569,992087969
23,1158768,375540,245189,130351,9341839360,3017643824,1160881864,35515541,829069024,992177395
24,1207545,391103,253836,137267,9731287040,3147129212,1207092409,36348627,855166768,1048521408
25,1256392,394790,254653,140137,10121338880,3173146392,1211293950,36649994,856769852,1068432596
26,1305302,398504,255175,143329,10512404480,3198894091,1213112732,37148533,858423816,1090209010
27,1354172,412295,260955,151340,10903429120,3314601417,1242093119,38045968,878575891,1155886439
28,1402940,415863,261604,154259,11293941760,3340115247,1246000977,38411471,879643461,1176059338
29,1443085,436186,270434,165752,11619184640,3504542465,1289443805,40129342,908229614,1266739704
30,1483217,452933,276794,176139,11944468480,3640857118,1319585584,41453403,930573514,1349244617
31,1523363,455386,277184,178202,12269639680,3659050396,1321724404,41712180,931413647,1364200165
32,1563546,457878,277681,180197,12595281920,3677505788,1324558223,41976561,932399015,1378571989
33,1603775,460343,278153,182190,12921047040,3695746745,1327391404,42184052,933329696,1392841593
34,1648884,470364,282049,188315,13298063360,3789919389,1338902895,54467184,959044954,1437504356
35,1694029,478149,283096,195053,13675489280,3861312313,1343001088,64408768,963460568,1490441889
36,1741440,485699,283784,201915,14072944640,3929958353,1345976303,70192734,966391396,1547397920
37,1788524,505702,288918,216784,14468106240,4101652910,1371757871,79896865,982747403,1667250771
38,1835523,513397,290220,223177,14863370240,4171832822,1376671110,89425926,990950247,1714785539
39,1876216,530689,298950,231739,15191316480,4311487807,1419919309,90775370,1017368337,1783424791
40,1913449,545953,303885,242068,15492782080,4436563133,1444146425,92562220,1033372270,1866482218
41,1950738,563025,310096,252929,15794718720,4575785202,1475325596,94111057,1052521410,1953827139
42,1988065,578196,316249,261947,16096768000,4699732147,1507653689,95569904,1069947453,2026561101
43,2025433,582690,317514,265176,16399237120,4732139714,1513311009,96406638,1073755932,2048666135
44,2074134,597635,325026,272609,16789903360,4856818378,1552720690,97643999,1097849070,2108604619
45,2122847,600194,325616,274578,17180590080,4875734367,1556420002,97830028,1098835756,2122648581
46,2171519,603472,326052,277420,17570560000,4899115325,1558633993,98229459,1100034370,2142217503
47,2220326,618425,331455,286970,17961431040,5021636387,1583046295,99591924,1120445798,2218552370
48,2257694,618450,331464,286986,18263900160,5021781860,1583051815,99596520,1120481759,2218651766
49,2307202,622086,333324,288762,18659973120,5049354401,1596356972,99777853,1122100291,2231119285
50,2356622,624875,334016,290859,19055656960,5069977693,1600907605,100167481,1123022333,2245880274
51,2405612,636347,338177,298170,19468840960,5177786411,1616919526,120603156,1146015068,2294248661
52,2447006,637794,338625,299169,19802460160,5189341117,1619920655,120736160,1146712906,2301971396
53,2484962,639336,339278,300058,20109813760,5201673249,1624594117,120865465,1147409473,2308804194
54,2522969,640807,339767,301040,20417689600,5213578195,1627942963,120997390,1148066180,2316571662
55,2561009,642051,340047,302004,20725667840,5223559501,1629705218,121141405,1148626494,2324086384
56,2599098,643311,340305,303006,21034076160,5233628060,1631234389,121280094,1149162694,2331950883
57,2639876,645916,340876,305040,21364449280,5252952705,1634729981,121554906,1150085203,2346582615
58,2680677,648640,341551,307089,21695129600,5273120641,1638881778,121837275,1151134670,2361266918
59,2721490,651174,341958,309216,22025707520,5292001087,1641193960,122133076,1151937419,2376736632
60,2762338,653720,342376,311344,22356746240,5310963607,1643710209,122400913,1152732199,2392120286
61,2803249,656273,342763,313510,22687907840,5329807731,1645890512,122684634,1153486019,2407746566
62,2850269,667060,344493,322567,23082076160,5426033199,1651852892,132949246,1163208471,2478022590
63,2897423,675589,345584,330005,23477360640,5503728992,1655900199,137464661,1168664594,2541699538
64,2946849,684080,346269,337811,23892674560,5580869610,1658544336,145604687,1171667808,2605052779
65,2995937,692541,346858,345683,24305715200,5657844301,1660827000,156301475,1174255527,2666460299
66,3034026,692567,346870,345697,24614123520,5657992401,1660840176,156306855,1174301964,2666543406
67,3083892,695994,348427,347567,25014067200,5683878422,1669309721,156300419,1178173582,2680094700
68,3133068,710148,354699,355449,25406832640,5802337491,1702328659,157349270,1198274707,2744384855
69,3182530,712856,355442,357414,25803069440,5822555219,1707549377,157578053,1199233538,2758194251
70,3220619,712881,355446,357435,26111477760,5822699186,1707551267,157586255,1199250080,2758311584
71,3263035,735096,376171,358925,26455859200,6005656824,1824415266,158101603,1253600251,2769539704
72,3307336,746419,385105,361314,26815508480,6098796294,1872807667,158645883,1279307145,2788035599
73,3350218,752391,389553,362838,27163023360,6147772247,1897766917,158939412,1290894263,2800171655
74,3393144,753605,389882,363723,27510743040,6157487549,1899976401,159056136,1291373570,2807081442
75,3436144,759571,393440,366131,27858503680,6204746036,1917590023,159443856,1302350964,2825361193
76,3479144,762358,394093,368265,28206233600,6225611499,1921077503,159716615,1303971364,2840846017
77,3523445,770570,399282,371288,28565800960,6291053095,1946308635,160308751,1321413435,2863022274
78,3567732,772866,399791,373075,28925265920,6310049010,1949288770,160519250,1322731473,2877509517
79,3612081,781297,404695,376602,29285120000,6376027080,1972238899,161323737,1339805567,2902658877
80,3656412,784282,405218,379064,29644994560,6399193338,1974523221,161510522,1341678403,2921481192
81,3700674,787566,406050,381516,30004213760,6425556325,1978908837,161801313,1343838153,2941008022
82,3740691,798725,415684,383041,30326528000,6515039713,2031617895,162310846,1368532340,2952578632
83,3783372,805381,420125,385256,30671964160,6567954497,2054677371,162735099,1381330931,2969211096
84,3825950,810353,423480,386873,31016939520,6607659097,2072038547,162973210,1391349581,2981297759
85,3868596,815960,426115,389845,31362539520,6650687784,2089404192,163651207,1395166871,3002465514
86,3910995,819466,427009,392457,31706787840,6677029366,2094375342,163800907,1397390211,3021462906
87,3953403,821838,427281,394557,32051159040,6694505446,2095334721,164053720,1398435966,3036681039
88,3997704,821859,427285,394574,32410808320,6694628515,2095342669,164057940,1398458397,3036769509
89,4042378,824073,429201,394872,32773447680,6712487789,2109886760,164125155,1399605715,3038870159
90,4086956,826102,430311,395791,33135206400,6728833826,2118485812,164242953,1400215523,3045889538
91,4131606,827496,430680,396816,33497640960,6740028415,2120946673,164383830,1400743519,3053954393
92,4176284,834288,434838,399450,33860229120,6794113241,2140501732,165088767,1415643456,3072879286
93,4220932,838026,435512,402514,34222755840,6822115611,2143095371,165618508,1417975892,3095425840
94,4265582,838047,435519,402528,34585190400,6822244413,2143102468,165620178,1418014183,3095507584
