Backup ID, FPindex, SFindex, Deltaindex
0,3607280,8562432,10176
1,5055440,10505600,514400
2,6434800,12391168,826144
3,7770800,14065024,1129440
4,8954400,15465792,1409024
5,10126720,16924928,1677088
6,14600720,26912448,1836800
7,17402880,31885568,2265024
8,19944800,35328896,2891776
9,19946560,35330816,2892480
10,20568000,36374784,2976256
11,21027520,37045504,3064576
12,22200960,38509824,3318240
13,22458400,38601408,3451968
14,24068640,40400896,3879904
15,25290320,41558336,4199200
16,27341840,43568704,4790624
17,28057680,43861696,5081760
18,28591520,44656192,5176640
19,29090320,45309952,5282016
20,29567360,45907904,5384704
21,30039680,46483264,5488992
22,30041520,46485568,5489536
23,30043200,46486144,5490368
24,31288240,48145472,5730656
25,31583200,48301120,5844160
26,31880320,48401024,5957984
27,32983600,49508480,6247136
28,33269040,49632384,6349184
29,34894880,51324736,6771552
30,36234640,52543616,7130048
31,36430880,52618304,7204320
32,36630240,52713536,7275712
33,36827440,52803968,7347776
34,37629120,53528256,7565568
35,38251920,53703168,7832896
36,38855920,53811328,8068480
37,40456160,54764224,8590816
38,41071760,54974528,8814592
39,42455120,56639552,9111072
40,43676240,57580480,9506816
41,45042000,58722240,9892928
42,46255680,59874560,10209024
43,46615200,60115136,10329376
44,47810800,61556992,10588992
45,48015520,61670080,10660512
46,48277760,61752960,10762048
47,49474000,62787264,11102560
48,49476000,62788864,11103456
49,49766880,63144832,11162240
50,49990000,63277120,11242272
51,50907760,64036800,11514144
52,51023520,64122816,11563840
53,51146880,64248192,11597792
54,51264560,64341760,11635136
55,51364080,64394880,11668352
56,51464880,64443968,11703136
57,51673280,64552320,11778880
58,51891200,64681408,11854560
59,52093920,64758592,11929216
60,52297600,64837440,12001792
61,52501840,64911040,12074944
62,53364800,65207680,12423584
63,54047120,65346560,12686144
64,54726400,65455296,12950272
65,55403280,65529088,13218560
66,55405360,65531392,13219200
67,55679520,65828928,13282464
68,56811840,67031168,13551264
69,57028480,67173376,13621216
70,57030480,67174144,13622144
71,58807680,71147968,13706976
72,59713520,72861824,13826304
73,60191280,73715584,13897728
74,60288400,73778752,13930784
75,60765680,74461888,14018720
76,60988640,74586496,14093120
77,61645600,75581184,14201056
78,61829280,75661440,14274240
79,62503760,76601792,14399488
80,62742560,76701248,14495136
81,63005280,76860736,14588384
82,63898000,78703232,14659328
83,64430480,79553856,14751680
84,64828240,80197632,14814080
85,65276800,80700928,14921696
86,65557280,80871360,15010496
87,65747040,80923200,15080224
88,65748720,80923968,15081056
89,65925840,81291840,15091872
90,66088160,81504960,15142816
91,66199680,81575680,15183328
92,66743040,82373312,15279456
93,67042080,82500416,15396000
94,67043760,82501568,15396608
