Backup ID, Online Delta_save, Offline Delta_save, Offline delta time, Offline dedelta time, Offline delete time, Offline Delta chunk num
0,1488335,0,0,0,0,0
1,59995531,0,0,0,0,0
2,114557797,0,0,0,0,0
3,172227573,0,0,0,0,0
4,227017864,79236,95,84,13,11
5,278596020,143220,182,160,26,22
6,304526228,143220,182,160,26,22
7,365558308,143220,182,160,26,22
8,477820003,143220,182,160,26,22
9,477888999,143220,182,160,26,22
10,493872810,143220,182,160,26,22
11,509096886,143220,182,160,26,22
12,560269904,143220,182,160,26,22
13,579188174,143220,182,160,26,22
14,663840837,143220,182,160,26,22
15,737379438,143220,182,160,26,22
16,857131727,327628,473,435,50,38
17,914734924,-446325,739,686,64,53
18,932061121,-433101,742,688,67,54
19,951344516,723776,1222,1130,101,92
20,971085974,723776,1222,1130,101,92
21,991303869,723776,1222,1130,101,92
22,991364193,723776,1222,1130,101,92
23,991453619,723776,1222,1130,101,92
24,1047486596,1034812,1501,1353,136,148
25,1067059018,1373578,1738,1536,166,202
26,1088543836,1665174,2399,2133,211,266
27,1154221265,1665174,2399,2133,211,266
28,1173944218,2115120,3276,2934,260,342
29,1263469585,3270119,4585,4075,325,510
30,1344318814,4925803,6372,5582,387,790
31,1359274362,4925803,6372,5582,387,790
32,1373646186,4925803,6372,5582,387,790
33,1387227151,5614442,6996,6127,421,869
34,1429727575,7776781,10539,9289,500,1250
35,1471646357,18795532,18498,15714,572,2784
36,1518589954,28807966,26495,22688,641,3807
37,1626844223,40406548,36954,31519,719,5435
38,1665967818,48817721,45339,38520,778,6819
39,1732496463,50928328,48329,41240,868,7089
40,1815115652,51366566,48787,41610,898,7177
41,1900335024,53492115,51164,43700,992,7464
42,1968642563,57918538,56657,48614,1108,8043
43,1989109704,59556431,58875,50475,1173,8400
44,2048338180,60266439,59747,51251,1202,8496
45,2062382142,60266439,59747,51251,1202,8496
46,2081235026,60982477,60848,52233,1276,8615
47,2154810414,63741956,65216,56192,1404,9024
48,2154909810,63741956,65216,56192,1404,9024
49,2166797313,64321972,66007,56883,1470,9124
50,2181331536,64548738,66907,57722,1512,9185
51,2208958480,85290181,85019,72101,1627,12918
52,2216681215,85290181,85019,72101,1627,12918
53,2223514013,85290181,85019,72101,1627,12918
54,2230252972,86318690,88233,75192,1675,13041
55,2236879846,87206538,89105,75938,1763,13167
56,2244744345,87206538,89105,75938,1763,13167
57,2257554510,89028105,94278,80882,1845,13396
58,2271530391,89736527,95263,81758,1914,13505
59,2285713468,91023164,99034,85366,1989,13668
60,2299533042,92587244,100276,86386,2054,13890
61,2314582122,93164444,100613,86643,2082,13970
62,2343100170,134922420,131810,112549,2230,19261
63,2398666629,143032909,138170,118346,2335,19824
64,2456484227,148568552,146929,126270,2456,20659
65,2499819406,166640893,171727,148369,2605,23358
66,2499902513,166640893,171727,148369,2605,23358
67,2511847522,168247178,176430,152880,2724,23550
68,2572445177,171939678,185006,160989,2869,24017
69,2585962364,172231887,185583,161505,2897,24078
70,2586079697,172231887,185583,161505,2897,24078
71,2597307817,172231887,185583,161505,2897,24078
72,2615803712,172231887,185583,161505,2897,24078
73,2627932500,172239155,185588,161509,2902,24079
74,2634842287,172239155,185588,161509,2902,24079
75,2653122038,172239155,185588,161509,2902,24079
76,2666797068,174048949,187217,162916,2989,24301
77,2688726328,174295946,187681,163339,3032,24342
78,2703213571,174295946,187681,163339,3032,24342
79,2726805076,175853801,189849,165241,3116,24608
80,2745183406,176297786,190843,166191,3171,24652
81,2764710236,176297786,190843,166191,3171,24652
82,2775980024,176598608,191329,166632,3229,24697
83,2792281142,176929954,191528,166779,3264,24749
84,2803930697,177367062,192080,167281,3353,24799
85,2822777992,179687522,195048,169917,3472,25131
86,2839717596,181745310,197606,172230,3555,25376
87,2854733895,181947144,197958,172544,3587,25414
88,2854822365,181947144,197958,172544,3587,25414
89,2856914031,181956128,197959,172544,3588,25415
90,2863933410,181956128,197959,172544,3588,25415
91,2871844370,182110023,198201,172761,3622,25440
92,2889766059,183113227,200279,174675,3714,25604
93,2910708173,184717667,202095,176242,3811,25853
94,2910789917,184717667,202095,176242,3811,25853
