BackupID, OnlineSpeed(MB/s), Encalve ProcessTime(s), BackupSize, OnlineSize, OfflineSize, OfflineTime(s)
0, 95.2378, 3.75335, 374824960, 226900133, 226900133, 0.000485
1, 176.279, 1.98139, 366243840, 277898432, 277898432, 0.000753
2, 177.987, 1.9683, 367349760, 327857105, 327857105, 0.000928
3, 179.049, 1.96644, 369192960, 372670759, 372670759, 0.001016
4, 193.588, 1.81573, 368578560, 408882040, 408862863, 0.370645
5, 171.148, 1.68845, 303011840, 444838935, 444812078, 0.374129
6, 92.7926, 5.12336, 498503680, 695414387, 695414387, 0.001234
7, 95.4221, 3.49414, 349614080, 815777971, 815777971, 0.001329
8, 104.359, 3.3557, 367206400, 911086901, 911086901, 0.001472
9, 537.551, 0.651464, 367206400, 911097659, 911097659, 0.00264
10, 277.924, 1.29732, 378071040, 938415194, 938415194, 0.001599
11, 273.924, 1.08728, 312299520, 954366915, 954366915, 0.00165
12, 164.135, 1.81366, 312145920, 992235330, 992235330, 0.00162
13, 411.157, 1.17722, 507535360, 994468835, 994468835, 0.008992
14, 188.908, 2.63868, 522680320, 1038056528, 1038056528, 0.001795
15, 227.707, 2.18946, 522772480, 1068323176, 1068323176, 0.001736
16, 128.495, 2.86854, 386498560, 1124973458, 1124891917, 0.742808
17, 220.336, 1.66308, 384235520, 1138071374, 1138946614, 0.394718
18, 272.228, 1.34614, 384256000, 1157530609, 1157530686, 0.097303
19, 253.372, 1.4139, 375644160, 1172177386, 1171172164, 1.12763
20, 274.498, 1.30914, 376811520, 1184128161, 1184128161, 0.002081
21, 267.717, 1.34897, 378685440, 1196375101, 1196375101, 0.001949
22, 525.231, 0.697666, 384235520, 1196391786, 1196391786, 0.002279
23, 547.765, 0.668965, 384235520, 1196397405, 1196397405, 0.00319
24, 181.7, 2.04406, 389447680, 1243545011, 1243441036, 1.0912
25, 321.695, 1.15632, 390051840, 1248113909, 1247943944, 0.888663
26, 317.094, 1.17615, 391065600, 1250305792, 1250261265, 1.25791
27, 193.471, 1.92748, 391024640, 1280139087, 1280139087, 0.002102
28, 321.891, 1.15698, 390512640, 1284651358, 1284412448, 1.4324
29, 126.7, 2.44812, 325242880, 1330295669, 1329573147, 2.24712
30, 138.977, 2.23213, 325283840, 1361784134, 1361038987, 2.56511
31, 321.804, 0.963652, 325171200, 1363436584, 1363436584, 0.002257
32, 310.14, 1.00134, 325642240, 1366534784, 1366534784, 0.002297
33, 314.44, 0.988023, 325765120, 1370196474, 1369575456, 0.898723
34, 213.07, 1.68748, 377016320, 1393901326, 1393370079, 4.33948
35, 238.365, 1.51004, 377425920, 1409021907, 1407409856, 8.41866
36, 229.788, 1.64953, 397455360, 1420374067, 1416169037, 7.06614
37, 136.235, 2.76621, 395161600, 1453943185, 1451654736, 9.60474
38, 235.601, 1.59997, 395264000, 1466033865, 1466097036, 7.34131
39, 138.15, 2.26386, 327946240, 1512435351, 1510694679, 3.31651
40, 136.249, 2.11011, 301465600, 1536898705, 1536708645, 1.19571
41, 123.036, 2.34037, 301936640, 1570978644, 1569436653, 3.37041
42, 128.974, 2.23345, 302049280, 1606887357, 1603223593, 6.03333
43, 242.464, 1.18969, 302469120, 1610229990, 1609717647, 2.87396
44, 164.51, 2.26472, 390666240, 1650729948, 1650364689, 1.60684
45, 332.973, 1.11897, 390686720, 1654250030, 1654250030, 0.01496
46, 308.609, 1.2051, 389969920, 1657392700, 1656863452, 2.00392
47, 161.481, 2.3084, 390871040, 1684759155, 1682638219, 4.81544
48, 557.44, 0.517467, 302469120, 1682648335, 1682648335, 0.002834
49, 298.466, 1.26555, 396072960, 1696395275, 1696134825, 1.76549
50, 329.15, 1.14645, 395683840, 1701099794, 1701075086, 1.24867
51, 204.307, 1.92868, 413184000, 1733449917, 1737522682, 16.9407
52, 407.117, 0.781505, 333619200, 1740656815, 1740656815, 0.012499
53, 361.477, 0.810882, 307353600, 1745459582, 1745459582, 0.002952
54, 376.727, 0.779379, 307875840, 1749937850, 1748940353, 2.66663
55, 391.935, 0.749386, 307978240, 1751451016, 1750846623, 1.95682
56, 382.162, 0.769625, 308408320, 1752514483, 1752514483, 0.004535
57, 290.385, 1.085, 330373120, 1757905878, 1756284887, 4.06994
58, 291.894, 1.08039, 330680320, 1761162076, 1760719053, 1.57696
59, 285.87, 1.10282, 330577920, 1764542713, 1763327036, 3.46619
60, 299.146, 1.05535, 331038720, 1767443438, 1766111122, 1.63429
61, 286.201, 1.10349, 331161600, 1769142588, 1768575146, 0.500763
62, 195.828, 1.91959, 394168320, 1794653273, 1784802138, 24.8386
63, 215.538, 1.74898, 395284480, 1797803457, 1793364860, 5.95223
64, 232.013, 1.70712, 415313920, 1805848989, 1804149023, 7.36922
65, 218.51, 1.80269, 413040640, 1819678870, 1817128475, 18.7758
66, 464.357, 0.633395, 308408320, 1817147031, 1817147031, 0.004833
67, 299.808, 1.2722, 399943680, 1826914653, 1825610140, 3.98058
68, 154.705, 2.4212, 392765440, 1862170982, 1859677929, 7.98908
69, 286.199, 1.32034, 396236800, 1865203738, 1865127430, 0.725856
70, 572.409, 0.51383, 308408320, 1865137522, 1865137522, 0.003136
71, 128.375, 2.55835, 344381440, 1982516869, 1982516869, 0.003318
72, 195.157, 1.7575, 359649280, 2031453550, 2031453550, 0.005127
73, 254.986, 1.29974, 347514880, 2056705969, 2056706329, 0.103384
74, 463.111, 0.716051, 347719680, 2059032537, 2059032537, 0.010252
75, 256.408, 1.29345, 347760640, 2077033879, 2077033879, 0.003371
76, 315.121, 1.05236, 347729920, 2082260910, 2080794118, 2.14697
77, 219.86, 1.55967, 359567360, 2106704053, 2106617386, 0.8636
78, 379.524, 0.90327, 359464960, 2109808020, 2109808020, 0.003268
79, 208.121, 1.64896, 359854080, 2134236728, 2133562636, 2.84477
80, 318.692, 1.07691, 359874560, 2136249452, 2136033743, 1.27891
81, 303.182, 1.12994, 359219200, 2140710150, 2140710150, 0.003387
82, 190.488, 1.61366, 322314240, 2194079927, 2193928741, 1.06706
83, 232.741, 1.41545, 345436160, 2217554561, 2217412470, 0.519895
84, 252.85, 1.30114, 344975360, 2235311763, 2235011757, 1.88647
85, 254.245, 1.29635, 345600000, 2254960731, 2253055399, 3.03999
86, 283.866, 1.15654, 344248320, 2260068099, 2258176249, 2.43223
87, 306.897, 1.07012, 344371200, 2259457477, 2259388441, 0.78296
88, 530.542, 0.646486, 359649280, 2259400609, 2259400609, 0.004113
89, 358.705, 0.964135, 362639360, 2274013343, 2274011915, 0.014401
90, 362.688, 0.951231, 361758720, 2282728765, 2282728765, 0.005892
91, 391.051, 0.883887, 362434560, 2285396071, 2285330503, 0.475148
92, 222.295, 1.55555, 362588160, 2306113745, 2305590499, 2.13092
93, 289.101, 1.19589, 362526720, 2309806160, 2308713879, 2.41902
94, 473.366, 0.730184, 362434560, 2308722646, 2308722646, 0.006094
