Backup ID, Ecall, Inline_Ocall, Offline_Ocall, _Inline_FPOcall, _Inline_SFOcall, _Inline_LocalOcall, _Inline_LoadOcall, _Inline_DeltaOcall, _Inline_RecipeOcall, _Inline_Write_ContainerOcall, _inline_have_similar_chunk_num, _inline_need_load_container_num
0,372,1423,5,370,370,0,267,370,46,59,515,162,
1,738,2563,10,694,694,0,350,734,91,73,8497,539,
2,1104,3711,15,1016,1016,0,445,1098,136,87,15921,1067,
3,1471,4856,20,1334,1334,0,544,1463,181,100,23906,1727,
4,1838,5958,37574,1622,1622,1,660,1827,226,110,31412,2425,
5,2138,6894,80925,1861,1861,2,783,2124,263,120,38481,3087,
6,2624,8708,80930,2340,2340,2,1095,2608,323,185,42238,3584,
7,2956,10787,80935,2666,2666,2,2151,2938,364,217,52417,4268,
8,3302,12424,80940,2992,2992,2,2750,3282,406,243,66329,5149,
9,3648,12828,80958,2999,2999,2,2754,3626,448,245,66341,5157,
10,4023,13623,80963,3151,3151,2,2826,3999,494,253,68667,5490,
11,4331,14321,80968,3283,3283,2,2916,4305,532,258,70919,5824,
12,4639,15330,80973,3525,3525,2,3097,4611,570,269,77957,6609,
13,5134,16283,81458,3674,3674,2,3198,5104,631,271,80698,6944,
14,5647,17750,81463,4017,4017,2,3405,5615,694,284,91454,7734,
15,6161,19104,81468,4319,4319,2,3580,6127,757,293,100696,8488,
16,6525,20512,163431,4652,4652,3,3915,6488,802,309,115896,9674,
17,6886,21849,195436,4833,4833,4,4487,6846,846,314,123473,10476,
18,7267,22692,207667,4987,4987,5,4596,7224,893,320,126009,10788,
19,7642,23550,328189,5143,5143,6,4723,7596,939,325,128835,11206,
20,8017,24406,328194,5295,5295,6,4856,7969,985,330,131684,11629,
21,8393,25261,328199,5444,5444,6,4993,8343,1031,335,134591,12079,
22,8754,25682,328219,5451,5451,6,4997,8702,1075,337,134602,12087,
23,9115,26100,328230,5458,5458,6,4998,9061,1119,339,134620,12099,
24,9499,27124,457380,5681,5681,8,5147,9441,1166,352,141540,12704,
25,9883,28091,561347,5880,5880,9,5287,9822,1213,355,144419,13214,
26,10268,29074,696518,6071,6071,11,5458,10203,1260,357,147613,13749,
27,10652,30121,696523,6287,6287,11,5644,10585,1307,366,155641,14471,
28,11035,31115,830187,6477,6477,13,5830,10964,1354,369,158561,15059,
29,11351,32371,1014792,6773,6773,16,6141,11275,1393,383,170055,16148,
30,11667,33550,1186887,7031,7031,20,6451,11585,1432,393,180445,17226,
31,11983,34285,1186892,7147,7147,20,6601,11899,1471,395,182510,17608,
32,12299,35037,1186897,7264,7264,20,6766,12213,1510,397,184505,18016,
33,12616,35798,1260739,7377,7377,22,6947,12526,1549,399,186498,18433,
34,12971,36621,1477692,7489,7489,27,7149,12874,1593,407,192699,19188,
35,13326,37524,1708447,7603,7603,43,7427,13211,1637,412,199558,20034,
36,13699,38501,1862403,7714,7714,55,7765,13570,1683,416,206574,20839,
37,14069,39987,2030352,8007,8007,72,8252,13921,1728,427,221579,22427,
38,14439,41004,2154495,8122,8122,88,8626,14273,1773,432,228161,23286,
39,14759,42233,2381406,8373,8373,92,8996,14587,1812,445,236765,24289,
40,15052,43448,2502219,8624,8624,93,9382,14877,1848,454,247132,25375,
41,15346,44862,2742098,8892,8892,98,9932,15164,1884,465,258308,26572,
42,15640,46178,3027077,9162,9162,104,10380,15450,1920,476,267511,27771,
43,15934,47273,3228310,9407,9407,109,10657,15737,1956,479,270747,28410,
44,16317,48483,3358002,9624,9624,110,11005,16117,2003,491,278180,29268,
45,16700,49504,3358600,9839,9839,110,11168,16498,2050,493,280150,29601,
46,17083,50531,3555066,10027,10027,113,11391,16876,2097,495,282993,30129,
47,17467,51969,3864930,10319,10319,119,11816,17252,2144,503,292554,31279,
48,17761,52552,3864947,10443,10443,119,11823,17544,2180,505,292572,31291,
49,18150,53394,4044341,10564,10564,121,11988,17929,2228,510,294350,31673,
50,18539,54253,4144375,10686,10686,123,12168,18314,2276,513,296450,32074,
51,18924,55142,4427472,10815,10815,169,12369,18651,2323,523,303779,33191,
52,19250,55786,4427928,10921,10921,169,12437,18975,2363,525,304778,33332,
53,19549,56680,4427933,11159,11159,169,12521,19272,2400,528,305667,33482,
54,19848,57518,4561385,11371,11371,170,12601,19568,2437,531,306649,33643,
55,20148,58137,4761635,11477,11477,173,12673,19863,2474,533,307613,33811,
56,20448,58626,4761640,11517,11517,173,12747,20161,2511,535,308619,33964,
57,20769,59752,4976451,11805,11805,176,12939,20477,2550,538,310653,34421,
58,21090,60837,5115189,12065,12065,178,13146,20794,2589,541,312705,34886,
59,21411,61652,5332537,12182,12182,180,13369,21111,2628,543,314837,35331,
60,21733,62448,5461276,12297,12297,184,13576,21427,2667,545,316966,35785,
61,22055,63275,5496209,12411,12411,185,13816,21746,2706,547,319135,36245,
62,22425,64429,5818698,12604,12604,244,14171,22055,2751,555,328241,37719,
63,22796,65560,5979940,12732,12732,251,14631,22417,2797,560,336191,38605,
64,23185,66617,6154424,12859,12859,260,14999,22795,2845,565,344139,39454,
65,23571,68023,6402364,13165,13165,289,15362,23150,2892,570,352137,40473,
66,23871,68434,6402384,13200,13200,289,15368,23448,2929,572,352151,40483,
67,24263,69298,6647600,13328,13328,292,15538,23835,2977,576,354021,40865,
68,24650,70587,6992399,13548,13548,298,15954,24214,3025,586,361904,41902,
69,25039,71677,7035863,13769,13769,299,16167,24600,3073,589,363869,42338,
70,25339,72090,7035875,13803,13803,299,16177,24898,3110,591,363890,42354,
71,25673,73049,7035880,14015,14015,299,16339,25230,3151,622,365407,42599,
72,26022,74028,7035885,14240,14240,299,16478,25577,3194,636,367805,42920,
73,26360,74909,7047981,14429,14429,300,16604,25912,3235,644,369331,43183,
74,26698,75642,7048318,14576,14576,300,16666,26248,3276,646,370216,43312,
75,27036,76481,7048323,14730,14730,300,16820,26584,3317,652,372624,43672,
76,27374,77426,7211729,14922,14922,303,17004,26917,3358,655,374760,44116,
77,27723,78444,7299299,15122,15122,304,17232,27263,3401,663,377784,44679,
78,28071,79288,7299304,15300,15300,304,17331,27609,3444,665,379687,44931,
79,28420,80367,7516541,15521,15521,309,17578,27951,3487,673,383217,45578,
80,28769,81363,7626281,15724,15724,311,17778,28296,3530,675,385685,46033,
81,29117,82242,7626286,15901,15901,311,17914,28642,3573,678,388139,46354,
82,29432,83170,7739711,16080,16080,312,18132,28954,3612,693,389706,46722,
83,29768,84077,7790831,16251,16251,313,18322,29287,3653,700,391923,47115,
84,30103,84973,8041548,16420,16420,314,18506,29619,3694,706,393540,47505,
85,30439,85971,8232675,16614,16614,320,18741,29947,3735,712,396512,48074,
86,30773,86923,8372067,16787,16787,323,18974,30276,3776,715,399128,48565,
87,31107,87827,8456047,16946,16946,324,19187,30607,3817,717,401231,48965,
88,31456,88482,8456059,17073,17073,324,19198,30954,3860,719,401248,48977,
89,31808,89279,8456635,17237,17237,325,19274,31303,3903,724,401546,49110,
90,32159,89928,8456640,17327,17327,325,19351,31652,3946,728,402465,49261,
91,32510,90565,8500838,17409,17409,326,19432,32000,3989,730,403490,49431,
92,32862,91576,8649445,17585,17585,330,19698,32346,4032,737,406125,50028,
93,33213,92554,8826865,17757,17757,334,19940,32691,4075,739,409198,50560,
94,33564,93101,8826880,17832,17832,334,19945,33040,4118,741,409214,50571,
