Backup ID, Logical chunk num, Unique chunk num, Base chunk num, Delta chunk num, Logical chunk size, Unique chunk size, Base chunk size, Delta chunk size, LZ4_save size, Delta_save size, 
0,598076,118229,113440,4789,8588886016,1032135022,621166574,5783399,362335686,42849363
1,1195194,131087,123585,7502,17177772032,1171401480,672317750,10880851,416220595,71982284
2,1791173,149943,139398,10545,25766658048,1368358678,759023987,16811846,488329636,104193209
3,2386184,164814,151142,13672,34355544064,1528865472,819708668,23389679,551423598,134343527
4,2980525,182825,165706,17119,42944430080,1719207135,901108043,30575986,619798571,167724535
5,3572942,204438,183540,20898,51533316096,1951922178,996561821,39574674,714174226,201611457
6,4164755,221561,197055,24506,60122202112,2137587443,1068062272,46494843,785704839,237325489
7,4755932,242885,214658,28227,68711088128,2361052678,1166168108,55349881,869210927,270323762
8,5346585,262903,230712,32191,77299974144,2573569874,1252910722,63857158,950163562,306638432
9,5936829,281759,245687,36072,85888860160,2774054407,1333841369,71585472,1026478820,342148746
10,6526705,307464,266886,40578,94477746176,3045410776,1447204792,81078187,1136781376,380346421
11,7117376,326216,281919,44297,103066632192,3242865686,1529600293,87739977,1211087916,414437500
12,7708121,347836,299445,48391,111655518208,3473193093,1624033151,95478158,1301899061,451782723
13,8299588,374837,321945,52892,120244404224,3759205714,1746584372,104958366,1416473747,491189229
14,8891445,396422,339334,57088,128833290240,3992611430,1840521807,114372803,1508537374,529179446
15,9483489,417887,356557,61330,137422176256,4224877819,1932078560,122348347,1601578201,568872711
16,10077606,443648,377902,65746,146011062272,4498147302,2051026459,130517734,1706845173,609757936
17,10672558,470248,400025,70223,154599948288,4782863934,2171423252,140479464,1821588776,649372442
18,11268152,494813,420169,74644,163188834304,5047681626,2282021222,152325155,1926152131,687183118
19,11865051,517318,438637,78681,171777720320,5289461317,2382353775,156722242,2023160141,727225159
20,12462550,542802,459612,83190,180366606336,5563245113,2495685352,165577243,2134286806,767695712
21,13060779,568100,480257,87843,188955492352,5836765923,2607835400,175073188,2244188352,809668983
22,13661032,598836,506140,92696,197544378368,6163336318,2751625099,186218385,2374179551,851313283
23,14263100,625524,528338,97186,206133264384,6450494513,2872555921,197454588,2490746970,889737034
24,14866184,651870,549995,101875,214722150400,6735758417,2988383668,203980249,2608247791,935146709
25,15472152,686885,579772,107113,223311036416,7109281814,3152523702,227231407,2760959505,968567200
26,16079762,719004,607004,112000,231899922432,7452798290,3300630368,226497133,2903831984,1021838805
27,16689366,753044,635754,117290,240488808448,7818860463,3457695460,235258395,3055331964,1070574644
28,17301791,788203,665566,122637,249077694464,8196526159,3620465304,248050800,3212505350,1115504705
29,17916474,824183,696176,128007,257666580480,8581486572,3787640535,264599159,3373326272,1155920606
