Backup ID, FPindex, SFindex, Deltaindex
0,9458320,21508096,210464
1,10486960,23437504,352160
2,11995440,26445312,495264
3,13185120,28698368,633888
4,14626000,31489472,787936
5,16355040,34912064,951584
6,17724880,37503232,1112992
7,19430800,40882240,1273760
8,21032240,43962432,1450368
9,22540720,46835072,1622368
10,24597120,50903808,1818528
11,26097280,53786048,1984480
12,27826880,57150144,2168128
13,29986960,61468096,2365216
14,31713760,64805312,2554496
15,33430960,68110848,2747392
16,35491840,72207552,2943712
17,37619840,76453760,3144064
18,39585040,80319552,3343168
19,41385440,83864320,3524256
20,43424160,87888192,3726848
21,45448000,91851328,3939936
22,47906880,96819776,4159136
23,50041920,101078016,4361280
24,52149600,105235136,4573088
25,54950800,110950464,4809184
26,57520320,116178560,5026144
27,60243520,121697408,5264832
28,63056240,127419392,5503584
29,65934640,133295424,5743136
