Backup ID, Online Delta_save, Offline Delta_save, Offline delta time, Offline dedelta time, Offline delete time, Offline Delta chunk num
0,42149720,699643,1265,1209,11,56
1,69998675,1983609,3164,3012,30,152
2,101610005,2583204,6219,6017,47,202
3,131320519,3023008,9607,9380,74,227
4,160060536,7663999,15975,15324,147,651
5,189916073,11695384,24004,22919,229,1085
6,220152828,17172661,33346,31789,349,1557
7,248848991,21474771,44463,42374,466,2089
8,278502070,28136362,57456,54645,598,2811
9,305533386,36615360,70054,66338,763,3716
10,336612675,43733746,84552,80077,919,4475
11,366235190,48202310,99080,94153,1061,4927
12,399747868,52034855,115392,110094,1194,5298
13,431356257,59832972,134551,128391,1393,6160
14,464465417,64714029,156433,149618,1605,6815
15,496826519,72046192,178253,170707,1815,7546
16,531261967,78495969,200308,192152,2004,8156
17,566515380,82857062,226300,217560,2227,8740
18,599966912,87216206,252016,242522,2474,9494
19,632903820,94321339,276712,266843,2647,9869
20,668367435,99328277,303450,293053,2867,10397
21,705916761,103752222,327961,317033,3082,10928
22,744424631,106888652,354774,343337,3333,11437
23,780856640,108880394,382793,370864,3545,11929
24,818434216,116712493,411458,398999,3806,12459
25,858501348,110065852,441839,428732,4083,13107
26,895742502,126096303,474728,461175,4302,13553
27,938233877,132340767,507275,493282,4559,13993
28,979402513,136102192,543603,529046,4861,14557
29,1021569722,134350884,580211,565271,5096,14940
