BackupID, OnlineSpeed(MB/s), Encalve ProcessTime(s), BackupSize, OnlineSize, OfflineSize, OfflineTime(s)
0, 436.925, 18.7469, 8588886016, 627300744, 626949973, 1.12225
1, 679.478, 12.0548, 8588886016, 683509351, 683198601, 1.64326
2, 681.29, 12.0228, 8588886016, 775904905, 775835833, 2.32477
3, 702.219, 11.6645, 8588886016, 843326683, 843098347, 2.62824
4, 605.827, 13.5204, 8588886016, 932266810, 931684029, 5.74577
5, 646.242, 12.6748, 8588886016, 1035964521, 1036136495, 7.01907
6, 625.034, 13.1049, 8588886016, 1116125052, 1114557115, 8.25075
7, 652.301, 12.5571, 8588886016, 1221423501, 1221517989, 9.57393
8, 666.804, 12.284, 8588886016, 1317586049, 1316767880, 11.2887
9, 633.957, 12.9204, 8588886016, 1406971246, 1405426841, 11.7295
10, 620.368, 13.2034, 8588886016, 1529393647, 1528282979, 12.9404
11, 652.436, 12.5545, 8588886016, 1618453573, 1617340270, 12.0712
12, 633.877, 12.9221, 8588886016, 1720411076, 1719511309, 12.9597
13, 624.999, 13.1056, 8588886016, 1852891755, 1851542738, 16.5256
14, 645.019, 12.6989, 8588886016, 1954826862, 1954894610, 18.8664
15, 628.98, 13.0227, 8588886016, 2056245392, 2054426907, 18.7023
16, 630.345, 12.9945, 8588886016, 2183626182, 2181544193, 18.0244
17, 620.671, 13.197, 8588886016, 2312082293, 2311902716, 21.1737
18, 625.593, 13.0932, 8588886016, 2433187275, 2434346377, 21.9793
19, 636.286, 12.8731, 8588886016, 2543526405, 2539076017, 19.0651
20, 597.833, 13.7012, 8588886016, 2662474449, 2661262595, 21.4404
21, 586.883, 13.9568, 8588886016, 2783698599, 2782908588, 19.7115
22, 574.995, 14.2453, 8588886016, 2937515450, 2937843484, 22.4575
23, 613.885, 13.3429, 8588886016, 3068721626, 3070010509, 22.1747
24, 603.04, 13.5829, 8588886016, 3196605666, 3192363917, 23.972
25, 567.294, 14.4387, 8588886016, 3368524500, 3379755109, 25.4514
26, 574.578, 14.2557, 8588886016, 3540326117, 3527127501, 25.9575
27, 569.651, 14.379, 8588886016, 3696245119, 3692953855, 26.0622
28, 555.45, 14.7466, 8588886016, 3868392025, 3868516104, 29.0677
29, 519.847, 15.7565, 8588886016, 4047820304, 4052239694, 28.7239
