Backup ID, Ecall, Inline_Ocall, Offline_Ocall, _Inline_FPOcall, _Inline_SFOcall, _Inline_LocalOcall, _Inline_LoadOcall, _Inline_DeltaOcall, _Inline_RecipeOcall, _Inline_Write_ContainerOcall, _inline_have_similar_chunk_num, _inline_need_load_container_num
0,4675,8555,15873,1143,1143,1,1012,4672,584,159,6583,1383,
1,9342,15090,40212,1693,1693,3,1199,9335,1167,174,9563,2274,
2,14001,21720,67319,2278,2278,4,1420,13991,1749,198,13025,3404,
3,18652,28353,103681,2860,2860,6,1659,18638,2330,216,16172,4674,
4,23298,35074,183975,3457,3457,20,1962,23268,2910,239,19660,6181,
5,27929,41899,276765,4097,4097,37,2300,27880,3488,266,23443,7849,
6,32555,48768,399290,4706,4706,56,2750,32485,4065,287,27081,9543,
7,37176,55661,525853,5354,5354,77,3151,37083,4642,315,30802,11215,
8,41793,62600,667863,6007,6007,101,3593,41674,5218,340,34769,13049,
9,46407,69621,830753,6660,6660,140,4120,46247,5794,364,38653,14964,
10,51018,76810,994639,7378,7378,169,4688,50827,6370,397,43164,17065,
11,55635,83918,1149461,8054,8054,190,5253,55421,6946,421,46914,18870,
12,60253,91162,1302726,8756,8756,208,5901,60019,7522,448,51008,20922,
13,64876,98545,1515175,9522,9522,245,6554,64603,8099,483,55514,23112,
14,69502,105874,1742558,10255,10255,278,7216,69194,8676,510,59717,25290,
15,74130,113287,1973885,11004,11004,314,7927,73784,9254,536,63959,27563,
16,78774,120738,2189181,11796,11796,341,8572,78399,9834,570,68375,29714,
17,83425,128277,2439085,12610,12610,370,9253,83019,10415,604,72855,32036,
18,88081,135841,2702989,13426,13426,405,9950,87638,10996,635,77276,34426,
19,92747,143318,2910694,14223,14223,420,10587,92287,11578,663,81314,36507,
20,97417,151140,3161668,15093,15093,446,11418,96929,12161,696,85844,38954,
21,102093,159078,3401471,16029,16029,477,12226,101572,12745,728,90497,41506,
22,106785,167072,3674836,17015,17015,504,12972,106235,13331,768,95350,44079,
23,111491,175122,3922527,18021,18021,527,13719,110916,13918,802,99864,46438,
24,116205,183260,4208365,19026,19026,558,14547,115597,14506,835,104553,49045,
25,120942,191645,4514766,20108,20108,594,15442,120296,15097,880,109791,51982,
26,125691,200108,4783979,21291,21291,617,16199,125020,15690,921,114678,54509,
27,130456,208822,5082415,22507,22507,645,17123,129755,16285,965,119968,57476,
28,135243,217817,5423777,23772,23772,681,18205,134504,16883,1010,125318,60539,
29,140048,226809,5719161,25105,25105,702,19128,139286,17483,1056,130688,63519,
