Backup ID, Logical chunk num, Unique chunk num, Base chunk num, Delta chunk num, Logical chunk size, Unique chunk size, Base chunk size, Delta chunk size, LZ4_save size, Delta_save size, 
0,47270,45091,44781,310,374824960,355493664,226163404,240352,126680033,2409875
1,93760,63193,55024,8169,741068800,495103669,276653344,1150303,157134598,60165424
2,140254,80435,64851,15584,1108418560,629979924,325558370,2150147,187506605,114764802
3,186916,97135,73589,23546,1477611520,759367472,369376851,3281050,214454249,172255322
4,233561,111930,80875,31055,1846190080,875009206,404641354,4135981,238999025,227232846
5,271616,126584,88467,38117,2149201920,988912863,439559973,4993082,265072023,279287785
6,333509,182509,140852,41657,2647705600,1439024217,688907153,6837781,438750499,304528784
7,375631,217536,166167,51369,2997319680,1732574333,801378838,15789663,536999576,378406256
8,419564,249310,184359,64951,3364526080,1998004082,891041242,23859901,595018943,488083996
9,463497,249332,184369,64963,3731732480,1998126473,891049109,23862666,595061554,488153144
10,511234,257100,189825,67275,4109803520,2059446492,918119213,23822902,613127695,504376682
11,550375,262844,193321,69523,4422103040,2104629607,933834715,24016065,627147676,519631151
12,589502,277512,200991,76521,4734248960,2218783128,970742632,24861885,652377928,570800683
13,652520,280730,201490,79240,5241784320,2241418287,972735232,25545119,653931950,589205986
14,717905,300858,210874,89984,5764464640,2400783295,1014910260,26965264,685020443,673887328
15,783325,316129,216916,99213,6287237120,2525462985,1044209002,27704512,705950289,747599182
16,829595,341773,227471,114302,6673735680,2745488039,1090834573,40477309,749590207,864585950
17,875466,350721,228945,121776,7057971200,2823472834,1096432474,49322188,755532472,922185700
18,923854,357394,233119,124275,7442227200,2876277470,1114889892,48627305,772503972,940256301
19,971484,363629,236527,127102,7817871360,2924628193,1129087119,48742650,786779379,960019045
20,1019179,369592,239647,129945,8194682880,2971142827,1141742275,49024315,800601751,979774486
21,1067026,375496,242657,132839,8573368320,3017413239,1153643221,49266324,814487717,1000015977
22,1112897,375519,242668,132851,8957603840,3017536324,1153654198,50253903,814516802,999111421
23,1158768,375540,242674,132866,9341839360,3017643824,1153660461,50255596,814538704,999189063
24,1207545,391103,251331,139772,9731287040,3147129212,1199896255,51033153,840670267,1055529537
25,1256392,394790,252150,142640,10121338880,3173146392,1204111027,51231841,842237814,1075565710
26,1305302,398504,252686,145818,10512404480,3198894091,1205971511,51476778,843925086,1097520716
27,1354172,412295,258459,153836,10903429120,3314601417,1234971262,52260820,864019500,1163349835
28,1402940,415863,259129,156734,11293941760,3340115247,1238946119,52521364,865160626,1183487138
29,1443085,436186,267993,168193,11619184640,3504542465,1282518556,54875082,893893294,1273255533
30,1483217,452933,274401,178532,11944468480,3640857118,1312882949,55964726,916408540,1355600903
31,1523363,455386,274795,180591,12269639680,3659050396,1315051286,56163143,917263262,1370572705
32,1563546,457878,275306,182572,12595281920,3677505788,1317969116,56265793,918265928,1385004951
33,1603775,460343,275775,184568,12921047040,3695746745,1320799983,56536035,919158112,1399252615
34,1648884,470364,279770,190594,13298063360,3789919389,1332702807,70342694,945673275,1441200613
35,1694029,478149,280747,197402,13675489280,3861312313,1336636252,79197561,949818386,1495660114
36,1741440,485699,281331,204368,14072944640,3929958353,1339311360,87127809,951988726,1551530458
37,1788524,505702,286475,219227,14468106240,4101652910,1365126862,98834995,968296357,1669394696
38,1835523,513397,287530,225867,14863370240,4171832822,1369220108,109862240,974673457,1718077017
39,1876216,530689,296288,234401,15191316480,4311487807,1412604122,111652643,1001179737,1786051305
40,1913449,545953,301201,244752,15492782080,4436563133,1436760993,114062139,1017106007,1868633994
41,1950738,563025,307113,255912,15794718720,4575785202,1466126295,116072503,1035539755,1958046649
42,1988065,578196,313089,265107,16096768000,4699732147,1497228549,117392006,1052792566,2032319026
43,2025433,582690,314357,268333,16399237120,4732139714,1502920000,118037022,1056587189,2054595503
44,2074134,597635,321924,275711,16789903360,4856818378,1542572574,120900491,1080872080,2112473233
45,2122847,600194,322520,277674,17180590080,4875734367,1546301593,120982007,1081875009,2126575758
46,2171519,603472,323001,280471,17570560000,4899115325,1548648845,121202463,1083218125,2146045892
47,2220326,618425,328449,289976,17961431040,5021636387,1573245213,121117466,1103807037,2223466671
48,2257694,618450,328458,289992,18263900160,5021781860,1573251156,121119871,1103842243,2223568590
49,2307202,622086,330332,291754,18659973120,5049354401,1586619100,121151922,1105509529,2236073850
50,2356622,624875,331025,293850,19055656960,5069977693,1591178073,121617626,1106433483,2250748511
51,2405612,636347,335150,301197,19468840960,5177786411,1607111219,140621601,1129401794,2300651797
52,2447006,637794,335620,302174,19802460160,5189341117,1610224194,140463540,1130172689,2308480694
53,2484962,639336,336273,303063,20109813760,5201673249,1614887823,140820057,1130858602,2315106767
54,2522969,640807,336796,304011,20417689600,5213578195,1618543722,140870520,1131527735,2322636218
55,2561009,642051,337082,304969,20725667840,5223559501,1620376336,140993844,1132079818,2330109503
56,2599098,643311,337340,305971,21034076160,5233628060,1621866691,141111505,1132621024,2338028840
57,2639876,645916,337929,307987,21364449280,5252952705,1625420653,141664490,1133609279,2352258283
58,2680677,648640,338614,310026,21695129600,5273120641,1629612472,142172588,1134676261,2366659320
59,2721490,651174,339031,312143,22025707520,5292001087,1631997718,142225933,1135514299,2382263137
60,2762338,653720,339450,314270,22356746240,5310963607,1634509321,142547880,1136294704,2397611702
61,2803249,656273,339843,316430,22687907840,5329807731,1636705518,142581392,1137078320,2413442501
62,2850269,667060,341765,325295,23082076160,5426033199,1643203103,151312528,1147885724,2483631844
63,2897423,675589,342376,333213,23477360640,5503728992,1645871149,160574251,1150215271,2547068321
64,2946849,684080,343006,341074,23892674560,5580869610,1648442128,170216329,1152985638,2609225515
65,2995937,692541,343592,348949,24305715200,5657844301,1650697458,179569489,1155550128,2672027226
66,3034026,692567,343608,348959,24614123520,5657992401,1650713063,179576412,1155613754,2672089172
67,3083892,695994,345180,350814,25014067200,5683878422,1659241144,179214419,1159510863,2685911996
68,3133068,710148,351462,358686,25406832640,5802337491,1692318668,180098837,1179670958,2750249028
69,3182530,712856,352213,360643,25803069440,5822555219,1697564360,180308523,1180647904,2764034432
70,3220619,712881,352218,360663,26111477760,5822699186,1697567091,180308368,1180666677,2764157050
71,3263035,735096,372941,362155,26455859200,6005656824,1814446714,181197205,1235005813,2775007092
72,3307336,746419,381863,364556,26815508480,6098796294,1862792826,182384684,1260675125,2792943659
73,3350218,752391,386309,366082,27163023360,6147772247,1887746348,181993264,1272237820,2805794815
74,3393144,753605,386655,366950,27510743040,6157487549,1890092409,182096973,1272724341,2812573826
75,3436144,759571,390217,369354,27858503680,6204746036,1907713233,182513385,1283721717,2830797701
76,3479144,762358,390879,371479,28206233600,6225611499,1911240813,182473557,1285352065,2846545064
77,3523445,770570,396058,374512,28565800960,6291053095,1936433597,182943304,1302778338,2868897856
78,3567732,772866,396459,376407,28925265920,6310049010,1938529029,183955645,1304059599,2883504737
79,3612081,781297,401364,379933,29285120000,6376027080,1961496743,184609987,1321144688,2908775662
80,3656412,784282,401885,382397,29644994560,6399193338,1963796259,184236261,1322971485,2928189333
81,3700674,787566,402762,384804,30004213760,6425556325,1968379313,184305118,1325282241,2947589653
82,3740691,798725,412358,386367,30326528000,6515039713,2020948847,185302252,1349778945,2959009669
83,3783372,805381,416806,388575,30671964160,6567954497,2044053365,185605232,1362613849,2975682051
84,3825950,810353,420190,390163,31016939520,6607659097,2061521223,186047110,1372778109,2987312655
85,3868596,815960,422840,393120,31362539520,6650687784,2078934426,186515749,1376650266,3008587343
86,3910995,819466,423799,395667,31706787840,6677029366,2084198400,186673030,1379072740,3027085196
87,3953403,821838,424079,397759,32051159040,6694505446,2085225735,186632870,1380108542,3042538299
88,3997704,821859,424083,397776,32410808320,6694628515,2085233367,186636409,1380130172,3042628567
89,4042378,824073,426002,398071,32773447680,6712487789,2099795835,186736625,1381282012,3044673317
90,4086956,826102,427115,398987,33135206400,6728833826,2108406636,186920551,1381888615,3051618024
91,4131606,827496,427485,400011,33497640960,6740028415,2110846401,187053397,1382424261,3059704356
92,4176284,834288,431656,402632,33860229120,6794113241,2130455559,187743323,1397348683,3078565676
93,4220932,838026,432320,405706,34222755840,6822115611,2133005776,189769540,1399631095,3099709200
94,4265582,838047,432325,405722,34585190400,6822244413,2133009620,189773002,1399650461,3099811330
