Backup ID, FPindex, SFindex, Deltaindex
0,3607280,8550528,16320
1,5055440,10499968,512416
2,6434800,12383872,825920
3,7770800,14047872,1128928
4,8954400,15439488,1409312
5,10126720,16888256,1679328
6,14600720,26876160,1838592
7,17402880,31636928,2354112
8,19944800,35073088,2949472
9,19946560,35075008,2950176
10,20568000,36118720,3033120
11,21027520,36788288,3121472
12,22200960,38248704,3373824
13,22458400,38343168,3506688
14,24068640,40135360,3935712
15,25290320,41288128,4254432
16,27341840,43281152,4844960
17,28057680,43529216,5148416
18,28591520,44327552,5242656
19,29090320,44978368,5348608
20,29567360,45574208,5451200
21,30039680,46149568,5555072
22,30041520,46151680,5555648
23,30043200,46152512,5556320
24,31288240,47808448,5796288
25,31583200,47963904,5909888
26,31880320,48064384,6023392
27,32983600,49166272,6312960
28,33269040,49289536,6414336
29,34894880,50977344,6835904
30,36234640,52195648,7193632
31,36430880,52268864,7267584
32,36630240,52364992,7338784
33,36827440,52454080,7411200
34,37629120,53187456,7626912
35,38251920,53352704,7897152
36,38855920,53448832,8136416
37,40456160,54385856,8652352
38,41071760,54547840,8883488
39,42455120,56211968,9180224
40,43676240,57139712,9576704
41,45042000,58256576,9976096
42,46255680,59395456,10297184
43,46615200,59633344,10415776
44,47810800,61078336,10674080
45,48015520,61190720,10746112
46,48277760,61275136,10846432
47,49474000,62310272,11186816
48,49476000,62311872,11187680
49,49766880,62669632,11246176
50,49990000,62801856,11326368
51,50907760,63567552,11592704
52,51023520,63654912,11641536
53,51146880,63779200,11675680
54,51264560,63872256,11711808
55,51364080,63926144,11745088
56,51464880,63973824,11779872
57,51673280,64084800,11855136
58,51891200,64213696,11930720
59,52093920,64291648,12005056
60,52297600,64369344,12078048
61,52501840,64441472,12151008
62,53364800,64790592,12492576
63,54047120,64879488,12776512
64,54726400,64988416,13039712
65,55403280,65054912,13307104
66,55405360,65057600,13307552
67,55679520,65358080,13370240
68,56811840,66555520,13639456
69,57028480,66697344,13709504
70,57030480,66698240,13710528
71,58807680,70671552,13795392
72,59713520,72383552,13915264
73,60191280,73235968,13986656
74,60288400,73298752,14019008
75,60765680,73980992,14106912
76,60988640,74105216,14181184
77,61645600,75094272,14289472
78,61829280,75170304,14366368
79,62503760,76107072,14490976
80,62742560,76205696,14586848
81,63005280,76367360,14678496
82,63898000,78206208,14750816
83,64430480,79056064,14843360
84,64828240,79699648,14904640
85,65276800,80204544,15011936
86,65557280,80376896,15098848
87,65747040,80427264,15168704
88,65748720,80427968,15169472
89,65925840,80795904,15180096
90,66088160,81009088,15230912
91,66199680,81078400,15271392
92,66743040,81876544,15367104
93,67042080,81999616,15484192
94,67043760,82000576,15484864
