Backup ID, Online Delta_save, Offline Delta_save, Offline delta time, Offline dedelta time, Offline delete time, Offline Delta chunk num
0,1551201,858674,167,45,11,122
1,58477187,1688237,315,87,26,228
2,102626429,12138373,2796,1180,76,1616
3,119437017,52818305,16467,9205,156,7262
4,135812961,91419885,31887,19405,248,12482
5,148889260,130398525,51212,33396,346,17816
6,155113145,149415639,59039,38471,440,20568
7,201493823,176912433,67432,42645,549,24787
8,243546549,244537447,84463,51139,701,33324
9,243606654,244546490,84464,51139,702,33325
10,247733843,256642839,94644,59573,797,35071
11,253143797,266487354,103009,66443,887,36566
12,259776312,311024371,133926,91220,1069,42706
13,265665520,323540466,142735,98169,1155,44566
14,294558734,379328594,164456,112807,1300,51649
15,310869601,436729581,190948,132260,1420,58688
16,331627797,532958153,233983,162706,1588,71277
17,339261744,582923956,253831,176051,1696,77780
18,343140912,597115389,270825,191079,1852,79746
19,347565693,612453352,289347,207384,1991,81963
20,353680304,626094182,306577,222629,2106,83948
21,359021770,640994207,326852,240738,2235,86114
22,359085056,640026365,327125,241010,2239,86115
23,359153421,640035642,327400,241283,2242,86117
24,365111289,690418248,364086,271858,2410,92228
25,373087686,702478024,379671,285642,2553,94029
26,381074613,716446103,396815,300736,2694,96079
27,393228872,770120963,439300,336738,2855,102562
28,399806036,783681102,460337,355752,2986,104585
29,411816794,861438739,521094,406518,3260,114576
30,418484383,937116520,585865,461858,3477,124007
31,421066443,949506262,604572,478840,3594,125732
32,425925353,959079598,619927,492876,3687,127051
33,430897914,968354701,634699,506353,3773,128346
34,432552313,1008648300,654955,520776,3874,134179
35,434193267,1061466847,679102,538309,3980,140793
36,435186572,1116343886,709374,561741,4073,147633
37,438816380,1230578316,805171,643133,4328,162038
38,439584966,1278492051,840745,672160,4462,168585
39,446697021,1339354284,908177,731933,4722,176244
40,465495662,1403138332,975809,791493,4969,184316
41,479596090,1478450559,1059051,865268,5220,193783
42,490305982,1542013044,1137196,935530,5481,201666
43,494112212,1560483291,1164834,960427,5644,204407
44,496253036,1616220197,1251333,1039827,5962,211506
45,500985580,1625590178,1274603,1061785,6095,212818
46,505749564,1640296328,1304133,1089153,6293,214980
47,513748636,1709718035,1403924,1180531,6610,223393
48,513850555,1709718035,1403924,1180531,6610,223393
49,517145501,1718928349,1432771,1208054,6749,224717
50,523972450,1726776061,1455395,1229523,6905,225872
51,524816407,1775835390,1492964,1259852,7083,233112
52,526711274,1781769420,1499745,1265899,7195,233846
53,527831668,1787275099,1507046,1272458,7270,234588
54,528980622,1793655596,1514545,1279161,7330,235384
55,529312821,1800796682,1523337,1287039,7408,236298
56,529782936,1808245904,1532304,1295068,7461,237236
57,531721507,1820536776,1562088,1323087,7661,239001
58,534654272,1832005048,1590860,1350223,7797,240637
59,537219828,1845043309,1622601,1380166,7932,242435
60,541646092,1855965610,1649369,1405412,8041,243957
61,545574462,1867868039,1679215,1433619,8143,245596
62,546799738,1936832106,1744337,1490024,8428,254313
63,548093383,1998974938,1792528,1530449,8577,262079
64,548809297,2060416218,1848516,1578660,8742,269856
65,549353117,2122674109,1911068,1633404,8934,277664
66,549390817,2122698355,1911077,1633409,8940,277668
67,551264983,2134647013,1951402,1672110,9150,279292
68,554477006,2195772022,2061205,1774474,9465,286731
69,558920742,2205113690,2094741,1806637,9629,288104
70,558986030,2205171020,2094759,1806646,9639,288113
71,565968334,2209038758,2097769,1809115,9825,288654
72,577614249,2215329410,2101497,1811927,9933,289570
73,584428668,2221366147,2104596,1814341,10015,290255
74,586039067,2226534759,2106849,1815936,10054,290913
75,590829843,2239967858,2113697,1821029,10125,292668
76,593150907,2253394157,2124302,1829807,10253,294495
77,596265977,2272631879,2138441,1841347,10360,297094
78,602381556,2281123181,2145920,1847626,10414,298294
79,605631186,2303144476,2165067,1863673,10570,301394
80,611177383,2317011950,2179702,1876504,10670,303198
81,614630157,2332959496,2194463,1889226,10756,305237
82,619018870,2339990799,2200982,1894733,10950,306249
83,620482109,2355199942,2214139,1905882,11095,308257
84,622727295,2364585360,2223724,1914190,11214,309534
85,625919607,2382667736,2244784,1932718,11390,312066
86,628417181,2398668015,2265892,1951645,11502,314247
87,630444845,2412093454,2285194,1969157,11607,316037
88,630486539,2412142028,2285224,1969179,11615,316045
89,631067475,2413605842,2287787,1971528,11706,316259
90,632791015,2418827009,2291027,1974077,11748,316950
91,633987605,2425716751,2295674,1977855,11805,317819
92,636188238,2442377438,2313546,1993409,11967,320137
93,640042797,2459666403,2333070,2010324,12092,322746
94,640119843,2459691487,2333089,2010338,12099,322751
