BackupID, OnlineSpeed(MB/s), Encalve ProcessTime(s), BackupSize, OnlineSize, OfflineSize, OfflineTime(s)
0, 98.0965, 3.64397, 374824960, 226836682, 226403756, 0.38651
1, 188.291, 1.85498, 366243840, 278233683, 277803647, 0.407868
2, 190.548, 1.83855, 367349760, 335996072, 327708517, 3.71131
3, 204.228, 1.724, 369192960, 403156395, 372657901, 15.5899
4, 218.615, 1.60787, 368578560, 439997801, 408777335, 16.7097
5, 194.175, 1.48822, 303011840, 474288066, 444553055, 18.988
6, 103.51, 4.5929, 498503680, 707009274, 695744934, 8.15658
7, 112.566, 2.96197, 349614080, 824405860, 817168501, 11.0803
8, 122.635, 2.8556, 367206400, 940479393, 914901143, 20.2758
9, 678.578, 0.516072, 367206400, 914912557, 914911775, 0.012015
10, 316.1, 1.14064, 378071040, 948550980, 941942115, 8.95255
11, 337.885, 0.881459, 312299520, 962486639, 957850780, 7.85722
12, 192.742, 1.54448, 312145920, 1028414772, 995604517, 25.5842
13, 490.492, 0.986812, 507535360, 1005675889, 998280351, 7.80853
14, 224.994, 2.21547, 522680320, 1074517502, 1041875524, 22.3847
15, 259.659, 1.92003, 522772480, 1105257970, 1071913514, 24.4104
16, 151.928, 2.4261, 386498560, 1169896372, 1131311882, 42.6178
17, 296.885, 1.23427, 384235520, 1158168728, 1145754662, 21.1788
18, 313.071, 1.17052, 384256000, 1171538907, 1163517197, 12.3465
19, 330.133, 1.08514, 375644160, 1186918663, 1177829769, 14.6156
20, 344.58, 1.04288, 376811520, 1199268405, 1190766590, 14.0439
21, 352.551, 1.02437, 378685440, 1212274843, 1202909545, 15.6307
22, 680.356, 0.538594, 384235520, 1202924063, 1203908101, 0.342531
23, 646.46, 0.566834, 384235520, 1203917669, 1203916057, 0.174702
24, 207.861, 1.7868, 389447680, 1280551352, 1250929408, 31.0508
25, 394.601, 0.942681, 390051840, 1262304674, 1255342868, 12.1216
26, 408.694, 0.912539, 391065600, 1266150971, 1257448289, 13.4907
27, 224.262, 1.66283, 391024640, 1320183740, 1287232082, 35.6867
28, 417.755, 0.891483, 390512640, 1299693398, 1291467483, 16.3478
29, 153.785, 2.01694, 325242880, 1383886968, 1337393638, 49.108
30, 178.359, 1.73928, 325283840, 1415242911, 1368847675, 55.8756
31, 430.924, 0.719634, 325171200, 1379597802, 1371214429, 13.8481
32, 417.492, 0.743862, 325642240, 1380867930, 1374234909, 12.0519
33, 438.969, 0.707735, 325765120, 1383938892, 1377336018, 10.5413
34, 285.149, 1.26092, 377016320, 1409410514, 1403045501, 19.7196
35, 313.77, 1.14715, 377425920, 1430430803, 1415833813, 22.7684
36, 323.909, 1.17021, 397455360, 1442530786, 1426439169, 28.0734
37, 178.857, 2.10702, 395161600, 1512047432, 1463961857, 76.5533
38, 335.516, 1.1235, 395264000, 1491331863, 1479082348, 32.3681
39, 169.419, 1.84603, 327946240, 1560703941, 1524256765, 53.1597
40, 177.035, 1.62398, 301465600, 1588019780, 1550823132, 56.6052
41, 145.562, 1.97818, 301936640, 1626889637, 1582198798, 67.3966
42, 161.001, 1.78916, 302049280, 1652892361, 1614620555, 60.4668
43, 297.47, 0.969701, 302469120, 1632432878, 1620957022, 22.0869
44, 190.445, 1.95631, 390666240, 1695600875, 1663473065, 61.976
45, 338.088, 1.10204, 390686720, 1673458474, 1667283600, 17.6983
46, 382.902, 0.971277, 389969920, 1679232951, 1669851308, 21.2998
47, 209.048, 1.78315, 390871040, 1737621710, 1694362679, 73.4101
48, 612.957, 0.470599, 302469120, 1694371027, 1694371027, 0.003466
49, 396.061, 0.953704, 396072960, 1713001249, 1707771022, 21.8662
50, 449.125, 0.840197, 395683840, 1717718489, 1712795699, 16.0687
51, 274.215, 1.43699, 413184000, 1751713602, 1747732820, 32.5295
52, 501.493, 0.634434, 333619200, 1756149261, 1750687734, 6.40648
53, 494.512, 0.592736, 307353600, 1760613631, 1755707880, 5.9133
54, 492.796, 0.595811, 307875840, 1765285138, 1759414242, 5.79985
55, 475.077, 0.618239, 307978240, 1767907789, 1761370180, 6.9381
56, 481.464, 0.610889, 308408320, 1769928558, 1762978196, 6.73718
57, 428.971, 0.734475, 330373120, 1775088745, 1767085143, 20.1035
58, 424.34, 0.74318, 330680320, 1779598759, 1771785060, 21.8165
59, 398.693, 0.790743, 330577920, 1783311182, 1774223651, 23.4739
60, 441.906, 0.714413, 331038720, 1784892887, 1777057201, 19.89
61, 433.28, 0.728905, 331161600, 1787955150, 1779286910, 20.9529
62, 270.198, 1.39123, 394168320, 1816040704, 1794515631, 53.604
63, 310.29, 1.2149, 395284480, 1824816275, 1806445400, 39.949
64, 311.475, 1.27161, 415313920, 1836839452, 1818658457, 47.876
65, 311.075, 1.26627, 413040640, 1848941300, 1830266947, 48.3964
66, 635.898, 0.462529, 308408320, 1830292478, 1830289475, 0.038739
67, 423.41, 0.90082, 399943680, 1845718137, 1838455563, 25.4357
68, 221.446, 1.69147, 392765440, 1908672716, 1872417505, 84.6817
69, 397.641, 0.950306, 396236800, 1883727863, 1877872883, 25.3293
70, 638.117, 0.46092, 308408320, 1877890261, 1877875459, 0.057234
71, 145.705, 2.25406, 344381440, 1997764653, 1995643919, 4.03948
72, 238.844, 1.43604, 359649280, 2049029541, 2045177510, 3.9466
73, 319.311, 1.03791, 347514880, 2074510455, 2069739612, 3.06747
74, 527.829, 0.628255, 347719680, 2077116043, 2072189382, 1.93375
75, 321.192, 1.03256, 347760640, 2100056925, 2090226618, 5.74657
76, 419.402, 0.790699, 347729920, 2103108231, 2093714370, 8.94215
77, 271.904, 1.26115, 359567360, 2132021425, 2119376901, 11.8518
78, 449.613, 0.762462, 359464960, 2129507081, 2122484674, 5.76389
79, 281.914, 1.21733, 359854080, 2159858511, 2146106730, 15.4556
80, 398.675, 0.860859, 359874560, 2158304946, 2148032520, 11.3418
81, 430.018, 0.79666, 359219200, 2164034836, 2152684431, 10.5172
82, 228.167, 1.34718, 322314240, 2210198083, 2206251099, 6.54978
83, 307.608, 1.07095, 345436160, 2239639485, 2229658597, 10.4185
84, 357.052, 0.921417, 344975360, 2254362001, 2247568333, 8.10222
85, 327.978, 1.00491, 345600000, 2277074886, 2265450175, 15.0412
86, 393.482, 0.834347, 344248320, 2281790712, 2270871430, 15.3007
87, 451.681, 0.727101, 344371200, 2281981013, 2271858605, 13.6929
88, 606.567, 0.565458, 359649280, 2271878610, 2271869776, 0.076514
89, 477.792, 0.723829, 362639360, 2287545893, 2286532460, 2.47121
90, 469.199, 0.735296, 361758720, 2300098936, 2295327187, 2.57371
91, 521.019, 0.663401, 362434560, 2304230294, 2297899798, 3.59222
92, 303.621, 1.13889, 362588160, 2329630563, 2318198882, 13.4797
93, 406.196, 0.851147, 362526720, 2333414461, 2322775316, 15.1135
94, 624.612, 0.553375, 362434560, 2322787351, 2322782622, 0.094493
