Backup ID, Ecall, Inline_Ocall, Offline_Ocall, _Inline_FPOcall, _Inline_SFOcall, _Inline_LocalOcall, _Inline_LoadOcall, _Inline_DeltaOcall, _Inline_RecipeOcall, _Inline_Write_ContainerOcall, _inline_have_similar_chunk_num, _inline_need_load_container_num
0,372,1352,9570,370,370,12,196,358,46,59,514,160,
1,738,2488,27205,694,694,18,275,716,91,73,8494,538,
2,1104,3626,84589,1016,1016,54,360,1044,136,89,15919,1070,
3,1471,4744,205660,1334,1334,171,432,1292,181,109,23898,1729,
4,1838,5811,345202,1622,1622,276,513,1552,226,127,31410,2353,
5,2138,6694,503055,1861,1861,381,583,1745,263,145,38472,2928,
6,2624,8472,629580,2340,2340,463,859,2147,323,213,42214,3471,
7,2956,9783,777415,2666,2666,566,1147,2374,364,247,52358,4132,
8,3302,11099,995114,2992,2992,715,1425,2569,406,280,66141,5050,
9,3648,11505,995878,2999,2999,716,1431,2912,448,282,66153,5058,
10,4023,12277,1146117,3151,3151,778,1480,3223,494,292,68467,5426,
11,4331,12930,1286551,3283,3283,824,1525,3483,532,299,70716,5700,
12,4639,13821,1563387,3525,3525,958,1588,3655,570,318,77730,6453,
13,5134,14717,1702034,3674,3674,1006,1632,4100,631,322,80449,6790,
14,5647,16072,1937483,4017,4017,1126,1727,4491,694,343,91197,7507,
15,6161,17330,2172008,4319,4319,1235,1806,4894,757,360,100430,8141,
16,6525,18467,2511699,4652,4652,1429,1870,5062,802,386,115519,9400,
17,6886,19268,2725580,4833,4833,1534,1906,5316,846,394,122993,10178,
18,7267,20053,2968296,4987,4987,1610,1957,5619,893,402,125494,10667,
19,7642,20838,3188765,5143,5143,1683,2011,5919,939,409,128321,11122,
20,8017,21616,3388451,5295,5295,1736,2066,6239,985,416,131164,11528,
21,8393,22386,3604919,5444,5444,1800,2118,6549,1031,423,134058,11948,
22,8754,22807,3627024,5451,5451,1801,2122,6907,1075,425,134070,11956,
23,9115,23224,3629822,5458,5458,1802,2122,7265,1119,427,134088,11968,
24,9499,24163,3935647,5681,5681,1914,2186,7535,1166,448,141001,12562,
25,9883,25055,4164884,5880,5880,1980,2251,7851,1213,452,143869,13061,
26,10268,25930,4398897,6071,6071,2039,2314,8175,1260,456,147047,13503,
27,10652,26869,4712930,6287,6287,2147,2392,8449,1307,473,155069,14095,
28,11035,27739,4954811,6477,6477,2216,2454,8761,1354,478,157983,14560,
29,11351,28766,5429735,6773,6773,2393,2536,8898,1393,503,169443,15728,
30,11667,29704,5885601,7031,7031,2557,2605,9048,1432,524,179783,16633,
31,11983,30331,6107784,7147,7147,2608,2647,9311,1471,528,181842,16946,
32,12299,30961,6301731,7264,7264,2648,2690,9585,1510,532,183825,17202,
33,12616,31584,6468159,7377,7377,2684,2733,9864,1549,536,185821,17469,
34,12971,32225,6665147,7489,7489,2772,2753,10129,1593,546,191852,18305,
35,13326,32868,6864323,7603,7603,2858,2771,10396,1637,555,198660,18922,
36,13699,33529,7068893,7714,7714,2942,2793,10683,1683,563,205657,19546,
37,14069,34602,7630662,8007,8007,3158,2867,10835,1728,586,220540,21074,
38,14439,35266,7910179,8122,8122,3249,2888,11112,1773,595,227180,21799,
39,14759,36212,8398081,8373,8373,3392,2975,11287,1812,617,235746,22642,
40,15052,37111,8876659,8624,8624,3533,3045,11437,1848,635,246098,23430,
41,15346,38041,9417689,8892,8892,3687,3111,11575,1884,656,257258,24317,
42,15640,38974,9930108,9162,9162,3827,3176,11727,1920,675,266453,25149,
43,15934,39838,10257019,9407,9407,3897,3222,11949,1956,681,269679,25578,
44,16317,40752,10852739,9624,9624,4049,3274,12178,2003,701,277057,26707,
45,16700,41655,11131841,9839,9839,4087,3319,12521,2050,705,279021,27001,
46,17083,42515,11462743,10027,10027,4168,3375,12821,2097,710,281854,27518,
47,17467,43623,12117723,10319,10319,4322,3470,13049,2144,729,291367,28666,
48,17761,44205,12117740,10443,10443,4322,3476,13341,2180,731,291385,28674,
49,18150,44934,12421801,10564,10564,4372,3528,13678,2228,737,293149,29005,
50,18539,45659,12696285,10686,10686,4414,3574,14023,2276,741,295245,29311,
51,18924,46365,13020894,10815,10815,4516,3592,14304,2323,753,302592,30346,
52,19250,46957,13187678,10921,10921,4532,3608,14612,2363,757,303585,30459,
53,19549,47788,13325729,11159,11159,4550,3629,14891,2400,761,304474,30574,
54,19848,48564,13422733,11371,11371,4566,3647,15172,2437,765,305462,30682,
55,20148,49130,13536340,11477,11477,4585,3666,15451,2474,769,306420,30795,
56,20448,49567,13616041,11517,11517,4601,3688,15733,2511,773,307425,30900,
57,20769,50532,13925502,11805,11805,4666,3719,15987,2550,778,309442,31364,
58,21090,51440,14174686,12065,12065,4716,3749,16256,2589,783,311489,31692,
59,21411,52071,14426415,12182,12182,4771,3788,16520,2628,787,313606,32049,
60,21733,52699,14632359,12297,12297,4814,3827,16797,2667,791,315733,32354,
61,22055,53318,14857967,12411,12411,4858,3859,17073,2706,795,317902,32667,
62,22425,54150,15374933,12604,12604,5009,3892,17290,2751,806,326767,34169,
63,22796,54848,15682134,12732,12732,5105,3919,17563,2797,815,334685,34998,
64,23185,55562,16021142,12859,12859,5203,3944,17852,2845,824,342547,35811,
65,23571,56628,16378385,13165,13165,5304,3967,18135,2892,833,350423,36792,
66,23871,57036,16380440,13200,13200,5305,3970,18432,2929,835,350437,36803,
67,24263,57774,16765595,13328,13328,5376,4014,18751,2977,840,352292,37273,
68,24650,58700,17434479,13548,13548,5525,4067,18987,3025,859,360165,38090,
69,25039,59626,17753943,13769,13769,5572,4116,19327,3073,863,362122,38449,
70,25339,60035,17756914,13803,13803,5574,4122,19623,3110,865,362142,38463,
71,25673,60897,17982918,14015,14015,5610,4187,19919,3151,896,363655,38720,
72,26022,61790,18113094,14240,14240,5644,4240,20232,3194,911,366057,39002,
73,26360,62594,18189084,14429,14429,5671,4289,20541,3235,920,367583,39216,
74,26698,63284,18221559,14576,14576,5684,4308,20864,3276,923,368469,39301,
75,27036,64019,18302298,14730,14730,5728,4358,21156,3317,931,370874,39586,
76,27374,64828,18447683,14922,14922,5784,4406,21436,3358,936,372999,39942,
77,27723,65682,18590227,15122,15122,5855,4470,21712,3401,947,376032,40362,
78,28071,66458,18658726,15300,15300,5882,4501,22031,3444,951,377927,40553,
79,28420,67363,18859890,15521,15521,5967,4574,22293,3487,962,381453,41082,
80,28769,68208,18999956,15724,15724,6015,4623,22592,3530,967,383917,41402,
81,29117,68976,19111360,15901,15901,6061,4648,22892,3573,973,386353,41667,
82,29432,69749,19325356,16080,16080,6113,4711,23153,3612,989,387921,42058,
83,29768,70513,19489632,16251,16251,6176,4758,23424,3653,999,390130,42443,
84,30103,71270,19616868,16420,16420,6219,4803,23714,3694,1007,391746,42750,
85,30439,72087,19850762,16614,16614,6297,4857,23970,3735,1016,394703,43300,
86,30773,72839,20010889,16787,16787,6353,4890,24246,3776,1022,397309,43680,
87,31107,73571,20155281,16946,16946,6405,4931,24526,3817,1026,399401,44035,
88,31456,74222,20159665,17073,17073,6407,4938,24871,3860,1028,399418,44047,
89,31808,74968,20245923,17237,17237,6423,4963,25205,3903,1033,399713,44173,
90,32159,75562,20306572,17327,17327,6439,4985,25538,3946,1038,400631,44279,
91,32510,76141,20370304,17409,17409,6455,5008,25871,3989,1042,401658,44392,
92,32862,76948,20557760,17585,17585,6535,5070,26141,4032,1052,404279,44879,
93,33213,77726,20744145,17757,17757,6595,5112,26430,4075,1057,407353,45266,
94,33564,78276,20753013,17832,17832,6596,5120,26778,4118,1059,407369,45278,
