Backup ID, Logical chunk num, Unique chunk num, Base chunk num, Delta chunk num, Logical chunk size, Unique chunk size, Base chunk size, Delta chunk size, LZ4_save size, Delta_save size, 
0,349658,181563,72369,109194,2869463040,1586581660,317366839,92826069,296697601,879691151
1,700527,225166,80470,144696,5748879360,2005085802,351157965,125637696,326414037,1201876104
2,1048641,266111,84886,181225,8606402560,2401076896,368074849,158097184,342863424,1532041439
3,1400928,309641,94786,214855,11506227200,2823542516,411748516,203170489,375259624,1833363887
4,1749773,350273,99096,251177,14379182080,3221877633,428334531,239280543,391243330,2163019229
5,2102412,391624,103171,288453,17284945920,3626123370,443568256,272037848,406433009,2504084257
6,2454706,434179,107365,326814,20191088640,4041790630,459453583,312403232,422075446,2847858369
7,2812109,475940,116084,359856,23129180160,4435403046,494059949,352625525,452453591,3136263981
8,3167314,516183,120297,395886,26049710080,4815972298,511370168,385793665,468522526,3450285939
9,3522400,556670,124399,432271,28969748480,5198324110,527911668,422284215,484003768,3764124459
10,3874982,595347,127440,467907,31867842560,5565605388,540582751,451119552,495743857,4078159228
11,4227381,634533,130764,503769,34764001280,5937267741,554144627,482161645,508422399,4392539070
12,4585507,676861,135209,541652,37705349120,6332317969,572395578,514640994,524555193,4720726204
13,4940662,717180,139896,577284,40626268160,6713959396,589528218,549159140,540372294,5034899744
14,5298219,756126,142656,613470,43568435200,7082753289,600910315,582835599,550900823,5348106552
15,5655036,794396,145049,649347,46505267200,7445443641,610808553,615077525,560173121,5659384442
16,6017260,834554,148658,685896,49483950080,7823476615,623193270,650247905,572628085,5977407355
17,6381829,874758,151977,722781,52483553280,8201432140,635590253,686098461,584647650,6295095776
18,6746630,914145,155835,758310,55485675520,8572341154,649641948,715515123,597502169,6609681914
19,7108426,954067,158876,795191,58467983360,8948973987,661163643,756009963,608663969,6923136412
20,7464498,993174,161788,831386,61400565760,9319044274,672422088,781744605,619298979,7245578602
21,7815621,1032218,164797,867421,64291246080,9690481972,682769496,813686140,629640793,7564385543
22,8163270,1070694,167544,903150,67153766400,10057353438,694287847,845409942,640451616,7877204033
23,8509462,1109121,170047,939074,70005688320,10423757412,704353999,877166341,650283870,8191953202
24,8857126,1147034,172173,974861,72872611840,10785938053,713086109,912674549,658285207,8501892188
25,9205823,1184724,175444,1009280,75747768320,11145427019,723975309,942508890,668459802,8810483018
26,9553238,1223126,177818,1045308,78613667840,11511966758,733753652,982370305,677731418,9118111383
27,9900471,1260887,180105,1080782,81478348800,11872768927,743235260,1003204288,686797134,9439532245
28,10248239,1299161,182384,1116777,84350238720,12237946237,752369112,1033008591,695497973,9757070561
29,10596588,1337206,185694,1151512,87226378240,12600596594,763521783,1061926511,706050179,10069098121
30,10946481,1375853,188111,1187742,90117150720,12968055455,773300789,1092111003,715438186,10387205477
31,11291923,1413211,191104,1222107,92970352640,13325556050,784065352,1125146023,725319520,10691025155
32,11633491,1450134,192868,1257266,95788369920,13679895037,791506784,1155624641,732196404,11000567208
33,11980449,1491772,195619,1296153,98655385600,14076093037,802474939,1196617627,742294718,11334705753
34,12328874,1532659,198369,1334290,101536942080,14465034928,813313269,1229739108,752524932,11669457619
35,12678852,1573224,202919,1370305,104431165440,14850849290,827659849,1273577593,766189421,11983422427
36,13027926,1613137,205826,1407311,107317770240,15231135114,838848058,1296557656,776673520,12319055880
37,13379379,1652971,210064,1442907,110227466240,15609136396,854418062,1334240034,790956178,12629522122
38,13728163,1691563,212471,1479092,113113917440,15977195134,863970045,1366083205,799931182,12947210702
39,14076885,1730035,216262,1513773,116000757760,16345283035,876590738,1398734652,811784966,13258172679
40,14428208,1769259,218853,1550406,118909593600,16718145370,886808102,1431499696,821789363,13578048209
41,14776888,1807925,222424,1585501,121795717120,17086806716,899328046,1463534501,833557656,13890386513
42,15125521,1846954,224936,1622018,124680949760,17458129194,909591957,1497451222,843294296,14207791719
43,15474430,1885464,227566,1657898,127569377280,17824633621,920099782,1534777394,853218140,14516538305
44,15821608,1923538,229919,1693619,130441646080,18187892099,929975525,1566756826,862270248,14828889500
45,16170670,1961503,232021,1729482,133332664320,18550291606,938747375,1599532204,870466743,15141545284
46,16521828,1999608,234145,1765463,136244039680,18912830265,947219735,1627810277,878503179,15459297074
47,16873063,2038050,236795,1801255,139155404800,19278065298,957508955,1671261586,888641600,15760653157
48,17225102,2076957,239266,1837691,142071173120,19646653058,967180879,1708066852,898151661,16073253666
49,17574419,2115318,242602,1872716,144962355200,20012221789,978890096,1736674273,909150477,16387506943
50,17926301,2154337,245162,1909175,147876433920,20382505558,989245918,1779377547,919012366,16694869727
51,18271894,2192243,247427,1944816,150738626560,20744929295,998634617,1802507765,927794831,17015992082
52,18617702,2229865,249481,1980384,153603604480,21104158522,1007213461,1845602504,935813742,17315528815
53,18965640,2267172,252803,2014369,156488765440,21459879139,1019177564,1879114532,946650658,17614936385
54,19314713,2305354,255025,2050329,159383644160,21823151729,1028486979,1898429235,955533881,17940701634
55,19663418,2344057,257547,2086510,162274867200,22191381180,1038801690,1940876889,965322152,18246380449
56,20013675,2383448,260066,2123382,165181665280,22565614286,1049053097,1987999621,975258590,18553302978
57,20362245,2421236,262044,2159192,168073625600,22926259665,1057020964,2021401705,982877547,18864959449
58,20711122,2460140,264414,2195726,170970521600,23297321455,1066842912,2051022988,992261464,19187194091
59,21060301,2497568,266507,2231061,173870110720,23653978445,1075000732,2075756804,1000020794,19503200115
60,21409582,2535174,269545,2265629,176770754560,24012391341,1085283391,2112981897,1009729641,19804396412
61,21758839,2573456,271732,2301724,179671726080,24376710915,1093788080,2140329871,1018204333,20124388631
62,22110179,2612534,274455,2338079,182588170240,24746247844,1104939976,2170470957,1028956818,20441880093
63,22458283,2651107,276723,2374384,185476454400,25113522953,1114128722,2198506724,1037963439,20762924068
64,22807536,2689545,278937,2410608,188373995520,25479224907,1123304950,2248275155,1046682923,21060961879
65,23153242,2727239,281972,2445267,191239946240,25840016130,1133657188,2269827703,1056303233,21380228006
66,23501375,2764639,283627,2481012,194128947200,26197711913,1140742971,2307053902,1062955144,21686959896
67,23849800,2802055,285272,2516783,197020743680,26555483219,1147417323,2336963474,1069305308,22001797114
68,24197521,2840113,287355,2552758,199907051520,26919495546,1156304610,2366382149,1077637059,22319171728
69,24546857,2878491,289453,2589038,202809763840,27285992635,1164948382,2403045723,1086238614,22631759916
70,24897909,2916854,291476,2625378,205728215040,27651087447,1173456016,2429823152,1094412652,22953395627
71,25251386,2955664,293712,2661952,208668569600,28019890005,1182640703,2458788311,1103176919,23275284072
72,25602695,2993999,295688,2698311,211589539840,28385267946,1190860258,2484493093,1110994114,23598920481
73,25952879,3031642,297533,2734109,214500464640,28744357655,1198186014,2521129950,1117919051,23907122640
74,26306780,3069665,299610,2770055,217447301120,29106010902,1206712517,2556020344,1125936542,24217341499
75,26661969,3108343,302157,2806186,220407265280,29473586437,1216349602,2599453112,1135411035,24522372688
76,27016854,3147052,304392,2842660,223364904960,29841213287,1225369859,2618166217,1144186717,24853490494
77,27372834,3185939,306436,2879503,226333276160,30210618529,1233750348,2646115979,1152442500,25178309702
78,27727488,3224888,308629,2916259,229288622080,30580456393,1242511937,2685994390,1160959475,25490990591
79,28083712,3263563,310781,2952782,232259921920,30947402258,1250705633,2714545295,1169170235,25812981095
80,28435875,3301590,312721,2988869,235194050560,31309801095,1258074623,2754052345,1176451398,26121222729
81,28788926,3339470,314496,3024974,238136698880,31670932755,1265482569,2775007679,1183476295,26446966212
82,29143842,3378802,317245,3061557,241094256640,32043527381,1276329572,2821300588,1193241731,26752655490
83,29499437,3417432,319429,3098003,244057620480,32411265351,1285561719,2843954252,1202114744,27079634636
84,29855034,3456001,321439,3134562,247020236800,32778427332,1293564609,2873234230,1209948817,27401679676
