Backup ID, FPindex, SFindex, Deltaindex
0,14525040,13180352,3797472
1,18013280,14642240,5102688
2,21288880,15408960,6385536
3,24771280,17213312,7500000
4,28021840,17954752,8831488
5,31329920,18660096,10084544
6,34734320,19390656,11356448
7,38075200,20778624,12461376
8,41294640,21477952,13728704
9,44533600,22136320,14956000
10,47627760,22630400,16150688
11,50762640,23130560,17346112
12,54148880,23882624,18606848
13,57374400,24458176,19796256
14,60490080,24888576,21001920
15,63551680,25252352,22194656
16,66764320,25699328,23420704
17,69980640,26238656,24650176
18,73131600,26771584,25840320
19,76325360,27205376,27066752
20,79453920,27702656,28272736
21,82577440,28073472,29468096
22,85655520,28609024,30653792
23,88729680,29010432,31845472
24,91762720,29339264,33030688
25,94777920,29633344,34165760
26,97850080,29988736,35356576
27,100870960,30356800,36526400
28,103932880,30692992,37713536
29,106976480,31017792,38858464
30,110068240,31376960,40056256
31,113056880,31672512,41190624
32,116010720,31931776,42343712
33,119341760,32363072,43637632
34,122612720,32785472,44901472
35,125857920,33141760,46107328
36,129050960,33582528,47344928
37,132237680,34157504,48534400
38,135325040,34540672,49739168
39,138402800,34932864,50893152
40,141540720,35341120,52107424
41,144634000,35729344,53273760
42,147756320,36117504,54485536
43,150837120,36485312,55674688
44,153883040,36870400,56859776
45,156920240,37176192,58048192
46,159968640,37496384,59235552
47,163044000,37894016,60422080
48,166156560,38281408,61626720
49,169225440,38620288,62788928
50,172346960,39008000,63997792
51,175379440,39327232,65176416
52,178389200,39646080,66351520
53,181373760,39951744,67477312
54,184428320,40280000,68661472
55,187524560,40665280,69852448
56,190675840,41058944,71067392
57,193698880,41334912,72248224
58,196811200,41711744,73450720
59,199805440,41968640,74622016
60,202813920,42267392,75760288
61,205876480,42557888,76947488
62,209002720,42996032,78152256
63,212088560,43337728,79348032
64,215163600,43694976,80540352
65,218179120,43959680,81681536
66,221171120,44194496,82854944
67,224164400,44435968,84028288
68,227209040,44724160,85209568
69,230279280,45055360,86400608
70,233348320,45358784,87594656
71,236453120,45708672,88798048
72,239519920,45999680,89992832
73,242531360,46275840,91168672
74,245573200,46578688,92348416
75,248667440,46878912,93540608
76,251764160,47277120,94741952
77,254875120,47593920,95950880
78,257991040,47939840,97157920
79,261085040,48271232,98358784
80,264127200,48515968,99543488
81,267157600,48809152,100728704
82,270304160,49100928,101935648
83,273394560,49527104,103135264
84,276480080,49822336,104336320
