Backup ID, Online Delta_save, Offline Delta_save, Offline delta time, Offline dedelta time, Offline delete time, Offline Delta chunk num
0,132822,879558329,109192,15,214,109177
1,1816000,1200060104,191528,47029,434,144499
2,7785435,1524256004,300461,120100,678,180361
3,13933225,1819430662,430501,217096,958,213405
4,31383568,2131635661,591096,342943,1231,248153
5,33326091,2470758166,779593,494388,1528,285205
6,50023192,2797835177,993853,671698,1844,322155
7,51676463,3084587518,1213164,858171,2202,354993
8,58728476,3391557463,1456528,1067008,2578,389520
9,65001554,3699122905,1725241,1300681,2979,424560
10,71880743,4006278485,2012360,1553681,3387,458679
11,77947999,4314591071,2326795,1833642,3835,493153
12,84662097,4636064107,2661879,2132363,4319,529516
13,85926161,4948973583,3023399,2458401,4835,564998
14,92860047,5255246505,3410476,2810844,5356,599632
15,100007570,5559376872,3808310,3174329,5869,633981
16,105176337,5872231018,4197060,3527801,6474,669259
17,112911230,6182184546,4588197,3883763,7053,704434
18,113863482,6495818432,5024986,4285153,7659,739833
19,119367581,6803768831,5473487,4697993,8275,775494
20,124863076,7120715526,5951026,5140708,8950,810318
21,130435165,7433950378,6391333,5546252,9629,845081
22,136056915,7741147118,6901667,6022274,10335,879393
23,141124647,8050828555,7426792,6512645,11029,914147
24,146302974,8355589214,7985563,7036777,11735,948786
25,147382879,8663100139,8553716,7570625,12424,983091
26,154456536,8963654847,9137371,8119791,13169,1017580
27,160184889,9279347356,9746895,8695115,13915,1051780
28,165931155,9591139406,10379398,9292950,14761,1086448
29,166827175,9902270946,11032440,9911349,15580,1121091
30,172584890,10214620587,11696310,10540323,16447,1155987
31,173383655,10517641500,12366241,11175998,17257,1190243
32,179452070,10821115138,13047130,11823142,18025,1223988
33,184991152,11149714601,13740836,12479135,19064,1261701
34,190876201,11478581418,14439398,13140932,20073,1298466
35,191276705,11792145722,15058913,13724473,21132,1334440
36,196439048,12122616832,15705402,14335181,22078,1370221
37,196924252,12432597870,16398623,14992860,23114,1405763
38,201480948,12745729754,17130109,15689269,24149,1440840
39,202421278,13055751401,17857285,16381881,25148,1475404
40,207798529,13370249680,18606054,17095344,26193,1510710
41,208724310,13681662203,19353756,17808055,27210,1545701
42,214777213,13993014506,20114134,18533293,28285,1580841
43,219823408,14296714897,20853429,19237876,29287,1615553
44,225598565,14603290935,21606180,19956281,30362,1649899
45,231060732,14910484552,22373724,20689250,31371,1684474
46,235501435,15223795639,23162135,21442734,32423,1719401
47,241465675,15519187482,23935141,22181381,33482,1753760
48,245912639,15827341027,24742714,22953556,34612,1789158
49,246251467,16141255476,25579238,23755098,35710,1824140
50,251701570,16443168157,26397358,24538071,36808,1859287
51,257193132,16758798950,27214010,25320345,37829,1893665
52,263567941,17051960874,28060754,26132916,38856,1927838
53,264537154,17350399231,28899052,26937350,39812,1961702
54,270932016,17669769618,29773082,27776888,40841,1996194
55,276213079,17970167370,30656297,28625178,41918,2031119
56,281919241,18271383737,31569680,29503043,42993,2066637
57,287100784,18577858665,32474524,30373259,43997,2101265
58,292715369,18894478722,33414222,31277768,45135,2136454
59,298414589,19204785526,34334188,32163683,46257,2170505
60,299463126,19504933286,35302100,33097137,47310,2204963
61,303988385,19820400246,36255663,34015692,48362,2239971
62,308927437,20132952656,37235808,34960679,49538,2275129
63,313971096,20448952972,38232709,35922444,50654,2310265
64,320283978,20740677901,39255337,36910274,51777,2345063
65,321384421,21058843585,40306245,37926663,52904,2379582
66,327835814,21359124082,41353602,38939619,53993,2413983
67,334391861,21667405253,42434656,39986332,55124,2448324
68,340122861,21979048867,43508697,41025680,56246,2483017
69,345281924,22286477992,44621344,42103272,57405,2518072
70,351655664,22601739963,45734157,43181218,58633,2552939
71,357822491,22917461581,46876305,44288164,59814,2588141
72,364341947,23234578534,48032058,45409109,60987,2622949
73,369254121,23537868519,49210398,46552803,62124,2657595
74,376002920,23841338579,50398868,47706857,63347,2692011
75,381406942,24140965746,51519637,48792859,64632,2726778
76,386113159,24467377335,52722647,49960494,65864,2762153
77,392689805,24785619897,53958391,51160881,67033,2797510
78,398793097,25092197494,55210986,52378138,68267,2832848
79,403475403,25409505692,56491222,53622916,69480,2868306
80,408916746,25712305983,57742695,54839630,70648,2903065
81,413524153,26033442059,59034786,56096745,71880,2938041
82,418856858,26333798632,60239686,57266412,73253,2973274
83,424023422,26655611214,61572143,58563682,74533,3008461
84,430301367,26971378309,62907712,59864160,75786,3043552
