BackupID, OnlineSpeed(MB/s), Encalve ProcessTime(s), BackupSize, OnlineSize, OfflineSize, OfflineTime(s)
0, 153.255, 17.856, 2869463040, 838525094, 410192908, 204.226
1, 323.3, 8.49374, 2879416320, 645667599, 476795661, 104.048
2, 324.487, 8.39832, 2857523200, 698061256, 526172033, 121.668
3, 315.682, 8.76036, 2899824640, 761429734, 614919005, 133.598
4, 321.624, 8.51883, 2872954880, 831334269, 667615074, 154.686
5, 320.459, 8.64745, 2905763840, 894059775, 715606104, 183.505
6, 319.017, 8.68766, 2906142720, 941474401, 771856815, 200.558
7, 322.083, 8.69957, 2938091520, 995173806, 846685474, 200.165
8, 326.482, 8.53104, 2920529920, 1060433032, 897163833, 214.226
9, 329.455, 8.45265, 2920038400, 1112240401, 950195883, 239.023
10, 328.717, 8.40795, 2898094080, 1157186736, 991702303, 245.035
11, 328.672, 8.40349, 2896158720, 1201508441, 1036306272, 263.678
12, 319.537, 8.7786, 2941347840, 1259139501, 1087036572, 283.276
13, 320.896, 8.6807, 2920919040, 1304175226, 1138687358, 296.901
14, 331.585, 8.46198, 2942167040, 1346384217, 1183745914, 316.074
15, 331.3, 8.4539, 2936832000, 1387962695, 1225886078, 322.724
16, 327.94, 8.66223, 2978682880, 1439054672, 1273441175, 316.07
17, 328.435, 8.70993, 2999603200, 1485267947, 1321688714, 317.131
18, 331.878, 8.62682, 3002122240, 1533216088, 1365157071, 352.664
19, 330.29, 8.61107, 2982307840, 1577339821, 1417173606, 362.861
20, 327.524, 8.539, 2932582400, 1626064919, 1454166693, 381.042
21, 323.785, 8.5142, 2890680320, 1663724534, 1496455636, 346.707
22, 328.874, 8.30077, 2862520320, 1703909187, 1539697789, 390.408
23, 324.327, 8.386, 2851921920, 1747056456, 1581520340, 416.525
24, 324.445, 8.42703, 2866923520, 1786744716, 1625760658, 437.44
25, 334.602, 8.19469, 2875156480, 1831498841, 1666484199, 451.263
26, 323.991, 8.43583, 2865899520, 1872833735, 1716123957, 448.931
27, 319.801, 8.54272, 2864680960, 1920221821, 1746439548, 465.644
28, 277.352, 9.875, 2871889920, 1952836603, 1785377703, 489.433
29, 323.412, 8.48114, 2876139520, 1992792984, 1825448294, 501.576
30, 325.258, 8.47589, 2890772480, 2032991850, 1865411792, 509.415
31, 321.578, 8.46149, 2853201920, 2070337484, 1909211375, 510.201
32, 316.225, 8.4986, 2818017280, 2110050084, 1947131425, 516.591
33, 316.08, 8.65033, 2867015680, 2172489199, 1999092566, 532.977
34, 313.177, 8.7748, 2881556480, 2219927535, 2043052377, 537.917
35, 313.37, 8.80795, 2894223360, 2264386937, 2101237442, 479.801
36, 317.382, 8.67373, 2886604800, 2317107658, 2135405714, 491.81
37, 321.693, 8.62594, 2909696000, 2352011586, 2188658096, 518.191
38, 324.781, 8.47566, 2886451200, 2397954411, 2230053250, 546.612
39, 323.626, 8.50705, 2886840320, 2440920504, 2275325390, 556.653
40, 325.301, 8.52774, 2908835840, 2486518713, 2318307798, 561.487
41, 325.24, 8.46273, 2886123520, 2529406132, 2362862547, 562.384
42, 322.855, 8.52262, 2885232640, 2572740417, 2407043179, 569.268
43, 321.246, 8.57479, 2888427520, 2614924558, 2454877176, 555.976
44, 328.152, 8.34737, 2872268800, 2660625254, 2496732351, 566.242
45, 327.748, 8.41221, 2891018240, 2702086739, 2538279579, 578.246
46, 332.989, 8.33812, 2911375360, 2744219901, 2575030012, 599.303
47, 325.891, 8.5197, 2911365120, 2781534288, 2628770541, 576.929
48, 319.492, 8.70347, 2915768320, 2837842543, 2675247731, 597.637
49, 325.764, 8.46394, 2891182080, 2884786343, 2715564369, 636.329
50, 326.867, 8.50218, 2914078720, 2925101863, 2768623465, 612.867
51, 324.902, 8.4013, 2862192640, 2973623300, 2801142382, 629.013
52, 326.057, 8.37967, 2864977920, 3004077644, 2852815965, 635.662
53, 328.383, 8.37895, 2885160960, 3056583902, 2898292096, 632.359
54, 321.382, 8.59032, 2894878720, 3103277552, 2926916214, 652.187
55, 324.244, 8.50372, 2891223040, 3135148197, 2979678579, 657.749
56, 323.635, 8.56562, 2906798080, 3190699570, 3037052718, 679.801
57, 324.902, 8.48867, 2891960320, 3241159328, 3078422669, 671.643
58, 323.375, 8.54332, 2896896000, 3287684770, 3117865900, 691.717
59, 332.136, 8.32569, 2899589120, 3319654684, 3150757536, 680.36
60, 327.846, 8.43771, 2900643840, 3355688527, 3198265288, 709.305
61, 326.425, 8.47539, 2900971520, 3404508341, 3234117951, 714.256
62, 319.425, 8.70734, 2916444160, 3443103167, 3275410933, 719.628
63, 327.119, 8.42043, 2888284160, 3483147460, 3312635446, 730.585
64, 326.712, 8.45795, 2897541120, 3518909644, 3371580105, 752.686
65, 328.116, 8.32994, 2865950720, 3577990246, 3403484891, 768.582
66, 326.957, 8.42669, 2889000960, 3605466213, 3447796873, 777.873
67, 326.28, 8.45234, 2891796480, 3649761613, 3484380797, 791.116
68, 323.577, 8.50678, 2886307840, 3690030765, 3522686759, 791.971
69, 330.848, 8.36712, 2902712320, 3729740933, 3567994105, 812.503
70, 328.551, 8.4713, 2918451200, 3773858392, 3603279168, 811.032
71, 313.692, 8.93916, 2940354560, 3811109118, 3641429014, 834.829
72, 327.325, 8.51035, 2920970240, 3847484099, 3675353351, 844.761
73, 334.617, 8.29629, 2910924800, 3878887984, 3719315964, 861.708
74, 331.904, 8.46726, 2946836480, 3923084683, 3762732861, 865.733
75, 332.315, 8.49449, 2959964160, 3970294050, 3815802714, 821.439
76, 327.999, 8.5995, 2957639680, 4023652043, 3843536076, 859.46
77, 328.965, 8.60535, 2968371200, 4051353232, 3879866327, 907.289
78, 328.555, 8.5783, 2955345920, 4088186007, 3928506327, 921.664
79, 323.141, 8.7691, 2971299840, 4135918550, 3965250928, 923.86
80, 333.481, 8.39089, 2934128640, 4170052939, 4012126968, 903.745
81, 331.722, 8.45989, 2942648320, 4216647152, 4040490248, 925.198
82, 329.546, 8.55888, 2957557760, 4251165777, 4097630160, 872.478
83, 330.044, 8.56276, 2963363840, 4305401414, 4129515971, 949.61
84, 327.55, 8.62577, 2962616320, 4336478504, 4166798839, 971.483
