Backup ID, Ecall, Inline_Ocall, Offline_Ocall, _Inline_FPOcall, _Inline_SFOcall, _Inline_LocalOcall, _Inline_LoadOcall, _Inline_DeltaOcall, _Inline_RecipeOcall, _Inline_Write_ContainerOcall, _inline_have_similar_chunk_num, _inline_need_load_container_num
0,2734,9206,643276,2732,2732,2707,669,25,341,214,109901,37954,
1,5478,17785,1166826,5474,5474,5431,680,43,683,275,145404,57505,
2,8200,26294,1802923,8194,8194,8090,690,104,1022,332,181933,72474,
3,10955,34910,2536400,10947,10947,10774,703,173,1366,392,215565,88243,
4,13683,43442,3378932,13673,13673,13443,717,230,1706,448,251927,102362,
5,16440,52058,4336599,16428,16428,16175,724,253,2050,506,289203,116156,
6,19195,60669,5391865,19181,19181,18894,732,287,2394,564,327565,131140,
7,21990,70183,6510789,21974,21974,21639,1518,335,2743,622,361703,147170,
8,24768,78871,7726841,24750,24750,24363,1532,387,3089,677,397733,161339,
9,27545,87557,9048091,27525,27525,27101,1547,424,3435,732,434118,177518,
10,30302,96182,10424687,30280,30280,29809,1563,471,3779,785,469754,193092,
11,33058,104799,11941987,33034,33034,32525,1574,509,4123,839,505616,208565,
12,35858,113551,13559470,35832,35832,35284,1583,548,4472,896,543508,224929,
13,38635,122231,15282320,38607,38607,38028,1592,579,4818,952,580358,241542,
14,41431,130973,17107962,41401,41401,40773,1603,628,5167,1005,616544,257294,
15,44221,139699,18973650,44189,44189,43512,1617,677,5515,1058,652421,272274,
16,47053,148580,20875141,47019,47019,46311,1655,708,5868,1113,688998,290027,
17,49904,157501,22783053,49868,49868,49112,1673,756,6224,1168,725890,306444,
18,52757,166418,24828902,52718,52718,51930,1683,789,6580,1223,762379,324606,
19,55586,175264,26968400,55545,55545,54728,1695,818,6933,1278,799263,341729,
20,58370,183961,29225514,58327,58327,57486,1699,842,7280,1332,835458,359323,
21,61116,192544,31397548,61071,61071,60199,1708,873,7622,1386,871493,376372,
22,63835,201034,33808956,63787,63787,62892,1710,897,7961,1439,907222,394671,
23,66542,209496,36273636,66492,66492,65572,1719,922,8299,1492,943146,410401,
24,69261,217993,38856830,69209,69209,68263,1726,948,8638,1545,978933,425429,
25,71988,226518,41481777,71934,71934,70955,1736,981,8978,1598,1014702,441960,
26,74705,235009,44225882,74649,74649,73633,1743,1018,9317,1651,1050735,457773,
27,77420,243499,47022470,77362,77362,76309,1755,1055,9656,1704,1086209,473699,
28,80139,251999,49992137,80079,80079,78992,1765,1089,9995,1757,1122204,489307,
29,82863,260514,53027519,82801,82801,81683,1774,1120,10335,1811,1158155,505301,
30,85599,269067,56136115,85535,85535,84385,1784,1152,10676,1864,1194386,521626,
31,88300,277511,59252472,88234,88234,87053,1794,1183,11013,1917,1229842,537326,
32,90971,285861,62359168,90903,90903,89689,1804,1216,11346,1969,1265001,553022,
33,93684,294338,65684802,93614,93614,92373,1810,1243,11684,2027,1303890,570339,
34,96409,302852,69032597,96337,96337,95066,1815,1273,12024,2084,1342029,587221,
35,99146,311402,72154069,99072,99072,97776,1819,1298,12365,2141,1379392,606705,
36,101876,319931,75331259,101800,101800,100479,1824,1323,12705,2197,1416398,624877,
37,104624,328517,78696894,104546,104546,103203,1829,1345,13048,2253,1453083,643452,
38,107351,337042,82203798,107271,107271,105900,1839,1373,13388,2307,1489268,660833,
39,110078,345568,85697994,109996,109996,108593,1850,1405,13728,2361,1525295,678122,
40,112825,354151,89294583,112741,112741,111313,1855,1430,14071,2415,1561928,694758,
41,115552,362674,92890371,115466,115466,114011,1863,1457,14411,2470,1598111,711875,
42,118278,371194,96551650,118190,118190,116707,1871,1485,14751,2524,1634628,729577,
43,121006,379717,100112248,120916,120916,119411,1876,1507,15091,2578,1670508,746989,
44,123721,388201,103755475,123629,123629,122096,1882,1535,15430,2631,1706229,763996,
45,126451,396732,107408520,126357,126357,124798,1889,1561,15770,2684,1742092,781156,
46,129197,405316,111150242,129101,129101,127516,1899,1587,16112,2737,1778073,798468,
47,131944,413899,114857823,131846,131846,130232,1904,1616,16455,2790,1813874,815611,
48,134697,422503,118725661,134597,134597,132959,1912,1640,16798,2844,1850310,832906,
49,137429,431039,122681217,137327,137327,135666,1917,1663,17139,2898,1886425,850370,
50,140181,439639,126612041,140077,140077,138390,1924,1689,17482,2952,1922884,867301,
51,142883,448087,130497861,142777,142777,141060,1935,1719,17819,3005,1958525,883736,
52,145587,456541,134461703,145479,145479,143727,1946,1754,18156,3057,1994093,898989,
53,148308,465044,138372258,148198,148198,146416,1953,1784,18495,3110,2029296,914220,
54,151038,473580,142415704,150926,150926,149111,1965,1817,18835,3163,2065256,930104,
55,153765,482105,146562471,153651,153651,151806,1975,1847,19175,3217,2101437,945139,
56,156504,490666,150780643,156388,156388,154514,1983,1876,19517,3271,2138309,960658,
57,159230,499189,154957982,159112,159112,157206,1994,1908,19857,3324,2174119,976552,
58,161958,507713,159329613,161838,161838,159906,2000,1934,20197,3378,2210653,992174,
59,164688,516246,163638221,164566,164566,162604,2009,1964,20537,3430,2245989,1008862,
60,167419,524784,168050662,167295,167295,165304,2019,1993,20878,3483,2281775,1025752,
61,170150,533318,172421241,170024,170024,168010,2025,2016,21219,3536,2317870,1042340,
62,172897,541902,176938715,172769,172769,170732,2031,2039,21562,3590,2354225,1059551,
63,175619,550411,181534405,175489,175489,173421,2041,2070,21901,3644,2390530,1075328,
64,178350,558952,186206537,178218,178218,176115,2054,2105,22242,3697,2426754,1091431,
65,181053,567404,190956609,180919,180919,178780,2066,2141,22579,3750,2462695,1107361,
66,183775,575919,195691602,183639,183639,181460,2082,2181,22918,3802,2498443,1123062,
67,186500,584440,200565753,186362,186362,184140,2094,2224,23258,3854,2534214,1139148,
68,189219,592941,205433455,189079,189079,186828,2105,2253,23597,3907,2570192,1155390,
69,191951,601479,210446597,191809,191809,189532,2112,2279,23938,3960,2606478,1172337,
70,194696,610061,215503350,194552,194552,192241,2123,2313,24280,4013,2642818,1188572,
71,197460,618701,220651959,197314,197314,194972,2132,2344,24625,4067,2679392,1205142,
72,200207,627288,225853186,200059,200059,197684,2141,2377,24968,4120,2715751,1220786,
73,202945,635849,231130537,202795,202795,200389,2153,2408,25309,4172,2751549,1237257,
74,205712,644503,236496318,205560,205560,203114,2167,2448,25654,4224,2787495,1252736,
75,208489,653179,241673034,208335,208335,205864,2172,2473,26000,4277,2823626,1270323,
76,211264,661853,247072066,211108,211108,208613,2181,2497,26346,4331,2860100,1287678,
77,214048,670554,252575624,213890,213890,211360,2189,2532,26693,4385,2896947,1303377,
78,216821,679226,258205468,216661,216661,214096,2202,2567,27039,4439,2933703,1319357,
79,219606,687932,263932875,219444,219444,216853,2212,2593,27386,4492,2970226,1335021,
80,222360,696537,269535965,222196,222196,219580,2218,2618,27729,4545,3006313,1351571,
81,225121,705163,275292203,224955,224955,222317,2223,2640,28073,4598,3042423,1367753,
82,227896,713830,280911005,227728,227728,225068,2225,2662,28419,4652,3079006,1386023,
83,230677,722519,286857736,230507,230507,227824,2230,2685,28766,4706,3115452,1404525,
84,233458,731212,292835774,233286,233286,230569,2239,2719,29113,4759,3152011,1420986,
