Backup ID,Backup Size(MB),dataTranTime(us/MB),fpTime(ms/MB),freqTime(ms/MB),firstDedupTime(ms/MB),secondDedupTime(ms/MB),total_dedupTime(ms/MB),sfTime(ms/MB),checkTime(ms/MB),lz4compressTime(ms/MB),deltacompressTime(ms/MB),encTime(ms/MB),Total size(MB)
0,2736.53,0.235412,0.938764,0.0187801,0.0689438,0.523532,1.55002,5.15246,0.137607,1.10694,0.239674,0.184151,2736.533203
1,2746.03,0.231725,0.927146,0.0185189,0.0700985,0.330022,1.34579,3.2507,0.0936231,0.670606,0.199827,0.116439,5482.558594
2,2725.15,0.228495,0.92037,0.0199537,0.0668949,0.263369,1.27059,2.5997,0.0781157,0.513266,0.188403,0.0925231,8207.705078
3,2765.49,0.216639,0.915808,0.019264,0.0673596,0.229105,1.23154,2.28522,0.0699946,0.436779,0.20003,0.0803022,10973.193359
4,2739.86,0.218223,0.913719,0.019422,0.0679399,0.207782,1.20886,2.08589,0.0651747,0.388926,0.187376,0.0726234,13713.056641
5,2771.15,0.21208,0.911101,0.0186099,0.0684663,0.194382,1.19256,1.95218,0.0620894,0.355426,0.18088,0.0671898,16484.208984
6,2771.51,0.207809,0.910223,0.0187194,0.0690813,0.184158,1.18218,1.8624,0.0599858,0.332234,0.175428,0.0635539,19255.722656
7,2801.98,0.209189,0.909012,0.0182805,0.0702285,0.175706,1.17323,1.78374,0.058275,0.316375,0.171711,0.0607923,22057.705078
8,2785.23,0.206151,0.908673,0.0185296,0.0709908,0.169061,1.16725,1.71946,0.0569764,0.30199,0.168722,0.0584981,24842.939453
9,2784.77,0.20768,0.908047,0.0180934,0.0729791,0.163612,1.16273,1.66846,0.0560591,0.291442,0.163826,0.0566296,27627.705078
10,2763.84,0.205367,0.907809,0.0184491,0.0745914,0.159228,1.16008,1.62378,0.055228,0.2819,0.160069,0.0551015,30391.542969
11,2761.99,0.206795,0.907117,0.0182836,0.0761836,0.155524,1.15711,1.58776,0.0545452,0.274294,0.157068,0.0537998,33153.535156
12,2805.09,0.204809,0.906936,0.0183785,0.0774918,0.152952,1.15576,1.56119,0.0540692,0.268745,0.153978,0.0528893,35958.623047
13,2785.61,0.203073,0.906193,0.0180681,0.0786276,0.152256,1.15515,1.53605,0.0536261,0.263434,0.151663,0.0519442,38744.228516
14,2805.87,0.204464,0.905781,0.0179143,0.0798392,0.149475,1.15301,1.51086,0.0532601,0.257905,0.150294,0.0510111,41550.097656
15,2800.78,0.203889,0.905491,0.0178107,0.0807938,0.146875,1.15097,1.48779,0.0528587,0.252943,0.149406,0.0501735,44350.878906
16,2840.69,0.205005,0.905622,0.0180887,0.0817736,0.145008,1.15049,1.46917,0.0524801,0.249663,0.147096,0.0496088,47191.572266
17,2860.64,0.203646,0.905529,0.0182088,0.0825408,0.143205,1.14948,1.45204,0.0521139,0.246131,0.146363,0.0490293,50052.216797
18,2863.05,0.202471,0.905465,0.018186,0.0830068,0.141422,1.14808,1.43553,0.0518553,0.24305,0.144253,0.0484899,52915.263672
19,2844.15,0.201506,0.905525,0.0182223,0.0836175,0.14004,1.14741,1.42212,0.0516134,0.240571,0.142313,0.048052,55759.414062
0,2736.53,0.203344,0.937506,0.0202054,0.0676151,0.525428,1.55075,5.15847,0.138258,1.13402,0.2442,0.187382,2736.533203
1,2746.03,0.194767,0.924148,0.0194613,0.0675551,0.330692,1.34186,3.25277,0.0930383,0.685529,0.205735,0.118188,5482.558594
2,2725.15,0.191011,0.917644,0.0186527,0.0662904,0.26209,1.26468,2.60042,0.077909,0.520761,0.214029,0.0930274,8207.705078
3,2765.49,0.19824,0.913606,0.0180602,0.0672811,0.228223,1.22717,2.28595,0.0696468,0.449511,0.218477,0.0812494,10973.193359
4,2739.86,0.203264,0.909998,0.0170838,0.0679262,0.20631,1.20132,2.08613,0.0650513,0.400331,0.207413,0.0732766,13713.056641
5,2771.15,0.20592,0.909249,0.0173385,0.0693433,0.193949,1.18988,1.95254,0.0621643,0.36491,0.206619,0.0680115,16484.208984
6,2771.51,0.202271,0.907533,0.0166456,0.0699521,0.183256,1.17739,1.86239,0.0599747,0.342484,0.196891,0.0642952,19255.722656
7,2801.98,0.204146,0.906207,0.016277,0.0709863,0.174797,1.16827,1.78366,0.0581435,0.325766,0.192553,0.0615157,22057.705078
8,2785.23,0.206406,0.906154,0.0164629,0.0721831,0.168322,1.16312,1.71935,0.0569557,0.311338,0.187805,0.0592408,24842.939453
9,2784.77,0.203871,0.905477,0.0161733,0.0739444,0.162989,1.15858,1.66839,0.0560202,0.300267,0.183507,0.0573598,27627.705078
10,2763.84,0.205128,0.904958,0.0162603,0.0756063,0.158562,1.15539,1.62359,0.0552189,0.290923,0.179649,0.0558471,30391.542969
11,2761.99,0.206611,0.904037,0.01571,0.077021,0.154717,1.15148,1.58745,0.0545067,0.283288,0.174802,0.0545188,33153.535156
12,2805.09,0.204727,0.904454,0.0160961,0.0783774,0.15236,1.15129,1.56096,0.0540495,0.277925,0.17126,0.0536858,35958.623047
13,2785.61,0.206222,0.904628,0.0162389,0.079678,0.151857,1.1524,1.53599,0.0536184,0.272835,0.168707,0.0528393,38744.228516
14,2805.87,0.207047,0.904747,0.0166194,0.0807546,0.149312,1.15143,1.51087,0.0533526,0.267199,0.167198,0.0519928,41550.097656
15,2800.78,0.205401,0.9046,0.0166333,0.0815466,0.146769,1.14955,1.48784,0.0529313,0.26199,0.165306,0.0511602,44350.878906
16,2840.69,0.204176,0.904378,0.0164251,0.0822623,0.144683,1.14775,1.46911,0.052529,0.258371,0.162209,0.0505422,47191.572266
17,2860.64,0.202877,0.904248,0.0164476,0.0829102,0.14287,1.14648,1.45198,0.052146,0.254879,0.161546,0.0499801,50052.216797
18,2863.05,0.201749,0.904274,0.0163663,0.0833494,0.141096,1.14509,1.43548,0.051905,0.2515,0.1593,0.0493953,52915.263672
19,2844.15,0.200724,0.904203,0.0163418,0.0838322,0.13968,1.14406,1.42205,0.0516661,0.248933,0.157531,0.0489383,55759.414062
0,2736.53,0.184256,0.903042,0.0183201,0.0593828,0.497985,1.47873,5.12968,0.12154,1.06386,0.222108,0.17321,2736.533203
1,2746.03,0.205119,0.901274,0.0171191,0.0628302,0.310238,1.29146,3.23565,0.0845815,0.645002,0.183573,0.108607,5482.558594
2,2725.15,0.197298,0.902213,0.0178986,0.0617438,0.246704,1.22856,2.58825,0.0720773,0.496821,0.172502,0.0862816,8207.705078
3,2765.49,0.203436,0.901904,0.0176759,0.0638679,0.215946,1.19939,2.2767,0.0655538,0.426198,0.175515,0.0755141,10973.193359
4,2739.86,0.199196,0.902492,0.0184006,0.0647223,0.196865,1.18248,2.07898,0.0615321,0.379803,0.168454,0.0686356,13713.056641
5,2771.15,0.203148,0.903107,0.0186775,0.0660781,0.185745,1.17361,1.94652,0.059169,0.348885,0.161445,0.0640062,16484.208984
6,2771.51,0.205472,0.904087,0.0193791,0.0671393,0.17694,1.16755,1.85761,0.057417,0.328811,0.153194,0.0609952,19255.722656
7,2801.98,0.202551,0.904237,0.0194127,0.0683163,0.169468,1.16143,1.7797,0.0559496,0.312803,0.153987,0.0585363,22057.705078
8,2785.23,0.204931,0.904726,0.0197036,0.0695062,0.163472,1.15741,1.71582,0.0549632,0.299481,0.150168,0.056504,24842.939453
9,2784.77,0.206945,0.904885,0.0198288,0.0716426,0.158777,1.15513,1.66539,0.0542309,0.289476,0.14804,0.0549498,27627.705078
10,2763.84,0.20467,0.904873,0.0195571,0.0734066,0.154553,1.15239,1.62094,0.0535996,0.279821,0.146913,0.0534631,30391.542969
11,2761.99,0.205798,0.90531,0.0197869,0.0750927,0.151411,1.1516,1.58521,0.0530274,0.272571,0.144699,0.052375,33153.535156
12,2805.09,0.206948,0.905963,0.0199945,0.0766936,0.149339,1.15199,1.5592,0.0526939,0.267214,0.144518,0.0517284,35958.623047
13,2785.61,0.208188,0.905789,0.0197519,0.0781166,0.148939,1.1526,1.53426,0.0523788,0.262101,0.143831,0.0508889,38744.228516
14,2805.87,0.206314,0.905725,0.0196751,0.0791615,0.146411,1.15097,1.50921,0.0520486,0.256821,0.142495,0.0500666,41550.097656
15,2800.78,0.206678,0.905757,0.0196148,0.0801977,0.144055,1.14962,1.48631,0.0517423,0.251726,0.142084,0.0492869,44350.878906
16,2840.69,0.205199,0.905578,0.0194867,0.0810707,0.142157,1.14829,1.4677,0.0514083,0.248405,0.140533,0.0487277,47191.572266
17,2860.64,0.206289,0.905353,0.0192206,0.0820727,0.140405,1.14705,1.45062,0.0511557,0.244964,0.140591,0.0481658,50052.216797
18,2863.05,0.204925,0.905295,0.0192151,0.0825706,0.138792,1.14587,1.43418,0.0509632,0.241842,0.138039,0.0476713,52915.263672
19,2844.15,0.203721,0.905153,0.0190576,0.083086,0.13743,1.14473,1.42078,0.0507469,0.239275,0.136437,0.0472366,55759.414062
0,2736.53,0.231481,0.909947,0.0223764,0.0589629,0.506874,1.49816,5.13405,0.121766,1.06792,0.227251,0.179159,2736.533203
1,2746.03,0.227433,0.880167,-0.00779841,0.062374,0.287135,1.22188,3.22932,0.0842019,0.63816,0.173733,0.102617,5482.558594
2,2725.15,0.226324,0.889108,0.00108154,0.0621769,0.235122,1.18749,2.58564,0.0720399,0.492071,0.167909,0.0835528,8207.705078
3,2765.49,0.225405,0.892947,0.00530686,0.0641918,0.208531,1.17098,2.275,0.0656374,0.424124,0.166423,0.0740288,10973.193359
4,2739.86,0.216673,0.895593,0.00771839,0.0650605,0.191229,1.1596,2.0778,0.0617727,0.37751,0.16051,0.0675793,13713.056641
5,2771.15,0.210587,0.896965,0.00933381,0.0661888,0.181227,1.15371,1.94576,0.0592884,0.344815,0.161834,0.0631276,16484.208984
6,2771.51,0.21212,0.898189,0.0106815,0.0675479,0.172878,1.1493,1.85685,0.0576437,0.323797,0.15852,0.0601717,19255.722656
7,2801.98,0.208234,0.899291,0.0120753,0.068629,0.166217,1.14621,1.77906,0.0561269,0.30885,0.158,0.0580045,22057.705078
8,2785.23,0.208861,0.899263,0.0122726,0.0698243,0.160359,1.14172,1.71529,0.0550741,0.295291,0.155811,0.0559906,24842.939453
9,2784.77,0.206104,0.900026,0.0129209,0.0716816,0.156013,1.14064,1.66496,0.0542803,0.285344,0.153272,0.054536,27627.705078
10,2763.84,0.207789,0.90058,0.0133682,0.0736383,0.152183,1.13977,1.62056,0.0536137,0.276521,0.15134,0.0531904,30391.542969
11,2761.99,0.20838,0.900988,0.0139922,0.0752001,0.149255,1.13944,1.58489,0.0530912,0.269489,0.149297,0.0521541,33153.535156
12,2805.09,0.20632,0.901344,0.0144257,0.0766775,0.147201,1.13965,1.55855,0.05272,0.264295,0.146966,0.0514252,35958.623047
13,2785.61,0.207689,0.901871,0.0149311,0.0781649,0.147128,1.14209,1.53381,0.0524092,0.259293,0.145467,0.0506847,38744.228516
14,2805.87,0.20589,0.902329,0.0154341,0.0791886,0.144881,1.14183,1.50889,0.0520572,0.25416,0.144654,0.0499534,41550.097656
15,2800.78,0.204387,0.902474,0.0156639,0.0800776,0.142667,1.14088,1.48601,0.0517032,0.24969,0.143311,0.0492536,44350.878906
16,2840.69,0.203004,0.902569,0.0157003,0.0809678,0.140881,1.14012,1.46744,0.0513495,0.246597,0.141091,0.0487131,47191.572266
17,2860.64,0.20176,0.902766,0.0159322,0.0817499,0.139309,1.13976,1.45047,0.0510557,0.243526,0.140536,0.0482324,50052.216797
18,2863.05,0.202968,0.90277,0.015738,0.0824027,0.137658,1.13857,1.43402,0.050878,0.240479,0.138657,0.0477066,52915.263672
19,2844.15,0.201823,0.903062,0.0160047,0.082907,0.136494,1.13847,1.4207,0.0506607,0.238225,0.137043,0.0473548,55759.414062
0,2736.53,0.223899,0.904364,0.0189349,0.0609867,0.501616,1.4859,5.11901,0.121887,1.08642,0.2267,0.174779,2736.533203
1,2746.03,0.204749,0.902474,0.0160992,0.0630129,0.310742,1.29233,3.2296,0.0841332,0.658037,0.183005,0.109163,5482.558594
2,2725.15,0.198923,0.901215,0.0154151,0.062724,0.246081,1.22544,2.58341,0.0718773,0.501404,0.189904,0.0859722,8207.705078
3,2765.49,0.20264,0.899536,0.0147351,0.0639715,0.214553,1.19279,2.27235,0.065209,0.431573,0.179407,0.0750664,10973.193359
4,2739.86,0.206786,0.900362,0.0155081,0.0655125,0.195686,1.17707,2.07518,0.0616071,0.382803,0.176563,0.0681105,13713.056641
5,2771.15,0.203237,0.89902,0.0141313,0.0664008,0.183504,1.16306,1.94284,0.0590358,0.349836,0.170027,0.0631391,16484.208984
6,2771.51,0.20107,0.899638,0.0146541,0.0673829,0.174573,1.15625,1.85403,0.0573546,0.329708,0.161814,0.0601403,19255.722656
7,2801.98,0.20501,0.901268,0.0144237,0.0695887,0.167326,1.15261,1.77666,0.0561784,0.315219,0.15997,0.0578354,22057.705078
8,2785.23,0.204161,0.903589,0.0145489,0.0716556,0.16162,1.15141,1.71331,0.0554415,0.30213,0.157596,0.0559139,24842.939453
9,2784.77,0.207581,0.906265,0.015187,0.0748263,0.157489,1.15377,1.66341,0.0549767,0.292492,0.156341,0.054522,27627.705078
10,2763.84,0.209948,0.909035,0.0156855,0.0778206,0.154022,1.15656,1.61949,0.0546674,0.283927,0.153276,0.0533141,30391.542969
11,2761.99,0.212257,0.911646,0.016052,0.0807032,0.151261,1.15966,1.58416,0.0544251,0.277501,0.152048,0.0523809,33153.535156
12,2805.09,0.214647,0.914593,0.0163389,0.0832559,0.149526,1.16371,1.55828,0.0543744,0.273026,0.15012,0.051796,35958.623047
13,2785.61,0.221405,0.92172,0.00823343,0.0871474,0.146795,1.1639,1.53748,0.0551496,0.270271,0.148675,0.0501989,38744.228516
14,2805.87,0.224945,0.927236,0.00940761,0.0888352,0.14519,1.17067,1.51259,0.0551237,0.265818,0.148538,0.0498603,41550.097656
15,2800.78,0.228071,0.932391,0.00998325,0.0903401,0.143473,1.17619,1.48989,0.0551033,0.261644,0.148902,0.0495164,44350.878906
16,2840.69,0.230029,0.936222,0.0107607,0.0915856,0.142176,1.18074,1.47132,0.0549419,0.258908,0.146713,0.0492872,47191.572266
17,2860.64,0.234681,0.944218,0.0117415,0.092824,0.141361,1.19014,1.45454,0.0549751,0.256697,0.147766,0.0493441,50052.216797
18,2863.05,0.232024,0.942015,0.0121785,0.0925166,0.139812,1.18652,1.43781,0.0545242,0.253216,0.145168,0.0488319,52915.263672
19,2844.15,0.231554,0.939894,0.0125195,0.0925152,0.138564,1.18349,1.42417,0.0541338,0.25052,0.143412,0.0484056,55759.414062
0,2736.53,0.183768,0.900671,0.0139242,0.057726,0.4971,1.46942,5.13713,0.120536,1.10063,0.226304,0.177184,2736.533203
1,2746.03,0.181893,0.897799,0.0118172,0.0610948,0.307296,1.27801,3.23912,0.0834612,0.666083,0.184013,0.110409,5482.558594
2,2725.15,0.196817,0.899369,0.0132459,0.0616074,0.245553,1.21977,2.59107,0.0715038,0.511737,0.181924,0.0878479,8207.705078
3,2765.49,0.193131,0.899892,0.0138007,0.06398,0.215148,1.19282,2.27874,0.0651598,0.436277,0.200656,0.0767306,10973.193359
4,2739.86,0.190621,0.899709,0.0139787,0.0647784,0.195835,1.1743,2.08033,0.0611476,0.390208,0.187362,0.0697322,13713.056641
5,2771.15,0.188806,0.899985,0.0143115,0.0660308,0.184711,1.16504,1.94764,0.0586956,0.357231,0.186999,0.0649563,16484.208984
6,2771.51,0.187607,0.90025,0.0146079,0.0671496,0.175701,1.15771,1.85827,0.0570376,0.335004,0.184401,0.0617206,19255.722656
7,2801.98,0.186839,0.900659,0.014852,0.0684124,0.168399,1.15232,1.78018,0.0556472,0.319516,0.181233,0.0593256,22057.705078
8,2785.23,0.190714,0.900807,0.0148558,0.0699381,0.162476,1.14808,1.71626,0.0546747,0.305444,0.177431,0.057239,24842.939453
9,2784.77,0.189768,0.901565,0.015387,0.0719281,0.158091,1.14697,1.66583,0.053946,0.295291,0.174924,0.0557193,27627.705078
10,2763.84,0.19301,0.90219,0.0157593,0.0740485,0.154343,1.14634,1.62135,0.0533736,0.28574,0.172256,0.0543098,30391.542969
11,2761.99,0.195804,0.902773,0.016026,0.0758691,0.15124,1.14591,1.58567,0.0529337,0.278276,0.169732,0.0531814,33153.535156
12,2805.09,0.197302,0.902503,0.0160161,0.0773824,0.148947,1.14485,1.55914,0.0525546,0.273104,0.16733,0.0523805,35958.623047
13,2785.61,0.196136,0.902746,0.0162029,0.0784277,0.148657,1.14603,1.53425,0.0521857,0.268121,0.165948,0.0516121,38744.228516
14,2805.87,0.19783,0.902402,0.0159334,0.079519,0.146049,1.1439,1.50916,0.0518315,0.262902,0.164043,0.0507694,41550.097656
15,2800.78,0.196825,0.902741,0.0162866,0.0804636,0.143883,1.14337,1.48626,0.0515409,0.257815,0.163373,0.0500335,44350.878906
16,2840.69,0.196146,0.902954,0.0163381,0.0813625,0.142102,1.14276,1.46768,0.0512379,0.254612,0.160964,0.0494895,47191.572266
17,2860.64,0.197508,0.902904,0.0163699,0.0822023,0.140442,1.14192,1.45061,0.0509524,0.251305,0.160502,0.0489701,50052.216797
18,2863.05,0.196591,0.90301,0.0164002,0.0826184,0.138863,1.14089,1.4342,0.050757,0.248185,0.157487,0.0484772,52915.263672
19,2844.15,0.195782,0.902733,0.0161625,0.0830103,0.137423,1.13933,1.42073,0.0505425,0.245692,0.156037,0.0480284,55759.414062
0,2511.3,0.220681,0.902639,0.0197602,0.0559649,0.492448,1.47081,5.18746,0.110723,1.09037,0.223986,0.177099,2511.304688
1,2511.28,0.216045,0.901044,0.0191004,0.0592854,0.311542,1.29097,3.2786,0.077414,0.664318,0.180435,0.111259,5022.582031
2,2503.25,0.205244,0.903338,0.0203283,0.0580626,0.24843,1.23016,2.62338,0.066382,0.511719,0.175429,0.0884709,7525.832031
3,2503.23,0.208637,0.902653,0.0189449,0.0607661,0.223691,1.20606,2.37817,0.0625845,0.455052,0.177599,0.0796504,10029.058594
4,2503.2,0.202659,0.901128,0.0179796,0.0613122,0.201523,1.18194,2.15985,0.0585053,0.398972,0.181326,0.0713175,12532.253906
5,2503.19,0.198865,0.900109,0.0172356,0.0620157,0.189168,1.16853,2.01597,0.0560221,0.360317,0.185326,0.0657565,15035.441406
6,2495.14,0.201243,0.900522,0.0177381,0.0633151,0.17948,1.16106,1.91833,0.0544916,0.334747,0.188047,0.0621924,17530.585938
7,2495.14,0.203083,0.900694,0.0178072,0.0644603,0.17152,1.15448,1.83419,0.0531493,0.318898,0.185613,0.0596408,20025.722656
8,2495.09,0.200654,0.900614,0.0178305,0.0652729,0.164939,1.14866,1.76432,0.052072,0.302289,0.187674,0.05725,22520.812500
9,2495.07,0.198662,0.901016,0.0183624,0.0660807,0.160022,1.14548,1.70922,0.0512671,0.290139,0.188971,0.0555026,25015.878906
10,2487.03,0.196878,0.900753,0.0181723,0.0674217,0.155471,1.14182,1.66111,0.0505661,0.28053,0.18484,0.0539783,27502.910156
11,2487,0.198279,0.90066,0.0180503,0.0688844,0.151918,1.13951,1.62196,0.0500012,0.27237,0.180666,0.0527155,29989.910156
12,2486.98,0.199986,0.900915,0.0179768,0.0703877,0.149544,1.13882,1.59367,0.0497056,0.267147,0.178587,0.0518993,32476.890625
13,2478.96,0.19856,0.900783,0.0177256,0.0715298,0.146973,1.13701,1.56621,0.0493833,0.261044,0.178002,0.0509489,34955.847656
14,2510.95,0.197379,0.900604,0.0176758,0.0726932,0.144642,1.13561,1.53911,0.0490559,0.254906,0.179342,0.0500296,37466.792969
15,2510.9,0.196246,0.901029,0.0181455,0.073519,0.144385,1.13708,1.51432,0.0487576,0.248805,0.181039,0.0492354,39977.695312
16,2502.87,0.195467,0.901591,0.0183641,0.0742592,0.142559,1.13677,1.49444,0.0484701,0.245835,0.17665,0.048724,42480.566406
17,2502.84,0.196375,0.901822,0.018623,0.0752204,0.14096,1.13663,1.47665,0.0482487,0.242656,0.174618,0.0482394,44983.410156
18,2510.83,0.197554,0.901539,0.0183374,0.0759591,0.139147,1.13498,1.45917,0.0480979,0.23994,0.171032,0.0477136,47494.238281
19,2510.78,0.198473,0.901693,0.018492,0.07666,0.13787,1.13472,1.4448,0.0479167,0.237739,0.167921,0.0473372,50005.019531
0,2736.53,0.215131,0.936733,0.0211049,0.0669299,0.520068,1.54484,5.14739,0.133866,1.1011,0.234765,0.18597,2736.533203
1,2746.03,0.219946,0.933364,0.0188072,0.0707792,0.3236,1.34655,3.2473,0.0923277,0.667632,0.193216,0.11631,5482.558594
2,2725.15,0.226862,0.935596,0.0199505,0.0708155,0.257712,1.28407,2.59851,0.0788486,0.513204,0.184545,0.0922034,8207.705078
3,2765.49,0.221076,0.937062,0.0200913,0.0736852,0.225948,1.25679,2.28606,0.0716713,0.438657,0.19764,0.0806328,10973.193359
4,2739.86,0.218419,0.937847,0.019516,0.0756969,0.205352,1.23841,2.08751,0.0674125,0.392119,0.186724,0.0731228,13713.056641
5,2771.15,0.220437,0.939943,0.0194272,0.0775447,0.193514,1.23043,1.9548,0.064776,0.359076,0.179769,0.0681242,16484.208984
6,2771.51,0.222705,0.944692,0.0198543,0.0796166,0.184373,1.22854,1.86555,0.063177,0.338781,0.17165,0.0650338,19255.722656
7,2801.98,0.223059,0.940244,0.0199676,0.0790958,0.17642,1.21573,1.78698,0.0608087,0.322252,0.167849,0.0624019,22057.705078
8,2785.23,0.21835,0.935413,0.019105,0.0786367,0.169383,1.20254,1.72221,0.0590315,0.307346,0.163036,0.0599219,24842.939453
9,2784.77,0.218916,0.932619,0.0193681,0.0796247,0.164391,1.196,1.67124,0.057721,0.295878,0.159139,0.0580879,27627.705078
10,2763.84,0.215517,0.929513,0.0189602,0.080386,0.159656,1.18851,1.62619,0.0565881,0.285953,0.154822,0.0564062,30391.542969
11,2761.99,0.215976,0.927221,0.018851,0.0813606,0.155982,1.18341,1.59014,0.0556418,0.278403,0.151659,0.0551111,33153.535156
12,2805.09,0.213289,0.924906,0.0184609,0.0820814,0.153177,1.17863,1.56329,0.0549124,0.272353,0.149139,0.0541035,35958.623047
13,2785.61,0.211097,0.923196,0.0184754,0.0827625,0.152473,1.17691,1.53809,0.0542892,0.266609,0.147402,0.0531387,38744.228516
14,2805.87,0.209129,0.921818,0.0184113,0.0833433,0.149698,1.17327,1.51278,0.0537344,0.261161,0.146398,0.0522233,41550.097656
15,2800.78,0.207512,0.920634,0.018336,0.0839123,0.147127,1.17001,1.48967,0.0532094,0.25602,0.145035,0.0513546,44350.878906
16,2840.69,0.205942,0.919396,0.0182637,0.084418,0.145033,1.16711,1.47086,0.052712,0.252304,0.142547,0.0506917,47191.572266
17,2860.64,0.206975,0.91835,0.0181659,0.0850755,0.143158,1.16475,1.45356,0.0522952,0.248706,0.14244,0.0500635,50052.216797
18,2863.05,0.20559,0.917813,0.0185312,0.0852286,0.141531,1.1631,1.43703,0.051946,0.245387,0.140027,0.0495326,52915.263672
19,2844.15,0.206308,0.917233,0.0187674,0.0855409,0.140209,1.16175,1.42355,0.0516393,0.242716,0.13809,0.0490942,55759.414062
0,2736.53,0.183753,0.901321,0.019132,0.0582737,0.49211,1.47084,5.13041,0.117969,1.06377,0.218067,0.174536,2736.533203
1,2746.03,0.182412,0.896605,0.0142672,0.0614162,0.302569,1.27486,3.23497,0.0817771,0.642804,0.178134,0.10824,5482.558594
2,2725.15,0.196139,0.897327,0.015511,0.0611173,0.241599,1.21555,2.58785,0.0699954,0.49007,0.185457,0.0858953,8207.705078
3,2765.49,0.202705,0.89778,0.0165616,0.0627358,0.212052,1.18913,2.27603,0.0636541,0.420312,0.188677,0.0755087,10973.193359
4,2739.86,0.198413,0.898015,0.0165746,0.0635082,0.192873,1.17097,2.07824,0.0597927,0.374811,0.179122,0.0685766,13713.056641
5,2771.15,0.195393,0.897037,0.0162478,0.0642668,0.181479,1.15903,1.94538,0.05734,0.343838,0.169715,0.0638279,16484.208984
6,2771.51,0.193201,0.896917,0.0163149,0.0650281,0.172422,1.15068,1.85604,0.0555697,0.323599,0.160684,0.0606923,19255.722656
7,2801.98,0.191428,0.896584,0.015958,0.0659498,0.165054,1.14355,1.77801,0.0541345,0.308344,0.157852,0.0582508,22057.705078
8,2785.23,0.194995,0.896773,0.0162897,0.0672293,0.159223,1.13951,1.7142,0.0531994,0.294579,0.155188,0.0562054,24842.939453
9,2784.77,0.193457,0.896653,0.0162938,0.0689934,0.154535,1.13648,1.66374,0.0524489,0.284471,0.150573,0.0546202,27627.705078
10,2763.84,0.19219,0.896688,0.0163511,0.0706351,0.150526,1.1342,1.61926,0.0518102,0.275043,0.14783,0.053174,30391.542969
11,2761.99,0.194827,0.897417,0.0169993,0.072294,0.147651,1.13436,1.58359,0.0513625,0.268036,0.144596,0.0521537,33153.535156
12,2805.09,0.193905,0.897768,0.0169353,0.0737476,0.145393,1.13384,1.55723,0.0510203,0.262954,0.143619,0.0513665,35958.623047
13,2785.61,0.193017,0.898268,0.0174229,0.0750609,0.145348,1.1361,1.53249,0.0507056,0.258411,0.141387,0.0506819,38744.228516
14,2805.87,0.192315,0.898522,0.0174717,0.0763554,0.142964,1.13531,1.50756,0.0504374,0.253389,0.139943,0.0498913,41550.097656
15,2800.78,0.191605,0.898752,0.0175512,0.0774273,0.140759,1.13449,1.48478,0.050157,0.248488,0.139388,0.0491625,44350.878906
16,2840.69,0.19352,0.898864,0.0175719,0.0786171,0.139061,1.13411,1.46632,0.0498949,0.245483,0.137327,0.0486436,47191.572266
17,2860.64,0.192859,0.899119,0.0177424,0.0795271,0.137519,1.13391,1.44936,0.0496368,0.242361,0.13689,0.0481424,50052.216797
18,2863.05,0.194608,0.899599,0.0180509,0.08029,0.13614,1.13408,1.43302,0.0494905,0.239458,0.134803,0.0477152,52915.263672
19,2844.15,0.196096,0.899581,0.0179602,0.0810731,0.134907,1.13352,1.41972,0.0493313,0.237216,0.133476,0.0473283,55759.414062
0,2502.39,0.218185,0.896652,0.0147492,0.0561224,0.484786,1.45231,5.18443,0.112473,1.08611,0.218557,0.172535,2502.386719
1,2502.36,0.220018,0.897876,0.016526,0.0597765,0.309488,1.28367,3.27831,0.0788168,0.663344,0.174188,0.109269,5004.746094
2,2502.33,0.207689,0.897753,0.016991,0.058758,0.246647,1.22015,2.62508,0.0676839,0.510888,0.170719,0.0869608,7507.078125
3,2494.3,0.201802,0.899134,0.0171562,0.0602524,0.222898,1.19944,2.37974,0.0634071,0.456253,0.17371,0.0787857,10001.382812
4,2494.27,0.204786,0.899197,0.0177008,0.0614824,0.20203,1.18041,2.1621,0.0594607,0.400737,0.180803,0.0709566,12495.648438
5,2494.25,0.20755,0.899961,0.0188165,0.062459,0.190967,1.1722,2.0185,0.0570303,0.365182,0.17994,0.0659504,14989.902344
6,2494.23,0.204068,0.899535,0.0183441,0.0631532,0.180536,1.16157,1.92004,0.0552673,0.342854,0.175813,0.0624515,17484.132812
7,2494.2,0.205474,0.899792,0.0185709,0.0639355,0.172595,1.15489,1.83538,0.0537923,0.325744,0.173421,0.0598743,19978.335938
8,2486.16,0.202754,0.899171,0.0180523,0.0646909,0.165611,1.14753,1.76525,0.052645,0.307853,0.178702,0.0573244,22464.496094
9,2486.13,0.200741,0.898494,0.0174772,0.0656086,0.160117,1.1417,1.70994,0.0518625,0.295369,0.179276,0.055375,24950.628906
10,2486.11,0.198925,0.898449,0.0174384,0.0670829,0.155612,1.13858,1.66176,0.0511615,0.284601,0.177643,0.0537771,27436.742188
11,2478.07,0.201002,0.898656,0.017674,0.0687855,0.152216,1.13733,1.6227,0.0506391,0.276688,0.173764,0.0526051,29914.816406
12,2478.05,0.199467,0.89846,0.0175982,0.0700833,0.14974,1.13588,1.59447,0.0502694,0.271424,0.169962,0.0517691,32392.867188
13,2478.03,0.200262,0.898439,0.0178125,0.0713725,0.147418,1.13504,1.56697,0.0498988,0.264924,0.170174,0.0508647,34870.898438
14,2470.01,0.198949,0.898433,0.0180049,0.0722857,0.145169,1.13389,1.54023,0.0495093,0.259105,0.170027,0.0500059,37340.906250
15,2469.96,0.197926,0.898711,0.0183345,0.07332,0.144977,1.13534,1.51582,0.0492216,0.25283,0.172209,0.0491837,39810.863281
16,2469.94,0.199195,0.899024,0.0186073,0.0741347,0.143175,1.13494,1.49614,0.0489262,0.249731,0.168791,0.0486737,42280.804688
17,2469.94,0.200343,0.899404,0.0191188,0.0751431,0.141698,1.13536,1.47849,0.0486887,0.246664,0.167789,0.0482337,44750.742188
18,2509.91,0.201433,0.899211,0.018995,0.0760759,0.139957,1.13424,1.46092,0.0485648,0.24355,0.165768,0.0477043,47260.656250
19,2509.88,0.20213,0.899318,0.0191391,0.0768961,0.138619,1.13397,1.44641,0.0483744,0.241083,0.163504,0.0473062,49770.539062


