Backup ID, Logical chunk num, Unique chunk num, Base chunk num, Delta chunk num, Logical chunk size, Unique chunk size, Base chunk size, Delta chunk size, LZ4_save size, Delta_save size, 
0,47270,45091,44895,196,374824960,355493664,226676855,132025,127034271,1650513
1,93760,63193,55051,8142,741068800,495103669,276809163,1019677,157214809,60060020
2,140254,80435,64965,15470,1108418560,629979924,326063239,1945870,187881031,114089784
3,186916,97135,73685,23450,1477611520,759367472,369799539,3018669,214775629,171773635
4,233561,111930,80998,30932,1846190080,875009206,405133736,3893201,239400647,226581622
5,271616,126584,88589,37995,2149201920,988912863,439897848,4870219,265533951,278610845
6,333509,182509,140965,41544,2647705600,1439024217,689262134,6176979,439174121,304410983
7,375631,217536,168445,49091,2997319680,1732574333,808156013,7641289,551258004,365519027
8,419564,249310,186693,62617,3364526080,1998004082,897984396,13121113,609117012,477781561
9,463497,249332,186703,62629,3731732480,1998126473,897992237,13124030,609159649,477850557
10,511234,257100,192144,64956,4109803520,2059446492,925025849,13406680,627174738,493839225
11,550375,262844,195638,67206,4422103040,2104629607,940749152,13635640,641182056,509062759
12,589502,277512,203269,74243,4734248960,2218783128,977571263,14683683,666301406,560226776
13,652520,280730,203747,76983,5241784320,2241418287,979474545,15015015,667785036,579143691
14,717905,300858,213130,87728,5764464640,2400783295,1021634859,16373022,698895340,663880074
15,783325,316129,219157,96972,6287237120,2525462985,1050887386,17367699,719760886,737447014
16,829595,341773,229750,112023,6673735680,2745488039,1097485710,27753354,763296841,856952134
17,875466,350721,231587,119134,7057971200,2823472834,1103968715,34663720,770662027,914178372
18,923854,357394,235730,121664,7442227200,2876277470,1122313049,34912410,787557314,931494697
19,971484,363629,239138,124491,7817871360,2924628193,1136548948,34381283,801816448,951881514
20,1019179,369592,242251,127341,8194682880,2971142827,1149166686,34674713,815632455,971668973
21,1067026,375496,245250,130246,8573368320,3017413239,1161049987,35018806,829452115,991892331
22,1112897,375519,245262,130257,8957603840,3017536324,1161062926,35022259,829498191,991952948
23,1158768,375540,245265,130275,9341839360,3017643824,1161064295,35026266,829510646,992042617
24,1207545,391103,253912,137191,9731287040,3147129212,1207274242,35864212,855608914,1048381844
25,1256392,394790,254723,140067,10121338880,3173146392,1211467146,36103066,857192894,1068383286
26,1305302,398504,255245,143259,10512404480,3198894091,1213294727,36450122,858845671,1090303571
27,1354172,412295,261030,151265,10903429120,3314601417,1242319684,37379776,879009952,1155892005
28,1402940,415863,261679,154184,11293941760,3340115247,1246224954,37692025,880069315,1176128953
29,1443085,436186,270515,165671,11619184640,3504542465,1289690966,39351376,908686131,1266813992
30,1483217,452933,276878,176055,11944468480,3640857118,1319840404,40784851,931047398,1349184465
31,1523363,455386,277274,178112,12269639680,3659050396,1321990999,41097967,931908447,1364052983
32,1563546,457878,277773,180105,12595281920,3677505788,1324821699,41352915,932896386,1378434788
33,1603775,460343,278243,182100,12921047040,3695746745,1327644633,41648683,933799402,1392654027
34,1648884,470364,282136,188228,13298063360,3789919389,1339228339,56475189,959597517,1434618344
35,1694029,478149,283454,194695,13675489280,3861312313,1344062819,61165374,965511784,1490572336
36,1741440,485699,283994,201705,14072944640,3929958353,1346593996,68438088,967505507,1547420762
37,1788524,505702,289117,216585,14468106240,4101652910,1372309219,78615800,983673391,1667054500
38,1835523,513397,290230,223167,14863370240,4171832822,1376607409,88517760,990544356,1716163297
39,1876216,530689,298964,231725,15191316480,4311487807,1419905649,89932270,1016963456,1784686432
40,1913449,545953,303896,242057,15492782080,4436563133,1444138382,91669618,1032946365,1867808768
41,1950738,563025,309956,253069,15794718720,4575785202,1474022749,93692444,1052030221,1956039788
42,1988065,578196,316011,262185,16096768000,4699732147,1505514683,94948130,1069471848,2029797486
43,2025433,582690,317290,265400,16399237120,4732139714,1511204093,95591724,1073318116,2052025781
44,2074134,597635,324810,272825,16789903360,4856818378,1550664671,97387217,1097432849,2111333641
45,2122847,600194,325401,274793,17180590080,4875734367,1554360347,97366215,1098445281,2125562524
46,2171519,603472,325847,277625,17570560000,4899115325,1556619766,97749341,1099652354,2145093864
47,2220326,618425,331257,287168,17961431040,5021636387,1581039320,99214077,1120102338,2221280652
48,2257694,618450,331265,287185,18263900160,5021781860,1581044391,99217475,1120134140,2221385854
49,2307202,622086,333132,288954,18659973120,5049354401,1594385309,99438702,1121774131,2233756259
50,2356622,624875,333826,291049,19055656960,5069977693,1598938972,99823604,1122693612,2248521505
51,2405612,636347,337985,298362,19468840960,5177786411,1614946690,118568903,1145842310,2298428508
52,2447006,637794,338435,299359,19802460160,5189341117,1617960858,118706930,1146540662,2306132667
53,2484962,639336,339091,300245,20109813760,5201673249,1622656156,118820211,1147243769,2312953113
54,2522969,640807,339581,301226,20417689600,5213578195,1625996609,118947586,1147899706,2320734294
55,2561009,642051,339865,302186,20725667840,5223559501,1627796461,119033899,1148448259,2328280882
56,2599098,643311,340124,303187,21034076160,5233628060,1629334056,119132843,1149002515,2336158646
57,2639876,645916,340699,305217,21364449280,5252952705,1632837348,119124828,1149949902,2351040627
58,2680677,648640,341376,307264,21695129600,5273120641,1637000379,119420898,1151007107,2365692257
59,2721490,651174,341788,309386,22025707520,5292001087,1639318046,119648501,1151831037,2381203503
60,2762338,653720,342207,311513,22356746240,5310963607,1641842077,119832708,1152629286,2396659536
61,2803249,656273,342593,313680,22687907840,5329807731,1644012807,120086095,1153370373,2412338456
62,2850269,667060,344417,322643,23082076160,5426033199,1650244921,130998882,1163622052,2481167344
63,2897423,675589,345086,330503,23477360640,5503728992,1653024849,140660880,1166313990,2543729273
64,2946849,684080,345762,338318,23892674560,5580869610,1655700446,147929169,1169294687,2607945308
65,2995937,692541,346315,346226,24305715200,5657844301,1657905967,156408596,1171739913,2671789825
66,3034026,692567,346327,346240,24614123520,5657992401,1657919143,156413901,1171786350,2671873007
67,3083892,695994,347891,348103,25014067200,5683878422,1666431005,156450612,1175672678,2685324127
68,3133068,710148,354167,355981,25406832640,5802337491,1699470156,157610368,1195784322,2749472645
69,3182530,712856,354913,357943,25803069440,5822555219,1704706145,157717504,1196736361,2763395209
70,3220619,712881,354917,357964,26111477760,5822699186,1704708035,157724262,1196752903,2763513986
71,3263035,735096,375640,359456,26455859200,6005656824,1821552938,158269349,1251101118,2774733419
72,3307336,746419,384572,361847,26815508480,6098796294,1869938660,158799326,1276798991,2793259317
73,3350218,752391,389020,363371,27163023360,6147772247,1894898072,159090637,1288385539,2805397999
74,3393144,753605,389348,364257,27510743040,6157487549,1897104069,159203857,1288862915,2812316708
75,3436144,759571,392909,366662,27858503680,6204746036,1914729408,159593869,1299845458,2830577301
76,3479144,762358,393561,368797,28206233600,6225611499,1918219360,159878180,1301455675,2846058284
77,3523445,770570,398748,371822,28565800960,6291053095,1943446245,160461077,1318897269,2868248504
78,3567732,772866,399183,373683,28925265920,6310049010,1945755174,160667492,1320229120,2883397224
79,3612081,781297,404087,377210,29285120000,6376027080,1968708419,162242093,1337307646,2907768922
80,3656412,784282,404612,379670,29644994560,6399193338,1971026722,161728626,1339159429,2927278561
81,3700674,787566,405445,382121,30004213760,6425556325,1975390300,162011560,1341322023,2946832442
82,3740691,798725,415069,383656,30326528000,6515039713,2028067810,162553481,1365983223,2958435199
83,3783372,805381,419538,385843,30671964160,6567954497,2051329411,162988906,1378780648,2974855532
84,3825950,810353,422897,387456,31016939520,6607659097,2068699941,163400364,1388819040,2986739752
85,3868596,815960,425529,390431,31362539520,6650687784,2086055710,164077982,1392632409,3007921683
86,3910995,819466,426431,393035,31706787840,6677029366,2091087383,164454753,1394865048,3026622182
87,3953403,821838,426706,395132,32051159040,6694505446,2092074834,164681894,1395895886,3041852832
88,3997704,821859,426711,395148,32410808320,6694628515,2092083650,164685869,1395921033,3041937963
89,4042378,824073,428629,395444,32773447680,6712487789,2106643350,164755756,1397073058,3044015625
90,4086956,826102,429764,396338,33135206400,6728833826,2115421082,164910284,1397680520,3050821940
91,4131606,827496,430132,397364,33497640960,6740028415,2117879685,164804602,1398219883,3059124245
92,4176284,834288,434289,399999,33860229120,6794113241,2137429050,165502746,1413119959,3078061486
93,4220932,838026,434959,403067,34222755840,6822115611,2140021649,167453268,1415437141,3099203553
94,4265582,838047,434964,403083,34585190400,6822244413,2140025505,167455682,1415456495,3099306731
