Backup ID, FPindex, SFindex, Deltaindex
0,3607280,8561984,10656
1,5055440,10506816,513888
2,6434800,12398080,822432
3,7770800,14071488,1126336
4,8954400,15472512,1405088
5,10126720,16927424,1675744
6,14600720,26915712,1834848
7,17402880,31887680,2263680
8,19944800,35330944,2890368
9,19946560,35332864,2891072
10,20568000,36376640,2974656
11,21027520,37047360,3062848
12,22200960,38511104,3316352
13,22458400,38602880,3450048
14,24068640,40401152,3878240
15,25290320,41558144,4197536
16,27341840,43565440,4789280
17,28057680,43858880,5079520
18,28591520,44653696,5174272
19,29090320,45307392,5279648
20,29567360,45903872,5382400
21,30039680,46478400,5486656
22,30041520,46480704,5487200
23,30043200,46481280,5488032
24,31288240,48140736,5728256
25,31583200,48295744,5842016
26,31880320,48394688,5955840
27,32983600,49502784,6244960
28,33269040,49626368,6347008
29,34894880,51318464,6769056
30,36234640,52536000,7127520
31,36430880,52610560,7201440
32,36630240,52705728,7272832
33,36827440,52795456,7345024
34,37629120,53502848,7564800
35,38251920,53710336,7822816
36,38855920,53798976,8065280
37,40456160,54733952,8585536
38,41071760,54908288,8815488
39,42455120,56573760,9112000
40,43676240,57512128,9507808
41,45042000,58642432,9901344
42,46255680,59789952,10218688
43,46615200,60031296,10337024
44,47810800,61471232,10596480
45,48015520,61583936,10668160
46,48277760,61668544,10769376
47,49474000,62700928,11109568
48,49476000,62702400,11110496
49,49766880,63059200,11169120
50,49990000,63191488,11249184
51,50907760,63957056,11516608
52,51023520,64043456,11566080
53,51146880,64168896,11599936
54,51264560,64262400,11637216
55,51364080,64316096,11670304
56,51464880,64363904,11705216
57,51673280,64473280,11780800
58,51891200,64601856,11856576
59,52093920,64679296,11931072
60,52297600,64756608,12003744
61,52501840,64829504,12077088
62,53364800,65156928,12422496
63,54047120,65257088,12704544
64,54726400,65371520,12967008
65,55403280,65437376,13235584
66,55405360,65439680,13236224
67,55679520,65739712,13299200
68,56811840,66938304,13568096
69,57028480,67079872,13638080
70,57030480,67080640,13639040
71,58807680,71054144,13723904
72,59713520,72767552,13843232
73,60191280,73621248,13914592
74,60288400,73684224,13947680
75,60765680,74367808,14035520
76,60988640,74491392,14109952
77,61645600,75485120,14217888
78,61829280,75561024,14293664
79,62503760,76500288,14418688
80,62742560,76600064,14514240
81,63005280,76759168,14607328
82,63898000,78599872,14678592
83,64430480,79451648,14769952
84,64828240,80095872,14832256
85,65276800,80598848,14940096
86,65557280,80768512,15028448
87,65747040,80819520,15098304
88,65748720,80820352,15099040
89,65925840,81188672,15109696
90,66088160,81402688,15159872
91,66199680,81473088,15200512
92,66743040,82270912,15296576
93,67042080,82396992,15413024
94,67043760,82397952,15413696
