Backup ID, Online Delta_save, Offline Delta_save, Offline delta time, Offline dedelta time, Offline delete time, Offline Delta chunk num
0,1650513,0,0,0,0,0
1,60030307,29713,31,28,4,3
2,114060071,29713,31,28,4,3
3,171590534,183101,111,88,14,23
4,226030376,551246,314,234,32,80
5,277995173,615672,401,310,42,91
6,303795311,615672,401,310,42,91
7,364547268,971759,507,361,61,146
8,476614653,1166908,580,402,80,178
9,476683649,1166908,580,402,80,178
10,492672317,1166908,580,402,80,178
11,507895851,1166908,580,402,80,178
12,557621164,2605612,1528,1136,130,392
13,576538079,2605612,1528,1136,130,392
14,660036577,3843497,2570,1962,169,608
15,733590442,3856572,2572,1963,171,609
16,849701280,7250854,5724,4500,244,1224
17,904800560,9377812,7782,6247,295,1535
18,922105468,9389229,7785,6249,297,1536
19,941355838,10525676,8261,6685,328,1576
20,957940549,13728424,11632,9602,392,2030
21,975966990,15925341,15118,12760,456,2358
22,976027607,15925341,15118,12760,456,2358
23,976117276,15925341,15118,12760,456,2358
24,1032148295,16233549,15389,12975,486,2414
25,1051522122,16861164,16019,13519,539,2500
26,1071830968,18472603,17832,15032,604,2800
27,1136992247,18899758,18543,15664,638,2879
28,1156106172,20022781,20318,17260,706,3058
29,1243611152,23202840,23593,20048,806,3545
30,1319998497,29185968,29583,25045,924,4538
31,1333733656,30319327,31863,27152,983,4711
32,1346892679,31542109,32453,27589,1005,4864
33,1360166709,32487318,33813,28796,1053,5017
34,1381031554,53586790,45301,36758,1123,8543
35,1427874472,62697864,52071,42726,1186,9345
36,1466412814,81007948,65703,53968,1236,11735
37,1550716653,116337847,89150,72828,1380,16322
38,1570778648,145384649,110516,90127,1474,20389
39,1634067789,150618643,116539,95404,1613,21135
40,1711511916,156296852,121824,99989,1723,21835
41,1787135039,168904749,136218,112689,1870,23529
42,1846484770,183312716,153829,128446,2051,25383
43,1863853443,188172338,162379,136232,2177,26147
44,1913078846,198254795,179349,151860,2354,27489
45,1925501831,200060693,182748,155028,2441,27720
46,1942331734,202762130,188662,160559,2546,28103
47,2005520628,215760024,207172,177331,2739,29841
48,2005625830,215760024,207172,177331,2739,29841
49,2015907353,217848906,212429,182276,2851,30153
50,2029548275,218973230,215941,185589,2929,30352
51,2048644471,249784037,239001,203739,3079,35262
52,2056348630,249784037,239001,203739,3079,35262
53,2061676422,251276691,242140,206694,3118,35446
54,2068407019,252327275,243964,208388,3169,35576
55,2074074747,254206135,247738,211920,3256,35818
56,2079408754,256749892,251564,215440,3300,36124
57,2091545606,259495021,259689,223220,3420,36469
58,2103453184,262239073,265305,228431,3553,36874
59,2115352712,265850791,272467,235139,3658,37328
60,2124121721,272537815,284913,246683,3802,38230
61,2136051531,276286925,292255,253514,3919,38741
62,2152199012,328968332,328667,283138,4082,45529
63,2180494854,363234419,353460,303494,4202,49966
64,2220717637,387227671,376442,323478,4341,52964
65,2236557138,435232687,424653,365717,4514,58936
66,2236640320,435232687,424653,365717,4514,58936
67,2248259171,437064956,430036,370876,4646,59160
68,2297725533,451747112,455862,394851,4878,61011
69,2308182511,455212698,466601,405131,5014,61470
70,2308301288,455212698,466601,405131,5014,61470
71,2319185280,455548139,467262,405744,5075,61518
72,2337698310,455561007,467270,405751,5079,61519
73,2349652356,455745643,467956,406410,5113,61546
74,2356571065,455745643,467956,406410,5113,61546
75,2374224724,456352577,468313,406676,5160,61637
76,2387693157,458365127,470503,408603,5256,61900
77,2407580401,460668103,472714,410497,5344,62217
78,2420311311,463085913,474410,411885,5376,62525
79,2440862043,466906879,479218,415972,5495,63246
80,2457206503,470072058,481881,418339,5557,63542
81,2475821182,471011260,482763,419108,5579,63655
82,2485822105,472613094,485189,421312,5695,63877
83,2501157880,473697652,486417,422397,5757,64020
84,2510774484,475965268,488755,424427,5844,64328
85,2528074076,479847607,493468,428602,5964,64866
86,2540640261,485981921,501385,435709,6104,65676
87,2550800735,491052097,507519,441208,6195,66311
88,2550873247,491064716,507530,441218,6197,66312
89,2552591410,491424215,507974,441614,6258,66360
90,2558460458,492361482,508809,442327,6309,66482
91,2564952894,494171351,510553,443864,6369,66689
92,2581975063,496086423,513134,446164,6448,66970
93,2602368640,496834913,517374,450000,6544,67374
94,2602471818,496834913,517374,450000,6544,67374
