BackupID, OnlineSpeed(MB/s), Encalve ProcessTime(s), BackupSize, OnlineSize, OfflineSize, OfflineTime(s)
0, 96.9896, 3.68556, 374824960, 226808880, 226808880, 0.000483
1, 179.163, 1.94949, 366243840, 277834708, 277828840, 0.109761
2, 192.717, 1.81786, 367349760, 328009109, 328009109, 0.000596
3, 190.725, 1.84606, 369192960, 372871041, 372818208, 0.2475
4, 198.546, 1.77039, 368578560, 409147687, 409026937, 0.5394
5, 177.237, 1.63044, 303011840, 444795327, 444768067, 0.208056
6, 94.4665, 5.03258, 498503680, 695439113, 695439113, 0.001157
7, 98.3704, 3.38941, 349614080, 816051035, 815797302, 0.523089
8, 110.14, 3.17955, 367206400, 911209466, 911105509, 0.552959
9, 620.156, 0.564689, 367206400, 911116267, 911116267, 0.001769
10, 286.714, 1.25755, 378071040, 938432529, 938432529, 0.00159
11, 295.993, 1.00621, 312299520, 954384792, 954384792, 0.002524
12, 173.534, 1.71543, 312145920, 992998282, 992254946, 1.49089
13, 418.781, 1.15579, 507535360, 994489560, 994489560, 0.008782
14, 197.378, 2.52544, 522680320, 1038509875, 1038007881, 1.64552
15, 236.645, 2.10676, 522772480, 1068254859, 1068255085, 0.037961
16, 129.767, 2.84042, 386498560, 1126062342, 1125239064, 3.87307
17, 248.768, 1.473, 384235520, 1138815769, 1138632435, 2.70322
18, 271.984, 1.34734, 384256000, 1157225639, 1157225459, 0.011008
19, 295.176, 1.21366, 375644160, 1171881582, 1170930231, 0.770338
20, 287.013, 1.25205, 376811520, 1186245809, 1183841399, 3.35986
21, 302.994, 1.19191, 378685440, 1197286732, 1196068793, 3.26131
22, 619.909, 0.591112, 384235520, 1196085185, 1196085185, 0.002203
23, 624.011, 0.587226, 384235520, 1196090561, 1196090561, 0.002214
24, 181.132, 2.05047, 389447680, 1243239685, 1243138454, 0.711226
25, 348.995, 1.06587, 390051840, 1247866142, 1247570212, 1.30073
26, 333.547, 1.11813, 391065600, 1250445315, 1249744849, 2.24594
27, 202.537, 1.84119, 391024640, 1279807317, 1279699460, 0.974132
28, 338.489, 1.10025, 390512640, 1284390578, 1283916979, 2.20042
29, 129.03, 2.40391, 325242880, 1330728712, 1329042342, 3.82872
30, 154.236, 2.0113, 325283840, 1363597566, 1360625255, 6.3398
31, 371.894, 0.83386, 325171200, 1363734833, 1363088966, 2.5451
32, 351.717, 0.882972, 325642240, 1367371727, 1366174614, 0.817212
33, 359.461, 0.864278, 325765120, 1369761757, 1369293316, 1.62046
34, 265.171, 1.35592, 377016320, 1395192810, 1395703528, 11.4925
35, 276.85, 1.30013, 377425920, 1410053629, 1405228193, 5.7405
36, 304.941, 1.243, 397455360, 1419006552, 1415032084, 11.4809
37, 164.169, 2.29553, 395161600, 1459003482, 1450925019, 20.9169
38, 295.581, 1.27529, 395264000, 1471951111, 1465125169, 18.456
39, 156.737, 1.9954, 327946240, 1513357952, 1509837919, 6.16421
40, 150.585, 1.90923, 301465600, 1540573620, 1535808000, 5.26965
41, 147.289, 1.95499, 301936640, 1574386390, 1567715193, 13.4163
42, 152.338, 1.8909, 302049280, 1609910362, 1600462813, 15.5217
43, 284.571, 1.01365, 302469120, 1609787415, 1606795817, 7.58497
44, 183.436, 2.03105, 390666240, 1654166531, 1648051888, 13.8555
45, 386.97, 0.962835, 390686720, 1653023862, 1651726562, 3.62513
46, 349.876, 1.06296, 389969920, 1656347880, 1654369107, 5.04318
47, 184.562, 2.01972, 390871040, 1689130629, 1680253397, 14.4609
48, 632.646, 0.455953, 302469120, 1680261866, 1680261866, 0.003113
49, 351.023, 1.07607, 396072960, 1695093034, 1693824011, 4.60639
50, 379.39, 0.994633, 395683840, 1699136462, 1698762576, 3.22519
51, 253.074, 1.55702, 413184000, 1732308943, 1733515593, 21.3689
52, 441.494, 0.720654, 333619200, 1736667788, 1736667788, 0.00302
53, 458.714, 0.638994, 307353600, 1742931091, 1741476367, 2.18106
54, 443.823, 0.661555, 307875840, 1745968286, 1744944195, 1.69386
55, 491.991, 0.596984, 307978240, 1748324974, 1746830360, 3.20138
56, 483.589, 0.608205, 308408320, 1750954547, 1748466899, 2.61083
57, 343.604, 0.916951, 330373120, 1753895846, 1751962176, 6.1077
58, 336.343, 0.937619, 330680320, 1758326919, 1756421277, 5.20238
59, 353.536, 0.891743, 330577920, 1762163824, 1758966547, 5.70231
60, 374.48, 0.843045, 331038720, 1767340072, 1761674785, 8.99215
61, 361.651, 0.873274, 331161600, 1767239453, 1764098902, 6.10989
62, 229.865, 1.63534, 394168320, 1792922577, 1781243803, 30.2078
63, 277.959, 1.35622, 395284480, 1801249821, 1793685729, 20.9537
64, 279.162, 1.4188, 415313920, 1811668947, 1803629615, 18.7542
65, 297.778, 1.32282, 413040640, 1826601492, 1814314563, 34.909
66, 647.023, 0.454576, 308408320, 1814333044, 1814333044, 0.003385
67, 356.651, 1.06944, 399943680, 1824269638, 1822881617, 5.228
68, 185.837, 2.01559, 392765440, 1866084248, 1857080524, 19.9004
69, 340.688, 1.10917, 396236800, 1865298939, 1862423649, 8.31711
70, 636.718, 0.461933, 308408320, 1862432297, 1862432297, 0.004045
71, 141.366, 2.32324, 344381440, 1979963988, 1979822287, 0.972371
72, 225.235, 1.5228, 359649280, 2028736662, 2028737986, 0.036588
73, 307.89, 1.07641, 347514880, 2054051435, 2053988709, 0.887345
74, 487.23, 0.680605, 347719680, 2056307926, 2056307926, 0.010479
75, 308.103, 1.07643, 347760640, 2074613490, 2074323277, 0.861984
76, 374.86, 0.884653, 347729920, 2079350676, 2078097540, 2.32501
77, 259.341, 1.32223, 359567360, 2105673514, 2103907322, 2.41503
78, 423.583, 0.809316, 359464960, 2108794412, 2106422666, 1.26618
79, 254.545, 1.34823, 359854080, 2132920833, 2130950512, 4.30488
80, 373.657, 0.918497, 359874560, 2135408724, 2132755348, 2.39582
81, 391.246, 0.875607, 359219200, 2138321257, 2137401860, 0.65011
82, 212.813, 1.44438, 322314240, 2191520495, 2190621291, 2.26782
83, 278.979, 1.18085, 345436160, 2215013533, 2214318317, 1.29547
84, 317.47, 1.0363, 344975360, 2233903940, 2232100305, 2.11909
85, 296.501, 1.1116, 345600000, 2253072346, 2250133692, 3.80486
86, 343.859, 0.954754, 344248320, 2260642723, 2255542136, 6.26237
87, 365.92, 0.897512, 344371200, 2261218450, 2256756728, 4.5519
88, 636.533, 0.538838, 359649280, 2256769768, 2256769519, 0.030074
89, 449.772, 0.768922, 362639360, 2271560060, 2271399106, 0.802651
90, 470.622, 0.733072, 361758720, 2281231202, 2280331366, 0.930475
91, 513.946, 0.672531, 362434560, 2284137362, 2282684287, 1.5549
92, 268.999, 1.28547, 362588160, 2304058299, 2302931796, 2.24389
93, 346.944, 0.996509, 362526720, 2306820896, 2307474917, 3.51477
94, 642.597, 0.537887, 362434560, 2307481187, 2307481187, 0.004094
