Backup ID, Ecall, Inline_Ocall, Offline_Ocall, _Inline_FPOcall, _Inline_SFOcall, _Inline_LocalOcall, _Inline_LoadOcall, _Inline_DeltaOcall, _Inline_RecipeOcall, _Inline_Write_ContainerOcall, _inline_have_similar_chunk_num, _inline_need_load_container_num
0,372,1422,5,370,370,0,266,370,46,59,515,163,
1,738,2563,9908,694,694,1,350,733,91,73,8497,543,
2,1104,3719,9913,1016,1016,1,453,1097,136,87,15921,1073,
3,1471,4864,36610,1334,1334,2,552,1461,181,100,23908,1732,
4,1838,5965,76975,1622,1622,4,667,1824,226,110,31414,2433,
5,2138,6900,95638,1861,1861,5,789,2121,263,120,38485,3087,
6,2624,8715,95643,2340,2340,5,1102,2605,323,185,42241,3586,
7,2956,10777,146162,2666,2666,7,2141,2933,364,217,52421,4267,
8,3302,12403,211317,2992,2992,8,2729,3276,406,243,66333,5144,
9,3648,12807,211335,2999,2999,8,2733,3620,448,245,66345,5152,
10,4023,13604,211340,3151,3151,8,2807,3993,494,253,68672,5482,
11,4331,14301,211345,3283,3283,8,2896,4299,532,258,70924,5813,
12,4639,15297,309978,3525,3525,12,3064,4601,570,269,77961,6603,
13,5134,16256,310464,3674,3674,12,3171,5094,631,271,80701,6940,
14,5647,17719,416144,4017,4017,15,3374,5602,694,284,91459,7732,
15,6161,19072,419060,4319,4319,16,3548,6113,757,293,100703,8477,
16,6525,20460,585856,4652,4652,25,3863,6466,802,310,115903,9653,
17,6886,21815,735247,4833,4833,30,4453,6820,846,314,123470,10444,
18,7267,22658,735586,4987,4987,31,4562,7198,893,320,126005,10757,
19,7642,23508,803771,5143,5143,33,4681,7569,939,325,128832,11181,
20,8017,24347,952208,5295,5295,40,4797,7935,985,330,131682,11614,
21,8393,25184,1103646,5444,5444,45,4916,8304,1031,335,134587,12054,
22,8754,25605,1103666,5451,5451,45,4920,8663,1075,337,134598,12062,
23,9115,26023,1103677,5458,5458,45,4921,9022,1119,339,134616,12074,
24,9499,27044,1176274,5681,5681,47,5067,9402,1166,352,141536,12674,
25,9883,28016,1298184,5880,5880,50,5212,9781,1213,355,144415,13195,
26,10268,29005,1446821,6071,6071,56,5389,10158,1260,357,147609,13749,
27,10652,30029,1519979,6287,6287,58,5552,10538,1307,366,155634,14463,
28,11035,31015,1674376,6477,6477,63,5730,10914,1354,369,158554,15050,
29,11351,32249,1885352,6773,6773,73,6019,11218,1393,383,170043,16138,
30,11667,33385,2128654,7031,7031,88,6286,11517,1432,393,180430,17199,
31,11983,34103,2299158,7147,7147,92,6419,11827,1471,395,182493,17577,
32,12299,34846,2352347,7264,7264,94,6575,12139,1510,398,184487,17962,
33,12616,35590,2466109,7377,7377,98,6739,12450,1549,400,186482,18356,
34,12971,36324,2657649,7489,7489,145,6852,12756,1593,407,192652,19127,
35,13326,37395,2797956,7603,7603,154,7298,13100,1637,412,199473,19749,
36,13699,38163,2922270,7714,7714,180,7427,13445,1683,417,206515,20417,
37,14069,39554,3261157,8007,8007,232,7819,13761,1728,430,221499,21988,
38,14439,40343,3464233,8122,8122,280,7965,14081,1773,436,228128,22783,
39,14759,41512,3742436,8373,8373,292,8275,14387,1812,449,236719,23745,
40,15052,42684,3955609,8624,8624,301,8618,14669,1848,459,247091,24787,
41,15346,44000,4276733,8892,8892,325,9070,14937,1884,470,258265,25933,
42,15640,45195,4647331,9162,9162,348,9397,15206,1920,482,267449,27019,
43,15934,46229,4940272,9407,9407,361,9613,15485,1956,486,270687,27575,
44,16317,47369,5295545,9624,9624,381,9891,15846,2003,499,278112,28472,
45,16700,48370,5513299,9839,9839,386,10034,16222,2050,502,280080,28809,
46,17083,49376,5733613,10027,10027,395,10236,16594,2097,505,282912,29358,
47,17467,50756,6122602,10319,10319,419,10603,16952,2144,515,292466,30543,
48,17761,51339,6122618,10443,10443,419,10610,17244,2180,517,292484,30553,
49,18150,52181,6381195,10564,10564,425,10775,17625,2228,522,294254,30954,
50,18539,53032,6557269,10686,10686,430,10947,18007,2276,525,296352,31354,
51,18924,53832,6900606,10815,10815,493,11059,18327,2323,534,303674,32387,
52,19250,54478,6900611,10921,10921,493,11129,18651,2363,536,304671,32522,
53,19549,55355,7000142,11159,11159,495,11196,18946,2400,539,305557,32663,
54,19848,56184,7112839,11371,11371,497,11267,19241,2437,542,306538,32808,
55,20148,56780,7299112,11477,11477,502,11316,19534,2474,544,307498,32968,
56,20448,57249,7383426,11517,11517,505,11370,19829,2511,547,308505,33116,
57,20769,58348,7659396,11805,11805,513,11535,20140,2550,550,310535,33559,
58,21090,59403,7934302,12065,12065,522,11712,20450,2589,553,312584,34009,
59,21411,60173,8192317,12182,12182,529,11890,20762,2628,556,314711,34432,
60,21733,60921,8510427,12297,12297,544,12049,21067,2667,560,316838,34873,
61,22055,61688,8763802,12411,12411,551,12229,21380,2706,563,319005,35289,
62,22425,62710,9078573,12604,12604,632,12452,21667,2751,572,327970,36715,
63,22796,63511,9284909,12732,12732,681,12582,21987,2797,578,335905,37581,
64,23185,64392,9511105,12859,12859,714,12774,22341,2845,584,343777,38380,
65,23571,65535,9823710,13165,13165,781,12874,22658,2892,591,351702,39385,
66,23871,65946,9823730,13200,13200,781,12880,22956,2929,593,351716,39395,
67,24263,66822,10083804,13328,13328,785,13062,23342,2977,597,353579,39796,
68,24650,68004,10525378,13548,13548,813,13371,23699,3025,609,361458,40822,
69,25039,69066,10797877,13769,13769,821,13556,24078,3073,613,363420,41272,
70,25339,69478,10797889,13803,13803,821,13565,24376,3110,615,363441,41288,
71,25673,70426,10874951,14015,14015,824,13716,24705,3151,646,364959,41539,
72,26022,71394,10877638,14240,14240,825,13844,25051,3194,660,367359,41850,
73,26360,72264,10935190,14429,14429,827,13959,25385,3235,668,368885,42099,
74,26698,72993,10935526,14576,14576,827,14017,25721,3276,670,369771,42218,
75,27036,73803,11014340,14730,14730,829,14142,26055,3317,676,372176,42555,
76,27374,74720,11169037,14922,14922,834,14298,26386,3358,679,374313,42971,
77,27723,75686,11321417,15122,15122,840,14474,26727,3401,687,377338,43496,
78,28071,76516,11355523,15300,15300,843,14559,27070,3444,690,379241,43737,
79,28420,77537,11569463,15521,15521,854,14748,27406,3487,698,382769,44305,
80,28769,78477,11657554,15724,15724,860,14892,27747,3530,701,385233,44696,
81,29117,79330,11685224,15901,15901,861,15002,28092,3573,704,387686,44995,
82,29432,80219,11819437,16080,16080,868,15181,28398,3612,719,389258,45369,
83,29768,81091,11902439,16251,16251,873,15336,28727,3653,727,391476,45747,
84,30103,81939,12011222,16420,16420,880,15472,29053,3694,733,393090,46117,
85,30439,82883,12181716,16614,16614,891,15653,29376,3735,740,396065,46670,
86,30773,83775,12452270,16787,16787,902,15826,29697,3776,744,398679,47145,
87,31107,84617,12559984,16946,16946,911,15977,30020,3817,747,400777,47547,
88,31456,85271,12561421,17073,17073,912,15987,30366,3860,749,400794,47560,
89,31808,86061,12637290,17237,17237,915,16056,30713,3903,754,401090,47696,
90,32159,86694,12691339,17327,17327,917,16117,31060,3946,758,402009,47842,
91,32510,87310,12750182,17409,17409,921,16177,31405,3989,760,403035,48005,
92,32862,88275,12872090,17585,17585,928,16397,31748,4032,767,405671,48542,
93,33213,89202,13039247,17757,17757,936,16588,32089,4075,769,408749,49001,
94,33564,89750,13039260,17832,17832,936,16594,32438,4118,771,408765,49011,
