Backup ID, Logical chunk num, Unique chunk num, Base chunk num, Delta chunk num, Logical chunk size, Unique chunk size, Base chunk size, Delta chunk size, LZ4_save size, Delta_save size, 
0,24641,24495,24460,35,208250880,207122891,100519888,135771,106244398,222834
1,49838,39626,31648,7978,420976640,343883169,131317556,1719612,138390085,72455916
2,75769,54678,37648,17030,640409600,480951594,156601585,3498626,165311233,155540150
3,102154,69374,43334,26040,864501760,615776387,180939299,5824117,190518431,238494540
4,128934,85204,49918,35286,1092659200,760639837,208995637,8522835,219924695,323196670
5,156457,101934,57112,44822,1326612480,913110906,239732112,11775401,251898683,409704710
6,184290,118788,63847,54941,1563217920,1067086366,268562570,15246995,281593289,501683512
7,212510,136407,71216,65191,1803356160,1227283855,300081214,19137916,314286188,593778537
8,241451,155151,78849,76302,2049822720,1397466120,332661304,23179968,347720401,693904447
9,270745,172102,84485,87617,2300139520,1554665685,356865215,26482743,373291545,798026182
10,300593,189672,90658,99014,2554542080,1715971804,382897983,30017474,400953358,902102989
11,331389,208165,97756,110409,2817464320,1885698253,412811707,34162543,432685814,1006038189
12,362473,226816,105100,121716,3082168320,2056620195,444152400,38292680,465228618,1108946497
13,394467,248136,114588,133548,3355002880,2249505687,484798169,43905775,507181598,1213620145
14,427730,269719,124822,144897,3639654400,2446105951,528732060,48746107,553023058,1315604726
15,461573,291289,134041,157248,3929231360,2642868685,568115891,54242544,594263480,1426246770
16,495907,313484,145392,168092,4223057920,2845343213,616805565,59337497,645668216,1523531935
17,533891,338250,159930,178320,4533319680,3055374134,673113215,64396120,706060904,1611803895
18,573226,363914,172745,191169,4869498880,3288730076,727495100,69617414,764944864,1726672698
19,614460,390057,184861,205196,5222645760,3527677934,778844059,74948769,820062146,1853822960
20,657190,416136,195815,220321,5588357120,3767058441,824788655,80029725,869711399,1992528662
21,701984,444128,207962,236166,5970749440,4022803683,875382951,85463213,925207383,2136750136
22,748244,472329,219353,252976,6365849600,4281805935,923241830,91364634,977165019,2290034452
23,795533,500237,229397,270840,6770524160,4539452538,965351070,97947989,1022721418,2453432061
24,843831,528928,239785,289143,7183421440,4803542209,1008423296,103695158,1069873530,2621550225
25,892453,557325,249876,307449,7597076480,5064122709,1049934001,109787838,1115096774,2789304096
26,943081,588339,262374,325965,8028426240,5347599334,1101454384,116871713,1172221828,2957051409
27,994732,617593,272344,345249,8468920320,5618093235,1142980995,122866765,1217459854,3134785621
28,1047519,648825,283066,365759,8918517760,5905656166,1187656177,129684683,1266580027,3321735279
29,1100481,678191,292387,385804,9369497600,6177498332,1226604866,146128708,1308246420,3496518338
30,1161683,730293,332431,397862,9891061760,6631310292,1389583463,160763408,1490505890,3590457531
31,1224165,764459,344492,419967,10425190400,6949135668,1440034062,166616839,1546784366,3795700401
32,1287906,799067,355964,443103,10969159680,7270247371,1487455898,172002123,1599105528,4011683822
33,1352398,833924,366362,467562,11518976000,7592912324,1530171210,178475936,1646488740,4237776438
34,1418053,869731,377386,492345,12079032320,7925229976,1575186810,185797676,1697098766,4467146724
35,1485051,906885,389260,517625,12650547200,8269312100,1623598821,193354694,1752015211,4700343374
36,1552883,943650,400333,543317,13229209600,8610980264,1668634898,201173091,1803056518,4938115757
37,1620506,980487,411422,569065,13805813760,8953041890,1713765493,208999438,1854245265,5176031694
38,1688546,1017268,421161,596107,14386237440,9294603528,1753881177,216926476,1898456256,5425339619
39,1757006,1054333,431919,622414,14970695680,9640069539,1798332392,225760013,1948285794,5667691340
40,1810412,1083547,440464,643083,15425167360,9911406345,1834186485,234502947,1987608458,5855108455
41,1864540,1113534,449179,664355,15886080000,10189212551,1870645270,242684818,2027529317,6048353146
42,1919273,1143338,457229,686109,16352163840,10465661096,1904315391,251130284,2064932097,6245283324
43,1974837,1173737,465498,708239,16824729600,10747386683,1938900275,260787783,2102937599,6444761026
44,2031182,1204027,473466,730561,17304453120,11028976023,1972045540,269980582,2139631039,6647318862
45,2088613,1233728,480219,753509,17793658880,11306693526,2000069525,278180299,2170785485,6857658217
46,2147190,1264387,487493,776894,18292684800,11593204633,2030337875,287305921,2204973777,7070587060
47,2206496,1294554,493536,801018,18798346240,11876362472,2055584009,296235112,2233135993,7291407358
48,2266715,1323504,498045,825459,19312179200,12150398334,2074271184,303781609,2254139329,7518206212
49,2335940,1359838,508093,851745,19902177280,12489094108,2115544245,326062646,2300938571,7746548646
50,2419066,1426420,554908,871512,20615280640,13077690238,2301539370,347017209,2523073426,7906060233
51,2503193,1471068,569154,901914,21337559040,13492750308,2360300867,356920256,2589327115,8186202070
52,2593570,1520912,587989,932923,22117294080,13956496725,2427852340,366120132,2689708216,8472816037
53,2687808,1568890,602738,966152,22935326720,14407514754,2483801260,375452328,2766578835,8781682331
54,2782874,1615142,616675,998467,23760384000,14838437071,2539821589,390088613,2830971469,9077555400
55,2878878,1662942,630210,1032732,24594739200,15284296250,2595006210,401751169,2894390023,9393148848
56,2975128,1710128,643475,1066653,25430681600,15725714597,2648333863,413659813,2957208755,9706512166
57,3070965,1757037,657332,1099705,26264494080,16164609531,2704154302,424562771,3023171071,10012721387
58,3166442,1803100,669799,1133301,27094425600,16595252208,2754891861,435898156,3081744465,10322717726
59,3262959,1849992,683142,1166850,27933890560,17033027647,2809127822,448064607,3143966630,10631868588
60,3332759,1886832,692410,1194422,28529817600,17377600787,2847786036,456860129,3187308464,10885646158
61,3430872,1934164,705856,1228308,29384591360,17821510252,2902114609,471054806,3251800133,11196540704
62,3504712,1972423,715614,1256809,30015549440,18178220181,2942383654,480460881,3296705616,11458670030
63,3579605,2009807,724014,1285793,30656389120,18529206646,2977161644,490681444,3336095161,11725268397
64,3655420,2047926,732332,1315594,31304744960,18886528805,3011185915,502444480,3374791663,11998106747
65,3732183,2085663,739608,1346055,31962798080,19242462056,3041511095,513068509,3408855929,12279026523
66,3809922,2124329,747695,1376634,32629002240,19606090117,3075361544,524494269,3446804237,12559430067
67,3888789,2162403,754384,1408019,33305978880,19966345083,3103348146,534287457,3477976522,12850732958
68,3968924,2200450,761075,1439375,33992949760,20325995601,3131015794,545403642,3508969498,13140606667
69,4050053,2237353,766245,1471108,34688532480,20677381896,3152387123,555213100,3533161972,13436619701
70,4149217,2284535,780234,1504301,35551836160,21119663880,3208648466,592412692,3600369521,13718233201
71,4265450,2371143,842350,1528793,36571084800,21893659608,3444537876,643817384,3910860317,13894444031
72,4386386,2425654,859786,1565868,37635307520,22408755401,3510196707,656240737,4001098187,14241219770
73,4508081,2477154,873214,1603940,38705633280,22895215145,3564169525,667681967,4064992194,14598371459
74,4632072,2531806,888322,1643484,39797422080,23410168790,3623006709,679892272,4139338177,14967931632
75,4732223,2578458,899422,1679036,40669081600,23848856535,3668981044,676163809,4191666319,15312045363
76,4832181,2625447,913264,1712183,41540311040,24291221580,3724581820,715059016,4257515078,15594065666
77,4936619,2671964,923989,1747975,42453647360,24729783746,3768053900,729972878,4307655202,15924101766
78,5043629,2718584,933863,1784721,43391784960,25170334985,3807935797,742955091,4354405026,16265039071
79,5152164,2765822,943820,1822002,44339476480,25614745161,3847250673,755894892,4401060845,16610538751
80,5261707,2811976,952063,1859913,45297090560,26053001409,3880398191,768196598,4439965414,16964441206
81,5372102,2858319,960005,1898314,46262865920,26494109032,3912707609,780559887,4477442035,17323399501
82,5484739,2905801,968192,1937609,47246745600,26944336428,3945312125,794755991,4515754456,17688513856
83,5615274,2974727,1027017,1947710,48257761280,27443678836,4134028512,812418806,4733994543,17763236975
84,5746948,3029093,1044465,1984628,49277388800,27828197717,4185526459,822100643,4795402818,18025167797
85,5878524,3079049,1051085,2027964,50296289280,28176859675,4202680515,826004761,4817623993,18330550406
86,6010103,3128955,1056704,2072251,51315240960,28525163481,4216991499,830023090,4836627753,18641521139
87,6141701,3178812,1061362,2117450,52334305280,28872958077,4228870264,833671370,4852455357,18957961086
88,6273302,3228688,1065397,2163291,53353441280,29220978790,4239524821,836681590,4866526478,19278245901
89,6404919,3278502,1069843,2208659,54372648960,29568467799,4251150029,840907638,4882241256,19594168876
90,6536540,3328324,1073714,2254610,55391866880,29916062621,4261093300,844601742,4895587704,19914779875
91,6668160,3378140,1076995,2301145,56411105280,30263561394,4269335400,879150239,4907112068,20207963687
92,6804565,3431960,1087500,2344460,57475010560,30644138614,4301500345,871214688,4944989951,20526433630
93,6940979,3482283,1091277,2391006,58538915840,30995265413,4311101123,874027966,4957693765,20852442559
94,7077386,3532627,1094752,2437875,59602872320,31346808615,4320036341,877376508,4969657749,21179738017
95,7213812,3582970,1098180,2484790,60666920960,31698289312,4328726740,882145927,4981463093,21505953552
96,7350241,3633269,1102219,2531050,61731000320,32049460760,4339145891,885821690,4995660402,21828832777
97,7486674,3683528,1105108,2578420,62795130880,32400320490,4346463822,889534110,5005659568,22158662990
98,7623116,3733785,1107811,2625974,63859322880,32751090403,4353291603,893650524,5015077918,22489070358
99,7759591,3784184,1111140,2673044,64923535360,33102591715,4361595283,945326966,5026612460,22769057006
100,7896734,3837918,1120489,2717429,65993605120,33482551991,4390314574,966034077,5060193629,23066009711
101,8033918,3888530,1124600,2763930,67063715840,33836062449,4400804579,940750338,5075039353,23419468179
102,8171098,3939120,1127918,2811202,68133888000,34189542680,4409430451,941287541,5086489839,23752334849
103,8308293,3989691,1130837,2858854,69204070400,34542631238,4416984374,943874586,5096568772,24085203506
104,8445492,4040213,1133913,2906300,70274324480,34895496730,4424640337,947462820,5107145559,24416248014
105,8582680,4090615,1136263,2954352,71344588800,35247383444,4430426233,950823635,5115227127,24750906449
106,8719869,4141100,1139536,3001564,72414894080,35599950429,4438395465,954704614,5126260936,25080589414
107,8857075,4191540,1141714,3049826,73485209600,35952016244,4443706127,958306262,5133710898,25416292957
108,8994276,4241970,1143967,3098003,74555525120,36304049595,4448956943,1025836354,5141592598,25687663700
109,9133868,4296766,1153396,3143370,75646996480,36692624072,4478542454,1000529383,5176293369,26037258866
110,9273476,4347897,1156706,3191191,76738498560,37049737902,4486986844,1002434508,5187414337,26372902213
111,9413087,4398892,1159404,3239488,77830031360,37405820556,4493771261,1005008098,5196773159,26710268038
112,9552710,4449914,1161749,3288165,78921687040,37762308541,4499851232,1008438675,5204976934,27049041700
113,9692345,4500877,1164261,3336616,80013373440,38118104505,4506219504,1012291783,5213624833,27385968385
114,9831983,4551835,1166845,3384990,81105090560,38473884103,4512728461,1016134155,5222531461,27722490026
115,9971637,4602922,1171831,3431091,82196858880,38830540205,4527272339,1020084299,5240695668,28042487899
116,10111284,4653852,1174535,3479317,83288637440,39186071420,4533940419,1099229934,5250265117,28302635950
117,10254480,4719071,1189873,3529198,84415191040,39665633935,4582657610,1071913062,5316592178,28694471085
118,10397681,4770973,1193459,3577514,85541744640,40028724542,4591961678,1071904279,5328814195,29036044390
119,10540871,4822680,1196286,3626394,86668339200,40390617824,4599315096,1074680938,5338677278,29377944512
120,10684073,4874361,1198806,3675555,87794995200,40752012280,4605888795,1077977377,5347339432,29720806676
121,10827281,4926037,1201667,3724370,88921692160,41113288654,4613144984,1082634295,5357299311,30060210064
122,10970483,4977636,1203995,3773641,90048409600,41473895648,4619129510,1085657255,5365455653,30403653230
123,11113686,5029199,1206388,3822811,91175137280,41834152531,4625129176,1090407377,5373622054,30744993924
124,11256922,5081046,1208935,3872111,92301875200,42196440001,4631470764,1180945072,5382639191,31001384974
125,11401515,5143663,1221531,3922132,93438638080,42646913920,4673049686,1140853079,5430066201,31402944954
126,11546098,5195868,1224940,3970928,94575441920,43011697796,4681799101,1139349665,5441670679,31748878351
127,11690685,5248179,1227440,4020739,95712296960,43377614779,4688172708,1141676578,5450083977,32097681516
128,11835284,5300501,1230327,4070174,96849203200,43743443888,4696019803,1145059323,5460027038,32442337724
129,11979903,5352677,1233074,4119603,97986140160,44107982046,4702888775,1149784743,5469577824,32785730704
130,12124509,5404840,1235427,4169413,99123118080,44472661525,4708750101,1152705005,5477649423,33133556996
131,12269135,5456984,1237405,4219579,100260126720,44837198007,4713741372,1157432949,5484450379,33481573307
132,12413757,5509206,1239908,4269298,101397145600,45202159037,4719741488,1259529992,5493355991,33729531566
133,12560306,5573743,1253118,4320625,102548971520,45669972107,4762876521,1213830649,5545070721,34148194216
134,12706853,5626534,1256165,4370369,103700848640,46039405097,4770979622,1212662983,5555568934,34500193558
135,12853388,5679316,1258988,4420328,104852684800,46408795222,4778228715,1216405701,5565229263,34848931543
136,12999928,5732016,1261313,4470703,106004572160,46777402158,4784247430,1219872693,5573327297,35199954738
137,13146491,5784871,1263610,4521261,107156520960,47147233419,4790016856,1224010057,5581165019,35552041487
138,13293046,5837477,1265706,4571771,108308500480,47515049838,4795278755,1227392593,5588389095,35903989395
139,13439601,5890056,1268130,4621926,109460500480,47882533659,4801205366,1231746700,5596693210,36252888383
140,13586157,5942529,1270058,4672471,110612520960,48249044660,4805949882,1236238290,5603195702,36603660786
141,13732717,5995056,1272338,4722718,111764551680,48616124200,4811367008,1352856479,5611256777,36840643936
142,13880344,6058499,1284550,4773949,112924149760,49073860100,4851621691,1294810320,5657823337,37269604752
143,14027988,6111925,1288028,4823897,114083829760,49447891995,4860506832,1293448172,5669710560,37624226431
144,14175645,6165186,1290773,4874413,115243581440,49820445302,4867439482,1296979013,5679061258,37976965549
145,14323303,6218305,1293176,4925129,116403353600,50191733991,4873463217,1300898680,5687218533,38330153561
146,14470960,6271425,1295482,4975943,117563146240,50563113252,4879415986,1305412198,5695262720,38683022348
147,14618628,6324581,1297885,5026696,118722969600,50934898919,4885421042,1308950422,5703651131,39036876324
148,14766300,6377676,1300253,5077423,119882823680,51306102127,4891411424,1313122118,5711857822,39389710763
149,14913989,6430735,1302758,5127977,121042739200,51676783287,4897586962,1318495724,5720500082,39740200519
150,15061697,6483725,1306209,5177516,122202654720,52046653921,4906342280,1442571628,5732714304,39965025709
151,15215081,6551594,1321830,5229764,123417743360,52542126172,4954816086,1388017899,5800344810,40398947377
152,15368526,6606120,1325976,5280144,124632862720,52923284157,4965713272,1390075863,5814362720,40753132302
153,15521904,6659947,1329233,5330714,125848002560,53299309398,4974430034,1390472091,5825997273,41108410000
154,15675282,6713636,1331464,5382172,127063162880,53674073370,4980062391,1394433176,5833842178,41465735625
155,15828675,6767498,1334089,5433409,128278353920,54050239508,4986771988,1399189945,5843035938,41821241637
156,15982054,6821147,1336294,5484853,129493575680,54424765409,4992241536,1401803113,5850640653,42180080107
157,16135440,6874760,1338566,5536194,130708828160,54798978754,4997742850,1406238777,5858440254,42536556873
158,16288844,6928446,1341156,5587290,131924111360,55173626794,5003866078,1537763115,5867628308,42764369293
159,16447881,6997829,1357895,5639934,133193082880,55683897240,5054410797,1479420888,5942958509,43207107046
160,16606926,7052409,1361102,5691307,134462105600,56065143765,5062594695,1475940238,5954028628,43572580204
161,16765974,7106802,1363648,5743154,135731159040,56444802879,5068955424,1477845668,5962752951,43935248836
162,16925032,7161385,1366681,5794704,137000273920,56826044878,5076954322,1483112299,5973476060,44292502197
163,17084103,7215812,1369370,5846442,138269419520,57205869603,5083742571,1487506160,5982722408,44651898464
164,17243196,7270287,1371563,5898724,139538606080,57586041595,5089265859,1489656047,5990391287,45016728402
165,17402274,7324836,1373471,5951365,140807864320,57967173406,5094107991,1493365619,5996980809,45382718987
166,17561357,7379256,1375679,6003577,142077163520,58347083586,5099612134,1500485482,6004643619,45742342351
167,17720447,7433609,1378195,6055414,143346462720,58726475359,5105412588,1642362990,6013363675,45965336106
168,17886817,7504752,1395649,6109103,144686612480,59254482293,5156781534,1722464398,6097280251,46277956110
169,18053209,7560224,1399343,6160881,146026874880,59642371034,5166087588,1742512167,6109968500,46623802779
170,18219602,7615541,1402133,6213408,147367178240,60028979932,5173198376,1754156122,6119651739,46981973695
171,18386010,7670761,1404737,6266024,148707522560,60414563771,5179707013,1764448132,6128679805,47341728821
172,18552417,7725971,1406983,6318988,150047897600,60800172108,5185279750,1770931486,6136481048,47707479824
173,18718807,7781013,1409113,6371900,151388272640,61184458625,5190467703,1777415775,6143849722,48072725425
174,18885225,7836302,1411690,6424612,152728668160,61570577496,5196666707,1785133830,6152662525,48436114434
175,19051640,7891501,1414482,6477019,154069084160,61956043340,5203375873,1828002096,6162434167,48762231204
176,19220179,7958927,1427421,6531506,155427061760,62443904441,5244607773,1833864102,6213791800,49151640766
177,19388737,8014877,1430559,6584318,156785070080,62834909536,5252816223,1837648217,6224613509,49519831587
178,19557303,8070715,1433707,6637008,158143150080,63225012328,5260623374,1845173510,6235470013,49883745431
179,19725862,8126473,1436153,6690320,159501301760,63614575920,5266782495,1849567730,6243972514,50254253181
180,19894446,8182287,1438837,6743450,160859504640,64004795765,5273354668,1856599145,6253297458,50621544494
181,20063015,8238008,1441171,6796837,162217748480,64394128344,5279284124,1860582612,6261640922,50992620686
182,20231579,8293687,1443286,6850401,163576023040,64783161592,5284580956,1866141623,6268895284,51363543729
183,20400159,8349256,1445135,6904121,164934318080,65171073852,5289099949,1872403657,6275279494,51734290752
184,20568769,8405097,1448280,6956817,166292643840,65560730580,5296982444,1939225174,6286406899,52038116063
185,20738884,8474319,1464184,7010135,167663482880,66060826530,5345520203,1933076463,6349610994,52432618870
186,20909007,8530654,1467607,7063047,169034342400,66453771629,5353690465,1936056946,6361605745,52802418473
187,21079149,8586848,1470095,7116753,170405335040,66846099255,5359814754,1939853667,6370143444,53176287390
188,21249296,8643194,1472882,7170312,171776348160,67239456128,5366758910,1946350456,6379826320,53546520442
189,21419516,8699712,1476301,7223411,173147402240,67633595012,5375457993,1955764037,6391609449,53910763533
190,21589668,8755882,1478606,7277276,174518487040,68025605366,5381203922,1957679843,6399677069,54287044532
191,21759830,8812170,1480759,7331411,175889612800,68418780233,5386579758,1961142752,6407122027,54663935696
192,21930000,8868495,1483109,7385386,177260769280,68811767293,5392491602,1966832768,6415338987,55037103936
193,22100177,8924695,1485677,7439018,178631946240,69203938386,5398513882,2051774066,6424320660,55329329778
194,22271074,8992244,1499763,7492481,180008775680,69690705773,5443831333,2033063154,6478319138,55735492148
195,22441790,9048642,1503045,7545597,181384151040,70084352759,5452153065,2032081636,6489524151,56110593907
196,22612511,9105227,1505965,7599262,182759546880,70479646678,5459678437,2037279627,6499619243,56483069371
197,22783370,9163082,1510923,7652159,184135034880,70884113696,5472974632,2048910915,6517289900,56844938249
198,22954098,9219404,1513009,7706395,185510543360,71277231023,5478149995,2048658787,6524684420,57225737821
199,23124824,9275749,1515215,7760534,186886082560,71670617640,5483744116,2052962965,6532403364,57601507195
200,23295551,9332065,1517507,7814558,188261662720,72063721272,5489468821,2058359457,6540365192,57975527802
201,23466280,9388353,1520122,7868231,189637253120,72456450053,5495756594,2155464556,6549557080,58255671823
202,23639562,9457474,1533946,7923528,191035084800,72958078126,5539213729,2128622997,6606798645,58683442755
203,23812842,9514409,1537698,7976711,192432936960,73355640238,5548302389,2126318582,6619643650,59061375617
204,23986132,9571470,1540647,8030823,193830850560,73754512241,5555585143,2131744622,6629856898,59437325578
205,24159416,9628351,1543316,8085035,195228815360,74151741452,5562291945,2136463761,6639135522,59813850224
206,24332721,9685313,1545665,8139648,196626831360,74549606383,5568246155,2143203271,6647302131,60190854826
207,24506020,9742188,1547697,8194491,198024888320,74946933668,5573301973,2144907266,6654473347,60574251082
208,24679332,9799081,1550469,8248612,199422986240,75344383951,5580332991,2150185383,6664285918,60949579659
209,24852683,9856049,1553023,8303026,200821135360,75742099691,5586449439,2261850475,6673320653,61220479124
