Backup ID, FPindex, SFindex, Deltaindex
0,1959600,4686912,1792
1,3170080,6034688,508576
2,4374240,7180672,930688
3,5549920,8263936,1314816
4,6816320,9517696,1706752
5,8154720,10888832,2115200
6,9503040,12171008,2551008
7,10912560,13574336,2985280
8,12412080,15027712,3467520
9,13768160,16098048,3946848
10,15173760,17266880,4409888
11,16653200,18615744,4873056
12,18145280,20011584,5343104
13,19850880,21820416,5840512
14,21577520,23771072,6321632
15,23303120,25525952,6858624
16,25078720,27690368,7321024
17,27060000,30459072,7772224
18,29113120,32889344,8332256
19,31204560,35171712,8950720
20,33290880,37257600,9596032
21,35530240,39570112,10256320
22,37786320,41735040,10960768
23,40018960,43640512,11703296
24,42314240,45616576,12454880
25,44586000,47533248,13195712
26,47067120,49911808,13943072
27,49407440,51805120,14733152
28,51906000,53839488,15557600
29,54255280,55611840,16359936
30,58423440,63283840,16849600
31,61156720,65586560,18053248
32,63925360,67773248,19010752
33,66713920,69750272,19983680
34,69578480,71844992,20959904
35,72550800,74100864,21956064
36,75492000,76198528,22964928
37,78438960,78302720,23968288
38,81381440,80148608,25030336
39,84346640,82189952,26038880
40,86683760,83795136,26830944
41,89082720,85430528,27650368
42,91467040,86940096,28491168
43,93898960,88485888,29335712
44,96322160,89977472,30185632
45,98698240,91233920,31056000
46,101150960,92589248,31925536
47,103564320,93702208,32824032
48,105880320,94516736,33710016
49,108787040,96413120,34717472
50,114113600,105359296,35497280
51,117685440,108073024,37054016
52,121672960,111630976,38315456
53,125511200,114430592,39640832
54,129211360,117075008,40891840
55,133035360,119630528,42237632
56,136810240,122142720,43551552
57,140562960,124774272,44833568
58,144248000,127132416,46144480
59,147999360,129651200,47434816
60,150946560,131381824,48465088
61,154733120,133924096,49766720
62,157793840,135743936,50845792
63,160784560,137305344,51931232
64,163834080,138853056,53036224
65,166853040,140198912,54155648
66,169946320,141690240,55269696
67,172992240,142918080,56409344
68,176036000,144145792,57533984
69,178988240,145076800,58660160
70,182762800,147715968,59933280
71,189691440,159583360,60940992
72,194052320,162902400,62913248
73,198172320,165451392,64441376
74,202544480,168318400,65969408
75,206276640,170376448,67305664
76,210035760,172955264,68550144
77,213757120,174948032,69948832
78,217486720,176779456,71308800
79,221265760,178629568,72679392
80,224958080,180153216,74059520
81,228665520,181621824,75441216
82,232464080,183128192,76853024
83,237978160,194392384,77311104
84,242327440,197724800,79528416
85,246323920,198944896,81307136
86,250316400,199955648,82879008
87,254304960,200782656,84441888
88,258295040,201486848,86018048
89,262280160,202263104,87558752
90,266265920,202918528,89119616
91,270251200,203476992,90680672
92,274556800,205412736,92179520
93,278582640,206062912,93884128
94,282610160,206660864,95469184
95,286637600,207254336,97042784
96,290661520,207967936,98595232
97,294682240,208458880,100175200
98,298702800,208906432,101757216
99,302734720,209466496,103325152
100,307033440,211205760,104832000
101,311082400,211929472,106502784
102,315129600,212493760,108096800
103,319175280,212975424,109689728
104,323217040,213480128,111269120
105,327249200,213863232,112864160
106,331288000,214421312,114424960
107,335323200,214771008,116020800
108,339357600,215146368,117608160
109,343741280,216895488,119142464
110,347831760,217456192,120862144
111,351911360,217895936,122476416
112,355993120,218283456,124093344
113,360070160,218690240,125694528
114,364146800,219115456,127295072
115,368233760,219981376,128858240
116,372308160,220516288,130448288
117,377525680,223359552,132186368
118,381677840,223949248,133931392
119,385814400,224406720,135573472
120,389948880,224816704,137204288
121,394082960,225277056,138823392
122,398210880,225649984,140454432
123,402335920,226037568,142076448
124,406483680,226451712,143708640
125,411493040,228795904,145422688
126,415669440,229384384,147152608
127,419854320,229793984,148813920
128,424040080,230267840,150456864
129,428214160,230734976,152095552
130,432387200,231120064,153742112
131,436558720,231429888,155394144
132,440736480,231838336,157032384
133,445899440,234297024,158792864
134,450122720,234798848,160565248
135,454345280,235267712,162232384
136,458561280,235646528,163903488
137,462789680,236012864,165574176
138,466998160,236337664,167238656
139,471204480,236728704,168886656
140,475402320,237021056,170550688
141,479604480,237403584,172195424
142,484679920,239679808,173944672
143,488954000,240276544,175718432
144,493214880,240744000,177401344
145,497464400,241132032,179081920
146,501714000,241504576,180755904
147,505966480,241893824,182427520
148,510214080,242268928,184097536
149,514458800,242688896,185761440
150,518698000,243283712,187397344
151,524127520,246189760,189204512
152,528489600,246913600,191020768
153,532795760,247460416,192716320
154,537090880,247839552,194425376
155,541399840,248262400,196122816
156,545691760,248607552,197817472
157,549980800,248963392,199510304
158,554275680,249380224,201193024
159,559826320,252514816,203010080
160,564192720,253049664,204851456
161,568544160,253460288,206577536
162,572910800,253963904,208286816
163,577264960,254409792,209994816
164,581622960,254753472,211717312
165,585986880,255042496,213448864
166,590340480,255398912,215161824
167,594688720,255800640,216865760
168,600380160,259048832,218719936
169,604817920,259684096,220579808
170,609243280,260140224,222335328
171,613660880,260570048,224075872
172,618077680,260926400,225827104
173,622481040,261264704,227569856
174,626904160,261682304,229300864
175,631320080,262154816,231026272
176,636714160,264554176,232890656
177,641190160,265092608,234756704
178,645657200,265621632,236509056
179,650117840,266015552,238273888
180,654582960,266451392,240029664
181,659040640,266826752,241787072
182,663494960,267171264,243544736
183,667940480,267452352,245307360
184,672407760,267987776,247040928
185,677945520,270969344,248874176
186,682452320,271549568,250759072
187,686947840,271938816,252548032
188,691455520,272390528,254322560
189,695976960,272991168,256081568
190,700470560,273349504,257854368
191,704973600,273695808,259632032
192,709479600,274076672,261407360
193,713975600,274496576,263174240
194,719379520,277090176,265005952
195,723891360,277672960,266894464
196,728418160,278147264,268686912
197,733046560,279021504,270454976
198,737552320,279342784,272245760
199,742059920,279681600,274025536
200,746565200,280044160,275800160
201,751068240,280491584,277563392
202,756597920,283062272,279456064
203,761152720,283698368,281341376
204,765717600,284187136,283143808
205,770268080,284622976,284934784
206,774825040,284988800,286736704
207,779375040,285296832,288543424
208,783926480,285751872,290326816
209,788483920,286194816,292115232
