Backup ID, Online Delta_save, Offline Delta_save, Offline delta time, Offline dedelta time, Offline delete time, Offline Delta chunk num
0,188169,34665,13,9,4,4
1,53859623,18596293,2121,38,38,2083
2,54261848,101278302,16033,4941,87,11092
3,55791214,182703326,34450,14499,153,19951
4,56163659,267033011,57033,27866,233,29167
5,57219724,352484986,82808,44204,326,38604
6,58025839,443657673,112186,63552,435,48634
7,58089707,535688830,144470,85591,561,58879
8,58512618,635391829,179645,109690,705,69955
9,58906142,739120040,218082,136849,856,81233
10,59213156,842889833,260585,167982,1024,92603
11,59439229,946598960,306357,202380,1205,103977
12,59952480,1048994017,352608,237375,1402,115233
13,59952480,1153667665,401058,273993,1621,127065
14,60937653,1254667073,448359,310048,1854,138311
15,61617706,1364629064,498121,347532,2107,150589
16,61801201,1461730734,541813,380398,2367,161415
17,62080464,1549723431,581006,409394,2667,171612
18,62742361,1663930337,632027,447643,2971,184384
19,64795155,1789027805,686207,488023,3289,198184
20,67106970,1925421692,746624,533555,3607,213069
21,67445656,2069304480,813904,585031,3946,228873
22,68357620,2221676832,887517,641922,4314,245595
23,71115822,2382316239,967138,703950,4698,263188
24,72678631,2548871594,1051369,770036,5082,281333
25,73640612,2715663484,1142237,842698,5499,299539
26,73850698,2883200711,1237791,919761,5932,318030
27,76199445,3058586176,1338348,1001281,6366,337067
28,76872662,3244862617,1447101,1089594,6864,357507
29,78259495,3418258843,1560172,1182762,7328,377410
30,78756543,3511700988,1629863,1240442,7942,389421
31,113692705,3682007696,1700067,1292221,8400,407846
32,119703626,3891980196,1788983,1358635,8869,430348
33,121744734,4116031704,1895440,1440846,9351,454594
34,124313579,4342833145,2012418,1533318,9843,479100
35,126151581,4574191793,2140536,1636340,10365,504196
36,127668923,4810446834,2279081,1749355,10897,529726
37,127668923,5048362771,2427839,1872365,11451,555474
38,131047290,5294292329,2587141,2004987,11976,582154
39,132524064,5535167276,2755546,2147224,12579,608322
40,132580158,5722528297,2915897,2286912,13410,628985
41,132580158,5915772988,3086162,2435905,14214,650257
42,133268226,6112015098,3264310,2592363,14998,671947
43,133293611,6311467415,3449320,2755246,15817,694074
44,134561479,6512757383,3642157,2925886,16619,716271
45,136348048,6721310169,3844233,3105214,17425,739019
46,137732365,6932854695,4058364,3296103,18248,762261
47,138117333,7153290025,4286196,3499851,19061,786345
48,138329655,7379876557,4527993,3717226,19829,810767
49,138570538,7607978108,4745441,3908408,20731,837033
50,139135227,7766925006,4906390,4049645,21830,856745
51,167773634,8018428436,5065769,4181606,22684,884163
52,171294115,8301521922,5242915,4328106,23496,914809
53,178801696,8602880635,5441194,4493910,24312,947284
54,180902128,8896653272,5645733,4666348,25212,979385
55,183041072,9210107776,5866460,4853012,26124,1013448
56,186708558,9519803608,6095529,5048533,26983,1046996
57,189500071,9823221316,6319644,5239851,27789,1079793
58,192178976,10130538750,6552379,5439238,28666,1113141
59,195138711,10436729877,6791709,5645304,29611,1146405
60,195571053,10690075105,7080725,5906789,30921,1173936
61,196904005,10999636699,7336453,6128759,31891,1207694
62,197826354,11260843676,7637134,6401028,33176,1236106
63,199736142,11525532255,7954597,6689714,34340,1264883
64,201932244,11796174503,8279186,6984716,35541,1294470
65,203274274,12075752249,8625277,7300476,36700,1324801
66,204195091,12355234976,8981921,7626633,37900,1355288
67,206314232,12644418726,9356142,7969670,39057,1386472
68,208336136,12932270531,9745342,8327698,40285,1417644
69,210463068,13226156633,10150998,8701824,41421,1449174
70,210857122,13507376079,10452270,8969935,42711,1482335
71,211687371,13682756660,10623104,9116361,44427,1506743
72,256474810,13984744960,10784365,9245167,45458,1539198
73,259315996,14339055463,10978110,9401108,46504,1577002
74,262756041,14705175591,11194488,9578278,47513,1616210
75,263603651,15048441712,11538921,9887237,48901,1651684
76,265123139,15328942527,11822472,10137785,50257,1684687
77,267715479,15656386287,12111909,10391681,51439,1720228
78,269154440,15995884631,12417307,10660471,52589,1756836
79,270934761,16339603990,12739163,10945208,53763,1793955
80,274270317,16690170889,13074793,11243256,54902,1831537
81,277152164,17046247337,13430859,11561189,56069,1869670
82,280285713,17408228143,13798497,11889818,57257,1908679
83,280581966,17482655009,13836607,11917861,59077,1918746
84,358997041,17666170756,13878708,11934276,59833,1944432
85,374131940,17956418466,13968087,11982330,60138,1985757
86,381559401,18259961738,14096032,12066928,60429,2029104
87,387060239,18570900847,14262123,12188517,60738,2073606
88,395136717,18883109184,14462666,12344260,61087,2118406
89,398560742,19195608134,14699451,12536094,61419,2163357
90,401367256,19513412619,14972647,12763667,61766,2208980
91,403708873,19804254814,15284677,13029442,62135,2255235
92,405293777,20121139853,15594437,13296069,62939,2298368
93,408658187,20443784372,15937841,13593351,63392,2344490
94,411964248,20767773769,16315586,13924624,63884,2390962
95,414604084,21091349468,16727076,14289529,64401,2437547
96,416538255,21412294522,17165623,14682052,64959,2483571
97,418134395,21740528595,17646848,15116103,65500,2530745
98,420592986,22068477372,18162805,15584800,66057,2578005
99,421923978,22347133028,18705046,16080131,66712,2624915
100,423582192,22642427519,19230879,16561771,67724,2669108
101,427215137,22992253042,19778542,17063399,68380,2715143
102,428705822,23323629027,20366896,17604653,69072,2762243
103,431096757,23654106749,20992501,18182900,69792,2809601
104,432901164,23983346850,21644843,18788004,70506,2856839
105,434807240,24316099209,22336802,19432135,71205,2904667
106,435841333,24644748081,23057303,20105540,71947,2951763
107,437788065,24978504892,23816620,20816832,72668,2999788
108,439699750,25247963950,24611816,21564073,73420,3047743
109,440970973,25596287893,25363228,22270262,74702,3092966
110,442973026,25929929187,26140380,22999825,75598,3140555
111,444959454,26265308584,26952497,23763887,76448,3188610
112,447111445,26601930255,27797888,24560860,77252,3237028
113,449410831,26936557554,28674981,25389778,78101,3285203
114,452874908,27269615118,29572989,26239829,78986,3333160
115,453807467,27588680432,30394474,27015324,80004,3379150
116,454671932,27847964018,31357343,27930065,80953,3427278
117,455902734,28238568351,32269072,28792050,83054,3477022
118,458274604,28577769786,33193196,29668146,84155,3525050
119,459895557,28918048955,34152878,30579143,85257,3573735
120,462129992,29258676684,35153753,31531124,86361,3622629
121,463696922,29596513142,36175311,32504051,87460,3671260
122,466355988,29937297242,37223542,33503326,88514,3720216
123,467523983,30277469941,38319587,34550335,89638,3769252
124,469301048,30532083926,39436290,35617948,90815,3818342
125,470085590,30932859364,40519929,36651653,92988,3868276
126,473459383,31275418968,41626630,37709973,94243,3916657
127,475474477,31622207039,42773728,38807504,95470,3966224
128,476937626,31965400098,43928150,39912669,96703,4015481
129,477990685,32307740019,45128336,41063545,97978,4064791
130,479007513,32654549483,46372384,42257903,99156,4114481
131,480084203,33001489104,47650749,43486224,100337,4164525
132,481777433,33247754133,48937192,44723148,101623,4214044
133,482673000,33665521216,50189193,45923920,103964,4265273
134,484911856,34015281702,51443430,47128674,105349,4314756
135,486451836,34362479707,52733055,48368526,106682,4364529
136,488747607,34711207131,54060863,49646229,107991,4414634
137,490197659,35061843828,55428095,50963070,109338,4465025
138,492203732,35411785663,56827205,52311905,110682,4515300
139,493700462,35759187921,58252955,53687673,112084,4565282
140,496030136,36107630650,59703969,55088409,113376,4615560
141,497369696,36343274240,61196619,56530966,114839,4665653
142,499083048,36770521704,62628514,57911825,117229,4716689
143,501021510,37123204921,64066474,59300068,118842,4766406
144,502354051,37474611498,65549526,60732758,120372,4816768
145,503720348,37826433213,67066120,62198793,121912,4867327
146,504845998,38178176350,68618030,63700008,123447,4918022
147,505710563,38531165761,70194894,65226218,124922,4968676
148,506741768,38882968995,71786529,66767246,126478,5019283
149,508158742,39232041777,73412598,68342921,127982,5069677
150,509490255,39455535454,75029775,69910702,129626,5119073
151,510812869,39888134508,76597123,71425939,132316,5171184
152,513280052,40239852250,78157005,72935744,134133,5221261
153,514896472,40593513528,79743255,74471614,135815,5271641
154,516735139,40949000486,81399439,76076551,137347,5322888
155,517954215,41303287422,83069684,77695693,138996,5373991
156,519656274,41660423833,84785781,79360538,140623,5425243
157,521001331,42015555542,86523014,81046577,142192,5476437
158,522456734,42241912559,88276711,82749343,143813,5527368
159,523410366,42683696680,89954794,84374879,146666,5579915
160,525644156,43046936048,91655022,86023989,148458,5631033
161,527225774,43408023062,93398483,87715785,150172,5682698
162,529494243,43763007954,95137690,89403719,151896,5733971
163,531104863,44120793601,96928080,91142557,153665,5785523
164,533424891,44483303511,98764749,92927225,155382,5837524
165,538272635,44844446352,100628120,94738546,157053,5889574
166,539427242,45202915109,102536317,96594665,158763,5941652
167,541131556,45424204550,104451922,98458626,160531,5993296
168,542301247,45735654863,106279843,100232987,163479,6046856
169,544749827,46079052952,108105649,102007306,165516,6098343
170,546948707,46435024988,109971719,103821116,167405,6150603
171,548827383,46792901438,111871923,105668921,169392,6203002
172,550943343,47156536481,113795710,107539998,171221,6255712
173,553327799,47519397626,115767959,109459607,173078,6308352
174,555435968,47880678466,117766469,111405658,175133,6360811
175,557268535,48204962669,119780075,113367072,177157,6413003
176,558737722,48592903044,121733506,115266176,180207,6467330
177,562960712,48956870875,123698674,117179042,182263,6519632
178,565826688,49317918743,125687870,119115872,184460,6571998
179,567934752,49686318429,127727890,121102815,186527,6625075
180,569777581,50051766913,129795628,123117635,188649,6677993
181,572353103,50420267583,131888046,125156971,190637,6731075
182,574952639,50788591090,134026481,127242142,192662,6784339
183,579833650,51154457102,136176500,129339051,194609,6837449
184,581914246,51456201817,138321736,131431828,197052,6889908
185,583070734,51849548136,140392639,133449539,200349,6943100
186,585921891,52216496582,142500425,135504742,202515,6995683
187,587863697,52588423693,144656074,137606908,204618,7049166
188,589991686,52956528756,146815778,139713288,206888,7102490
189,592277071,53318486462,148987961,141832643,209163,7155318
190,594544498,53692500034,151237713,144028802,211398,7208911
191,596829006,54067106690,153519329,146256547,213397,7262782
192,598770585,54438333351,155819311,148502782,215550,7316529
193,600566346,54728763432,158146026,150776071,217939,7369955
194,601483987,55134008161,160239056,152815732,221339,7423324
195,603672903,55506921004,162458559,154982381,223623,7476178
196,605298733,55877770638,164706955,157177291,225932,7529664
197,606330863,56238607386,166911685,159329244,228464,7582441
198,608389544,56617348277,169243489,161607056,230556,7636433
199,610965070,56990542125,171594553,163904290,232759,7690263
200,613356013,57362171789,173952171,166208150,234943,7744021
201,615548501,57640123322,176358765,168561324,237250,7797441
202,616839226,58066603529,178678742,170826148,240683,7852594
203,620380703,58440994914,180968689,173063362,242963,7905327
204,621996042,58815329536,183339658,175380399,245226,7959259
205,624353334,59189496890,185724621,177711429,247537,8013192
206,626899941,59563954885,188152526,180085013,249820,8067513
207,629108863,59945142219,190622617,182500514,251961,8122103
208,631002020,60318577639,193084665,184908675,254186,8175990
209,632645453,60587833671,195603492,187373284,256518,8230208
