BackupID, OnlineSpeed(MB/s), Encalve ProcessTime(s), BackupSize, OnlineSize, OfflineSize, OfflineTime(s)
0, 99.413, 1.99776, 208250880, 100661862, 100655659, 0.054821
1, 133.273, 1.52222, 212725760, 141619289, 133037168, 3.86599
2, 140.531, 1.48912, 219432960, 199555824, 160100211, 18.8773
3, 141.943, 1.50561, 224092160, 225097414, 186763416, 21.6809
4, 135.569, 1.60499, 228157440, 257308958, 217518472, 25.7591
5, 135.65, 1.64478, 233953280, 291508276, 251507513, 28.1582
6, 135.133, 1.66979, 236605440, 326448459, 283809565, 31.6205
7, 128.977, 1.77562, 240138240, 362265901, 319219130, 33.3502
8, 128.266, 1.83251, 246466560, 402672477, 355841272, 36.3044
9, 134.811, 1.77078, 250316800, 432339288, 383347958, 39.5725
10, 133.413, 1.81855, 254402560, 461574298, 412915457, 42.4106
11, 131, 1.91407, 262922240, 495300909, 446974250, 45.0614
12, 134.699, 1.87411, 264704000, 530142844, 482445080, 44.3339
13, 123.973, 2.0988, 272834560, 576570615, 528703944, 47.1949
14, 124.84, 2.17451, 284651520, 624111757, 577478167, 45.4321
15, 129.67, 2.12972, 289576960, 672955126, 622358435, 48.3211
16, 127.445, 2.19871, 293826560, 721180800, 676143062, 42.8433
17, 127.564, 2.31953, 310261760, 777698742, 737509335, 39.946
18, 124.361, 2.57803, 336179200, 850027596, 797112514, 50.0578
19, 125.313, 2.68756, 353146880, 911613601, 853792828, 54.2591
20, 131.536, 2.65151, 365711360, 968210302, 904818380, 60.0072
21, 131.401, 2.77531, 382392320, 1027484118, 960846164, 64.402
22, 131.658, 2.86194, 395100160, 1084702381, 1014606464, 70.1788
23, 135.237, 2.85371, 404674560, 1137111707, 1063299059, 75.092
24, 132.836, 2.96432, 412897280, 1188868259, 1112118454, 79.143
25, 131.44, 3.0013, 413655040, 1236508884, 1159721839, 84.7438
26, 131.457, 3.12929, 431349760, 1295075533, 1218326097, 87.4384
27, 137.695, 3.05086, 440494080, 1346427845, 1265847760, 92.231
28, 132.799, 3.22872, 449597440, 1403180066, 1317340860, 99.1541
29, 137.979, 3.11704, 450979840, 1447023427, 1372733574, 102.186
30, 104.625, 4.75415, 521564160, 1587693449, 1550346871, 66.427
31, 137.931, 3.69303, 534128640, 1685249934, 1606650901, 70.5964
32, 135.778, 3.82072, 543969280, 1756297356, 1659458021, 88.1484
33, 136.867, 3.83105, 549816320, 1811983113, 1708647146, 103.62
34, 142.161, 3.75709, 560056320, 1864925881, 1760984486, 111.808
35, 138.421, 3.93756, 571514880, 1922784358, 1816953515, 118.044
36, 141.191, 3.90857, 578662400, 1977721512, 1869807989, 126.014
37, 141.335, 3.89071, 576604160, 2031466777, 1922764931, 132.383
38, 138.749, 3.98946, 580423680, 2083185285, 1970807653, 140.882
39, 140.261, 3.97389, 584458240, 2133785993, 2024092405, 146.608
40, 138.912, 3.12009, 454471680, 2153568848, 2068689432, 127.353
41, 136.516, 3.21983, 460912640, 2201491328, 2113330088, 145.272
42, 141.287, 3.14602, 466083840, 2244990073, 2155445675, 150.833
43, 137.538, 3.27672, 472565760, 2290187572, 2199688058, 158.075
44, 139.31, 3.28403, 479723520, 2333340405, 2242026122, 160.532
45, 143.485, 3.2515, 489205760, 2373273331, 2278249824, 168.346
46, 140.851, 3.3788, 499025920, 2413525819, 2317643796, 174.472
47, 145.875, 3.30581, 505661440, 2451772212, 2351819121, 188.158
48, 149.661, 3.27426, 513832960, 2481362814, 2378052793, 194.072
49, 140.897, 3.99345, 589998080, 2537988839, 2441606891, 176.522
50, 110.762, 6.13989, 713103360, 2712519421, 2648556579, 139.543
51, 136.914, 5.03103, 722278400, 2830638525, 2717221123, 144.817
52, 141.997, 5.23683, 779735040, 2921825712, 2793972472, 161.334
53, 147.512, 5.28864, 818032640, 2995133281, 2859253588, 175.578
54, 153.989, 5.10969, 825057280, 3059296976, 2929910202, 181.066
55, 152.549, 5.21604, 834355200, 3137300207, 2996757379, 194.243
56, 150.634, 5.29242, 835942400, 3200011310, 3061993676, 198.835
57, 154.559, 5.14485, 833812480, 3264290092, 3128717073, 193.807
58, 153.57, 5.15392, 829931520, 3328859739, 3190790017, 201.749
59, 153.943, 5.20047, 839464960, 3393984302, 3257192429, 208.467
60, 138.776, 4.09523, 595927040, 3420088481, 3304646165, 208.391
61, 153.307, 5.31727, 854773760, 3509624101, 3373169415, 217.881
62, 142.082, 4.23507, 630958080, 3541192434, 3422844535, 235.254
63, 142.378, 4.29247, 640839680, 3587383758, 3467843088, 255.274
64, 143.716, 4.30236, 648355840, 3635392203, 3513630395, 261.714
65, 149.917, 4.1861, 658053120, 3680738353, 3554579604, 274.249
66, 148.097, 4.29004, 666204160, 3725707874, 3599855813, 287.906
67, 148.811, 4.33848, 676976640, 3768459632, 3637635603, 296.278
68, 153.686, 4.2629, 686970880, 3805891224, 3676419436, 304.985
69, 154.857, 4.28369, 695582720, 3840192990, 3707600223, 315.442
70, 155.221, 5.30413, 863303680, 3912150235, 3801061158, 243.32
71, 122.009, 7.96691, 1019248640, 4139125730, 4088355260, 156.739
72, 162.245, 6.25547, 1064222720, 4297428460, 4166437444, 154.675
73, 171.632, 5.94726, 1070325760, 4387530034, 4231851492, 180.216
74, 167.655, 6.21044, 1091788800, 4463109597, 4302898981, 199.347
75, 157.949, 5.26296, 871659520, 4506413727, 4345144853, 263.562
76, 156.526, 5.3082, 871229440, 4548533818, 4439640836, 240.063
77, 165.651, 5.2582, 913336320, 4640592903, 4498026778, 251.144
78, 166.776, 5.36453, 938137600, 4699861429, 4550890888, 257.354
79, 166.35, 5.43307, 947691520, 4753880721, 4603145565, 270.594
80, 166.864, 5.47302, 957614080, 4802514743, 4648594789, 278.126
81, 171.287, 5.37714, 965775360, 4849832946, 4693267496, 295.886
82, 167.8, 5.5918, 983879680, 4898120582, 4740068116, 306.179
83, 146.25, 6.59269, 1011015680, 4970808483, 4946447318, 56.6608
84, 182.495, 5.32834, 1019627520, 5088967681, 5007627102, 62.96
85, 195.112, 4.98022, 1018900480, 5160641013, 5028685276, 104.017
86, 195.467, 4.97141, 1018951680, 5184948631, 5047014589, 139.909
87, 197.137, 4.92986, 1019064320, 5203994487, 5062541634, 165.458
88, 194.758, 4.99042, 1019136000, 5218373382, 5076206411, 192.019
89, 197.419, 4.9235, 1019207680, 5233923980, 5092057667, 212.25
90, 196.764, 4.93993, 1019217920, 5250065038, 5105695042, 244.21
91, 198.974, 4.88517, 1019238400, 5263704503, 5148485639, 270.959
92, 190.858, 5.31609, 1063905280, 5322803897, 5172715033, 272.988
93, 200.762, 5.05385, 1063905280, 5331864755, 5185129089, 293.981
94, 200.286, 5.06611, 1063956480, 5344680860, 5197412849, 313.544
95, 201.193, 5.04369, 1064048640, 5357042667, 5210872667, 335.053
96, 199.913, 5.07613, 1064079360, 5370810904, 5224967581, 353.081
97, 201.35, 5.04015, 1064130560, 5384755013, 5235997932, 381.357
98, 199.346, 5.09112, 1064192000, 5395549499, 5246942127, 406.386
99, 200.278, 5.06751, 1064212480, 5406987008, 5306922249, 432.477
100, 192.648, 5.2972, 1070069760, 5481285173, 5356348651, 412.725
101, 202.159, 5.0482, 1070110720, 5516362037, 5341554917, 428.332
102, 200.872, 5.08083, 1070172160, 5502606563, 5350717992, 454.929
103, 200.022, 5.10248, 1070182400, 5511201802, 5360858960, 489.391
104, 200.672, 5.08627, 1070254080, 5521456742, 5372103157, 499.935
105, 200.958, 5.07908, 1070264320, 5532231347, 5381249868, 531.638
106, 201.74, 5.05959, 1070305280, 5542001299, 5393100079, 543.272
107, 203.234, 5.02245, 1070315520, 5553291965, 5402012389, 574.607
108, 200.593, 5.08858, 1070315520, 5562045974, 5474793297, 595.7
109, 191.574, 5.43344, 1091471360, 5652629457, 5479071837, 568.996
110, 198.696, 5.23884, 1091502080, 5641337745, 5489421352, 587.6
111, 200.522, 5.1913, 1091532800, 5651116415, 5498779359, 609.669
112, 202.374, 5.14434, 1091655680, 5660574087, 5508289907, 633.407
113, 202.702, 5.13617, 1091686400, 5669830607, 5518511287, 657.079
114, 201.494, 5.1671, 1091717120, 5679556989, 5528862616, 669.715
115, 198.459, 5.24639, 1091768320, 5691315606, 5547356638, 610.207
116, 201.154, 5.17614, 1091778560, 5709071708, 5633170353, 686.066
117, 174.074, 6.17189, 1126553600, 5848758718, 5654570672, 681.72
118, 205.592, 5.22573, 1126553600, 5819386038, 5663865957, 683.678
119, 203.772, 5.27258, 1126594560, 5828217416, 5673996034, 710.162
120, 205.446, 5.2299, 1126656000, 5838014838, 5683866172, 737.74
121, 203.53, 5.27934, 1126696960, 5848054993, 5695779279, 751.961
122, 205.685, 5.22411, 1126717440, 5859269581, 5704786765, 776.847
123, 205.443, 5.23032, 1126727680, 5868707176, 5715536553, 797.066
124, 202.745, 5.29995, 1126737920, 5879964671, 5812415836, 829.014
125, 179.636, 6.03499, 1136762880, 6019974553, 5813902765, 806.561
126, 204.155, 5.31038, 1136803840, 5978958511, 5821148766, 812.725
127, 204.88, 5.29182, 1136855040, 5987288208, 5829849286, 838.709
128, 204.271, 5.30785, 1136906240, 5996188494, 5841079126, 851.075
129, 202.909, 5.34362, 1136936960, 6006899270, 5852673518, 871.069
130, 202.783, 5.34712, 1136977920, 6018548401, 5861455106, 907.761
131, 205.567, 5.27486, 1137008640, 6027306918, 5871174321, 931.825
132, 205.045, 5.28832, 1137018880, 6036731051, 5979271480, 937.733
133, 178.54, 6.1525, 1151825920, 6193800499, 5976707170, 920.354
134, 203.947, 5.38629, 1151877120, 6144352618, 5983642605, 911.789
135, 202.685, 5.41964, 1151836160, 6151381483, 5994634416, 934.824
136, 202.136, 5.43458, 1151887360, 6161798286, 6004120123, 978.344
137, 201.608, 5.4491, 1151948800, 6172145734, 6014026913, 988.44
138, 205.282, 5.35172, 1151979520, 6180835984, 6022671348, 1011.24
139, 206.763, 5.3135, 1152000000, 6189649148, 6032952066, 1032.21
140, 203.2, 5.40674, 1152020480, 6199080661, 6042188172, 1066.95
141, 179.272, 6.12847, 1152030720, 6208725382, 6164223487, 1080.76
142, 183.29, 6.03351, 1159598080, 6374622475, 6146432011, 1043.17
143, 204.024, 5.42073, 1159680000, 6316010540, 6153955004, 1040.53
144, 205.815, 5.37389, 1159751680, 6323189899, 6164418495, 1075.25
145, 202.35, 5.466, 1159772160, 6332994903, 6174361897, 1095.72
146, 202.261, 5.4685, 1159792640, 6343172503, 6184828184, 1125.47
147, 206.297, 5.36166, 1159823360, 6353832509, 6194371464, 1133.9
148, 204.453, 5.41017, 1159854080, 6363011951, 6204533542, 1148.89
149, 206.213, 5.36428, 1159915520, 6372864796, 6216082686, 1158.97
150, 207.641, 5.32738, 1159915520, 6383780795, 6348913908, 1163.17
151, 180.352, 6.42522, 1215088640, 6570018005, 6342833985, 1135.49
152, 209.894, 5.52101, 1215119360, 6515738856, 6355789135, 1123.38
153, 209.559, 5.52995, 1215139840, 6526460357, 6364902125, 1129.66
154, 211.632, 5.47587, 1215160320, 6534829537, 6374495567, 1194.53
155, 212.455, 5.45478, 1215191040, 6545407395, 6385961933, 1197.33
156, 210.841, 5.49669, 1215221760, 6555884241, 6394044649, 1226.8
157, 209.539, 5.53098, 1215252480, 6563928794, 6403981627, 1240.84
158, 212.282, 5.45964, 1215283200, 6573798241, 6541629193, 1255.95
159, 181.029, 6.68503, 1268971520, 6766470340, 6533831685, 1201.9
160, 216.63, 5.58664, 1269022720, 6706421568, 6538534933, 1230.51
161, 216.203, 5.59781, 1269053440, 6710599862, 6546801092, 1249.43
162, 214.271, 5.64856, 1269114880, 6719318261, 6560066621, 1247.7
163, 215.156, 5.62547, 1269145600, 6732084733, 6571248731, 1275.75
164, 215.17, 5.62526, 1269186560, 6742989335, 6578921906, 1310.56
165, 219.024, 5.52659, 1269258240, 6750428555, 6587473610, 1348.03
166, 214.49, 5.6436, 1269299200, 6759770264, 6600097616, 1359.21
167, 213.769, 5.66264, 1269299200, 6771770908, 6747775578, 1364.53
168, 186.122, 6.86683, 1340149760, 6976814528, 6879245932, 1313.88
169, 218.712, 5.8441, 1340262400, 7054267835, 6908599755, 1317.22
170, 222.492, 5.74498, 1340303360, 7083156391, 6927354498, 1339.09
171, 220.003, 5.81017, 1340344320, 7101471065, 6944155145, 1363.06
172, 221.384, 5.77403, 1340375040, 7118272982, 6956211236, 1376.85
173, 220.27, 5.80325, 1340375040, 7129508721, 6967883478, 1405.77
174, 219.841, 5.81466, 1340395520, 7142201817, 6981800537, 1450.88
175, 218.294, 5.85595, 1340416000, 7155621849, 7031377969, 1440.83
176, 191.824, 6.75135, 1357977600, 7252746054, 7078471875, 1413.49
177, 220.14, 5.88305, 1358008320, 7254200743, 7090464440, 1428.27
178, 219.059, 5.91239, 1358080000, 7266274835, 7105796884, 1425.86
179, 220.433, 5.87588, 1358151680, 7281584761, 7116350225, 1462.39
180, 220.725, 5.86832, 1358202880, 7292474083, 7129953813, 1491.57
181, 221.505, 5.84783, 1358243840, 7305321037, 7139866736, 1507.17
182, 218.912, 5.91721, 1358274560, 7315282905, 7150722579, 1517.95
183, 219.281, 5.90735, 1358295040, 7324623414, 7161503606, 1561.16
184, 218.052, 5.9408, 1358325760, 7337230011, 7236207618, 1520.75
185, 186.635, 7.00475, 1370839040, 7461799521, 7278596666, 1478.64
186, 219.681, 5.95113, 1370859520, 7455193637, 7289747411, 1507.29
187, 222.475, 5.87699, 1370992640, 7466703505, 7299668421, 1539.88
188, 222.415, 5.87866, 1371013120, 7477137880, 7313109366, 1546.28
189, 221.209, 5.91088, 1371054080, 7490873344, 7331222030, 1549.14
190, 221.882, 5.89309, 1371084800, 7507916891, 7338883765, 1592.64
191, 220.13, 5.94015, 1371125760, 7516048045, 7347722510, 1629.5
192, 222.654, 5.87297, 1371156480, 7525048225, 7359324370, 1633.56
193, 221.1, 5.91433, 1371176960, 7536130728, 7450287948, 1662.49
194, 190.183, 6.90411, 1376829440, 7672362974, 7476894487, 1506.03
195, 222.313, 5.90007, 1375375360, 7654203371, 7484234701, 1564.96
196, 219.653, 5.97159, 1375395840, 7662595310, 7496958064, 1611.7
197, 219.075, 5.98775, 1375488000, 7679222034, 7521885547, 1572
198, 219.111, 5.98687, 1375508480, 7698906590, 7526808782, 1659.3
199, 219.816, 5.96779, 1375539200, 7704020076, 7536707081, 1670.9
200, 220.584, 5.9472, 1375580160, 7713689583, 7547828278, 1677.35
201, 219.743, 5.96999, 1375590400, 7724535252, 7651221150, 1707.31
202, 194.865, 6.84101, 1397831680, 7876322176, 7667836726, 1656.92
203, 221.701, 6.01303, 1397852160, 7846359245, 7674620971, 1632.77
204, 222.705, 5.9862, 1397913600, 7854369541, 7687329765, 1688.52
205, 221.243, 6.02596, 1397964800, 7866096654, 7698755706, 1695.75
206, 220.717, 6.04054, 1398016000, 7877839890, 7711449426, 1744.07
207, 221.947, 6.00725, 1398056960, 7890283532, 7718209239, 1748.67
208, 222.776, 5.98507, 1398097920, 7897185180, 7730518374, 1763.67
209, 221.972, 6.00696, 1398149120, 7909507088, 7848299914, 1780.03
