Backup ID, Ecall, Inline_Ocall, Offline_Ocall, _Inline_FPOcall, _Inline_SFOcall, _Inline_LocalOcall, _Inline_LoadOcall, _Inline_DeltaOcall, _Inline_RecipeOcall, _Inline_Write_ContainerOcall, _inline_have_similar_chunk_num, _inline_need_load_container_num
0,195,636,3095,193,193,2,33,191,24,27,64,33,
1,394,1274,46617,390,390,45,56,345,48,39,8227,280,
2,599,1911,146834,593,593,244,59,349,73,57,17279,733,
3,808,2565,277790,800,800,440,67,360,98,75,26289,1333,
4,1020,3224,438236,1010,1010,645,70,365,124,94,35542,2105,
5,1238,3901,625711,1226,1226,855,73,371,150,114,45089,3003,
6,1458,4585,841610,1444,1444,1069,76,375,177,135,55208,3934,
7,1681,5275,1081254,1665,1665,1289,76,376,204,156,65458,4990,
8,1910,5986,1350097,1892,1892,1513,78,379,232,179,76569,6118,
9,2141,6703,1643780,2121,2121,1739,80,382,260,200,87888,7170,
10,2377,7437,1967834,2355,2355,1969,83,386,289,221,99289,8281,
11,2620,8193,2317737,2596,2596,2204,86,392,319,243,110687,9486,
12,2865,8956,2685993,2839,2839,2443,90,396,349,266,121994,10707,
13,3117,9737,3081082,3089,3089,2692,90,397,380,290,133826,12148,
14,3379,10554,3488206,3349,3349,2947,95,402,412,316,145175,13512,
15,3646,11386,3922693,3614,3614,3207,99,407,445,342,157526,14913,
16,3917,12229,4344064,3883,3883,3471,102,412,478,369,168372,16254,
17,4216,13182,4788574,4180,4180,3759,127,421,515,396,178623,17767,
18,4526,14226,5281107,4488,4488,4048,209,440,553,426,191556,19368,
19,4851,15241,5799175,4811,4811,4353,215,458,593,457,205746,20886,
20,5187,16293,6344123,5145,5145,4674,224,471,634,488,220871,22430,
21,5539,17390,6930578,5495,5495,5019,228,476,677,521,236716,24115,
22,5903,18524,7566241,5857,5857,5376,231,481,722,554,253526,25894,
23,6275,19689,8241565,6227,6227,5736,240,491,768,587,271390,27843,
24,6655,20876,8936679,6605,6605,6103,246,502,815,620,289693,29756,
25,7037,22067,9681550,6985,6985,6476,250,509,862,653,308003,31727,
26,7435,23306,10464328,7381,7381,6861,252,520,911,689,326520,33903,
27,7841,24574,11271095,7785,7785,7253,258,532,961,723,345804,35863,
28,8256,25867,12163268,8198,8198,7660,261,538,1012,759,366352,38344,
29,8672,27164,13047679,8612,8612,8068,265,544,1063,793,386397,40435,
30,9153,28670,13912438,9091,9091,8531,275,560,1122,849,398463,44035,
31,9644,30244,14676301,9580,9580,8916,321,664,1183,885,420568,45393,
32,10144,31814,15497912,10078,10078,9393,335,685,1245,925,443704,46947,
33,10650,33397,16393951,10582,10582,9887,344,695,1307,965,468163,48913,
34,11165,35009,17345504,11095,11095,10388,353,707,1371,1006,492946,51103,
35,11691,36652,18371940,11619,11619,10902,359,717,1436,1049,518229,53571,
36,12223,38315,19443363,12149,12149,11421,366,728,1502,1091,543924,56107,
37,12754,39968,20574164,12678,12678,11949,366,729,1568,1133,569675,58779,
38,13288,41642,21707764,13210,13210,12466,378,744,1634,1175,596717,61337,
39,13825,43320,22953318,13745,13745,12993,385,752,1700,1218,623024,64191,
40,14245,44628,24335893,14163,14163,13409,387,754,1752,1252,643693,68185,
41,14670,45949,25748161,14586,14586,13830,387,756,1804,1286,664971,71634,
42,15100,47288,27192522,15014,15014,14254,389,760,1857,1321,686725,74756,
43,15537,48648,28692278,15449,15449,14686,390,763,1911,1357,708872,78152,
44,15980,50033,30209306,15890,15890,15120,397,770,1966,1392,731194,81548,
45,16431,51443,31754422,16339,16339,15559,404,780,2022,1427,754145,84884,
46,16891,52879,33356937,16797,16797,16009,409,788,2079,1463,777533,88715,
47,17357,54330,34981968,17261,17261,16470,411,791,2136,1499,801657,92634,
48,17830,55803,36621494,17732,17732,16939,413,793,2194,1533,826098,96461,
49,18373,57495,38292157,18273,18273,17477,415,796,2261,1575,852384,100520,
50,19025,59636,39978240,18923,18923,18087,525,836,2342,1646,872254,106241,
51,19685,61730,41493342,19581,19581,18651,563,930,2424,1694,902656,108663,
52,20394,64239,43033135,20288,20288,19296,863,992,2512,1748,933958,111268,
53,21133,66565,44663510,21025,21025,19960,886,1065,2604,1801,967196,114186,
54,21878,68898,46395619,21768,21768,20638,898,1130,2696,1853,999511,117478,
55,22631,71252,48176583,22518,22518,21323,908,1196,2789,1907,1033783,121164,
56,23385,73595,49942553,23259,23259,22000,924,1271,2882,1960,1067704,124739,
57,24136,75897,51641086,23981,23981,22684,940,1336,2975,2013,1100756,128333,
58,24884,78182,53431583,24697,24697,23356,954,1410,3068,2065,1134352,132159,
59,25641,80496,55315416,25423,25423,24035,967,1486,3162,2118,1167958,136003,
60,26189,82204,57600635,25969,25969,24577,969,1490,3230,2161,1195530,142075,
61,26958,84549,59620111,26706,26706,25278,978,1556,3325,2215,1229422,146506,
62,27537,86357,61986750,27282,27282,25842,985,1569,3397,2259,1257928,151424,
63,28125,88193,64346824,27867,27867,26411,992,1586,3470,2302,1286917,155636,
64,28720,90055,66769440,28459,28459,26984,1003,1606,3544,2346,1316725,159985,
65,29322,91934,69216237,29058,29058,27567,1010,1623,3618,2390,1347188,164512,
66,29932,93837,71731690,29665,29665,28159,1016,1639,3693,2435,1377786,169230,
67,30551,95774,74257183,30281,30281,28755,1027,1660,3770,2479,1409173,173884,
68,31180,97735,76905652,30907,30907,29360,1031,1682,3848,2523,1440552,178792,
69,31816,99726,79492569,31540,31540,29970,1043,1706,3927,2566,1472291,183782,
70,32593,102084,81928375,32281,32281,30686,1048,1765,4023,2620,1505510,189214,
71,33504,104926,84384338,33160,33160,31518,1110,1842,4136,2708,1530055,197574,
72,34451,107881,86249915,34073,34073,32214,1176,2091,4254,2763,1567133,200372,
73,35404,110804,88187231,34991,34991,33013,1194,2243,4372,2821,1605207,203432,
74,36375,113781,90177424,35925,35925,33825,1213,2400,4493,2881,1644751,207052,
75,37160,116165,92898549,36671,36671,34540,1225,2468,4590,2934,1680316,213113,
76,37943,118542,95465742,37416,37416,35248,1234,2541,4687,2987,1713490,218593,
77,38761,121032,97844000,38194,38194,35968,1251,2637,4788,3040,1749282,223239,
78,39600,123582,100262396,38994,38994,36698,1260,2744,4892,3093,1786049,228037,
79,40450,126164,102703386,39802,39802,37439,1273,2851,4997,3146,1823330,232944,
80,41308,128755,105143245,40608,40608,38182,1290,2964,5103,3198,1861241,237782,
81,42173,131350,107662604,41412,41412,38932,1307,3077,5210,3251,1899648,242698,
82,43055,134000,110213822,42235,42235,39694,1322,3195,5319,3305,1938943,248085,
83,44077,137107,112355674,43195,43195,40582,1362,3327,5446,3366,1949058,254820,
84,45108,140258,113509633,44161,44161,41224,1424,3714,5574,3405,1985976,257042,
85,46138,143368,114303219,45122,45122,42063,1456,3903,5702,3446,2029312,259061,
86,47168,146475,115210983,46083,46083,42923,1485,4071,5830,3488,2073599,261646,
87,48199,149586,116261365,47046,47046,43803,1513,4220,5958,3530,2118798,264709,
88,49230,152696,117481429,48006,48006,44665,1546,4387,6086,3572,2164639,267947,
89,50261,155796,118800364,48964,48964,45553,1573,4528,6214,3615,2210007,271790,
90,51292,158893,120260996,49922,49922,46449,1597,4661,6342,3658,2255958,275884,
91,52323,161981,121857269,50878,50878,47342,1616,4797,6470,3701,2302493,280002,
92,53391,165189,123980317,51875,51875,48254,1631,4951,6603,3748,2345808,285411,
93,54459,168403,125805459,52871,52871,49156,1654,5115,6736,3791,2392354,289774,
94,55527,171620,127776811,53869,53869,50052,1676,5285,6869,3834,2439223,294178,
95,56595,174831,129916960,54862,54862,50953,1702,5450,7002,3877,2486138,298709,
96,57663,178034,132174073,55853,55853,51858,1724,5611,7135,3920,2532398,303510,
97,58731,181224,134552689,56839,56839,52773,1743,5762,7268,3963,2579768,308248,
98,59799,184420,137087696,57826,57826,53678,1766,5923,7401,4006,2627322,312974,
99,60868,187603,139861584,58809,58809,54592,1783,6076,7534,4049,2674392,318121,
100,61942,190793,142970750,59794,59794,55508,1798,6232,7667,4096,2718777,324627,
101,63016,193985,145761331,60775,60775,56417,1823,6395,7800,4139,2765283,329393,
102,64090,197173,148735643,61756,61756,57336,1844,6548,7933,4182,2812555,334667,
103,65164,200360,151868506,62736,62736,58250,1866,6706,8066,4225,2860207,339837,
104,66238,203548,155087365,63716,63716,59168,1889,6860,8199,4268,2907653,345069,
105,67312,206736,158438471,64696,64696,60087,1912,7013,8332,4311,2955705,350218,
106,68386,209922,161931518,65676,65676,61013,1933,7159,8465,4354,3002917,355465,
107,69460,213111,165544300,66656,66656,61930,1957,7314,8598,4397,3051181,360599,
108,70534,216304,169317283,67636,67636,62843,1985,7473,8731,4440,3099358,365961,
109,71627,219552,173539196,68637,68637,63778,2004,7629,8867,4488,3144725,373008,
110,72720,222807,177450330,69638,69638,64708,2030,7790,9003,4532,3192546,378335,
111,73813,226060,181422944,70638,70638,65638,2056,7951,9139,4576,3240843,383716,
112,74906,229310,185508702,71637,71637,66568,2081,8112,9275,4620,3289520,388538,
113,75999,232563,189711215,72636,72636,67491,2109,8280,9411,4664,3337971,393933,
114,77092,235821,194064085,73635,73635,68400,2142,8462,9547,4707,3386345,399054,
115,78186,239078,198280233,74636,74636,69339,2169,8615,9683,4751,3432446,406005,
116,79279,242325,202893343,75635,75635,70279,2191,8766,9819,4795,3480672,411420,
117,80400,245653,208475186,76661,76661,71244,2209,8920,9958,4852,3530557,421378,
118,81521,248991,213193717,77687,77687,72181,2237,9102,10097,4896,3578892,426832,
119,82642,252331,218044102,78714,78714,73130,2265,9272,10236,4940,3627772,432299,
120,83763,255669,222989863,79740,79740,74069,2293,9452,10375,4984,3676933,437827,
121,84884,258992,228048704,80760,80760,75011,2318,9629,10514,5028,3725748,443341,
122,86005,262318,233174989,81782,81782,75945,2342,9814,10653,5072,3775019,448707,
123,87126,265645,238486390,82804,82804,76888,2367,9990,10792,5116,3824189,454663,
124,88248,268980,243966864,83826,83826,77827,2399,10171,10931,5160,3873489,460215,
125,89380,272339,250244798,84860,84860,78795,2419,10333,11072,5215,3923510,469553,
126,90512,275705,255755856,85892,85892,79734,2450,10524,11213,5259,3972315,475297,
127,91644,279075,261403646,86924,86924,80681,2485,10707,11354,5304,4022126,481089,
128,92776,282436,267097093,87953,87953,81638,2517,10880,11495,5349,4071561,486822,
129,93908,285794,272948942,88981,88981,82598,2548,11050,11636,5394,4120990,492959,
130,95040,289146,278907281,90007,90007,83561,2577,11217,11777,5439,4170800,498645,
131,96172,292482,285003551,91028,91028,84522,2600,11386,11918,5484,4220966,503955,
132,97304,295824,291233235,92049,92049,85474,2629,11564,12059,5529,4270712,509946,
133,98451,299222,298331640,93087,93087,86451,2663,11732,12202,5586,4322050,519758,
134,99598,302622,304595767,94125,94125,87410,2699,11918,12345,5631,4371796,525795,
135,100745,306014,310926174,95161,95161,88378,2731,12095,12488,5676,4421755,531723,
136,101892,309415,317411897,96197,96197,89332,2772,12286,12631,5721,4472130,537309,
137,103040,312824,324031271,97236,97236,90298,2814,12466,12774,5766,4522688,543220,
138,104187,316227,330762850,98272,98272,91257,2857,12652,12917,5811,4573198,549172,
139,105334,319625,337621186,99309,99309,92220,2893,12834,13060,5856,4623353,555200,
140,106481,323030,344488161,100345,100345,93175,2938,13024,13203,5901,4673898,560640,
141,107628,326432,351628297,101382,101382,94141,2978,13203,13346,5946,4724145,567085,
142,108784,329867,359435212,102429,102429,95114,3021,13384,13490,6002,4775376,576323,
143,109940,333301,366603010,103477,103477,96092,3061,13560,13634,6048,4825324,582772,
144,111096,336729,373842342,104523,104523,97073,3099,13733,13778,6094,4875840,588815,
145,112252,340153,381168293,105569,105569,98049,3133,13911,13922,6139,4926556,594985,
146,113408,343583,388627317,106615,106615,99029,3173,14085,14066,6184,4977370,601139,
147,114564,347006,396188550,107660,107660,100014,3208,14254,14210,6229,5028123,607137,
148,115720,350432,403846107,108704,108704,100999,3248,14423,14354,6274,5078850,613669,
149,116876,353860,411592025,109750,109750,101973,3286,14603,14498,6319,5129404,619994,
150,118032,357273,419435112,110792,110792,102950,3317,14780,14642,6364,5178944,626623,
151,119233,360842,428088507,111883,111883,103969,3356,14960,14791,6423,5231203,636385,
152,120434,364403,435963617,112973,112973,104951,3389,15177,14940,6469,5281583,642961,
153,121635,367961,443775438,114063,114063,105944,3419,15383,15089,6515,5332153,649525,
154,122836,371526,451722930,115153,115153,106932,3456,15594,15238,6561,5383611,655267,
155,124037,375084,459833721,116243,116243,107922,3486,15803,15387,6607,5434848,661684,
156,125238,378643,468054034,117330,117330,108906,3523,16018,15536,6653,5486292,668065,
157,126439,382195,476286772,118416,118416,109897,3555,16226,15685,6699,5537633,674513,
158,127640,385753,484685942,119504,119504,110886,3589,16436,15834,6745,5588729,680800,
159,128885,389444,493906818,120636,120636,111936,3618,16629,15989,6805,5641375,691025,
160,130130,393130,502289850,121763,121763,112931,3652,16877,16144,6851,5692748,697302,
161,131375,396822,510744407,122894,122894,113935,3684,17116,16299,6897,5744595,703234,
162,132620,400516,519203662,124025,124025,114937,3718,17357,16454,6943,5796145,709611,
163,133865,404205,527843987,125153,125153,115948,3753,17589,16609,6989,5847883,715909,
164,135110,407898,536626680,126283,126283,116956,3788,17824,16764,7035,5900165,722034,
165,136355,411586,545474580,127409,127409,117936,3826,18087,16919,7081,5952806,727694,
166,137600,415268,554496911,128535,128535,118948,3858,18318,17074,7127,6005018,733940,
167,138845,418945,563601806,129657,129657,119952,3893,18557,17229,7173,6056855,740475,
168,140147,423216,573482298,130838,130838,121012,4340,18797,17391,7234,6110962,750538,
169,141449,427055,582517039,132011,132011,122032,4371,19077,17553,7281,6162740,757185,
170,142751,430897,591591237,133179,133179,123045,4415,19364,17715,7328,6215267,763322,
171,144054,434736,600751911,134347,134347,124070,4455,19640,17877,7375,6267883,769787,
172,145357,438571,609931481,135515,135515,125086,4491,19925,18039,7422,6320847,775638,
173,146659,442406,619261765,136681,136681,126101,4532,20210,18201,7469,6373759,781509,
174,147962,446247,628851632,137847,137847,127115,4578,20497,18363,7516,6426471,788035,
175,149265,450092,638486009,139013,139013,128134,4628,20779,18525,7563,6478878,794423,
176,150584,453972,648874510,140193,140193,129184,4667,21046,18689,7622,6533366,804308,
177,151903,457865,658464285,141373,141373,130199,4719,21348,18853,7669,6586178,810184,
178,153222,461745,668125911,142547,142547,131226,4770,21638,19017,7716,6638868,816990,
179,154541,465609,677887860,143714,143714,132256,4819,21925,19181,7763,6692180,823448,
180,155861,469475,687797580,144881,144881,133291,4869,22208,19345,7810,6745310,830210,
181,157180,473337,697721776,146043,146043,134320,4926,22496,19509,7857,6798697,836360,
182,158499,477196,707804095,147203,147203,135341,4984,22792,19673,7904,6852261,842627,
183,159819,481055,717895106,148363,148363,136354,5041,23097,19837,7951,6905981,848415,
184,161139,484898,728262270,149519,149519,137383,5090,23386,20001,7998,6958677,855887,
185,162471,488768,739234759,150690,150690,138441,5122,23658,20167,8058,7011998,866424,
186,163803,492653,749434032,151861,151861,139471,5169,23958,20333,8105,7064910,872704,
187,165135,496536,759736918,153032,153032,140516,5214,24243,20499,8153,7118616,878949,
188,166467,500411,770133850,154200,154200,141561,5257,24528,20665,8201,7172175,885756,
189,167799,504274,780641684,155363,155363,142606,5298,24813,20831,8249,7225274,892265,
190,169131,508130,791279628,156521,156521,143649,5342,25100,20997,8296,7279139,899054,
191,170463,511985,801959360,157678,157678,144696,5387,25383,21163,8344,7333274,905260,
192,171795,515836,812782552,158833,158833,145742,5432,25667,21329,8392,7387249,911822,
193,173127,519675,823827927,159982,159982,146788,5477,25951,21495,8440,7440881,918919,
194,174465,523514,835098222,161134,161134,147861,5510,26214,21661,8499,7494344,929888,
195,175801,527351,845872562,162282,162282,148913,5551,26496,21827,8547,7547460,936483,
196,177137,531185,856749491,163429,163429,149970,5591,26773,21993,8595,7601125,943026,
197,178474,535013,867745587,164578,164578,151056,5620,27022,22159,8644,7654022,950217,
198,179810,538840,878749956,165722,165722,152113,5659,27299,22325,8692,7708258,956264,
199,181146,542665,889858546,166868,166868,153153,5692,27593,22491,8740,7762397,962972,
200,182482,546499,901051381,168014,168014,154196,5734,27884,22657,8788,7816421,969646,
201,183818,550333,912437241,169159,169159,155240,5778,28174,22823,8835,7870094,976536,
202,185174,554230,924513596,170330,170330,156324,5810,28444,22992,8895,7925393,987012,
203,186530,558134,935634772,171498,171498,157372,5855,28750,23161,8943,7978576,993475,
204,187886,562040,946958595,172668,172668,158439,5898,29037,23330,8991,8032688,1000180,
205,189242,565944,958348423,173836,173836,159496,5943,29334,23499,9039,8086900,1006951,
206,190598,569857,969863342,175004,175004,160546,5997,29638,23668,9087,8141513,1013794,
207,191954,573763,981439997,176171,176171,161602,6046,29936,23837,9135,8196356,1020160,
208,193310,577670,993076488,177339,177339,162667,6094,30225,24006,9183,8250477,1026667,
209,194667,581582,1004959783,178509,178509,163741,6142,30506,24175,9231,8304891,1033410,
