Backup ID, Logical chunk num, Unique chunk num, Base chunk num, Delta chunk num, Logical chunk size, Unique chunk size, Base chunk size, Delta chunk size, LZ4_save size, Delta_save size, 
0,349658,181563,76017,105546,2869463040,1586581660,334488027,89112901,311485656,851495076
1,700527,225166,84602,140564,5748879360,2005085802,371003801,122042742,343374261,1168664998
2,1048641,266111,89276,176835,8606402560,2401076896,389281851,158321479,360815944,1492657622
3,1400928,309641,99535,210106,11506227200,2823542516,434707093,195613572,394723801,1798498050
4,1749773,350273,104224,246049,14379182080,3221877633,452951278,232523229,412224775,2124178351
5,2102412,391624,108595,283029,17284945920,3626123370,469795947,259895435,428743716,2467688272
6,2454706,434179,112750,321429,20191088640,4041790630,485387996,300959338,444167928,2811275368
7,2812109,475940,121672,354268,23129180160,4435403046,521027239,332687733,475609445,3106078629
8,3167314,516183,125950,390233,26049710080,4815972298,538501866,375116046,491769036,3410585350
9,3522400,556670,130063,426607,28969748480,5198324110,554983510,402813830,507169481,3733357289
10,3874982,595347,133060,462287,31867842560,5565605388,567265485,429633940,518570101,4050135862
11,4227381,634533,136793,497740,34764001280,5937267741,583619098,456403358,533287832,4363957453
12,4585507,676861,141083,535778,37705349120,6332317969,600830573,505516476,548544939,4677425981
13,4940662,717180,144462,572718,40626268160,6713959396,614555355,524465833,561376242,5013561966
14,5298219,756126,147363,608763,43568435200,7082753289,626568132,549359314,572253329,5334572514
15,5655036,794396,149782,644614,46505267200,7445443641,636565613,589402278,581533709,5637942041
16,6017260,834554,153713,680841,49483950080,7823476615,650584111,624972071,595299291,5952621142
17,6381829,874758,157355,717403,52483553280,8201432140,664498290,655841832,608569272,6272522746
18,6746630,914145,161847,752298,55485675520,8572341154,680989210,686306674,623527022,6581518248
19,7108426,954067,165070,788997,58467983360,8948973987,693678661,725289948,635465399,6894539979
20,7464498,993174,167959,825215,61400565760,9319044274,705012376,740820872,646118841,7227092185
21,7815621,1032218,171057,861161,64291246080,9690481972,715967563,783353793,656911074,7534249542
22,8163270,1070694,173695,896999,67153766400,10057353438,727033317,804868203,667336699,7858115219
23,8509462,1109121,176220,932901,70005688320,10423757412,737237353,807039729,677228097,8202252233
24,8857126,1147034,178398,968636,72872611840,10785938053,746307116,876930063,685453730,8477247144
25,9205823,1184724,181778,1002946,75747768320,11145427019,757491681,869030437,695860291,8823044610
26,9553238,1223126,184412,1038714,78613667840,11511966758,768925955,913652476,706398602,9122989725
27,9900471,1260887,186646,1074241,81478348800,11872768927,778119533,960644053,715175810,9418829531
28,10248239,1299161,188900,1110261,84350238720,12237946237,787102298,992687073,723806186,9734350680
29,10596588,1337206,191149,1146057,87226378240,12600596594,796050364,1009295296,732616208,10062634726
30,10946481,1375853,193499,1182354,90117150720,12968055455,805534657,1061056220,741727413,10359737165
31,11291923,1413211,196973,1216238,92970352640,13325556050,817666527,1070480655,752726677,10684682191
32,11633491,1450134,198679,1251455,95788369920,13679895037,824887495,1113420940,759381279,10982205323
33,11980449,1491772,201335,1290437,98655385600,14076093037,835462231,1156353006,769191017,11315086783
34,12328874,1532659,204047,1328612,101536942080,14465034928,846056238,1157678813,779290067,11682009810
35,12678852,1573224,207354,1365870,104431165440,14850849290,857981384,1223448393,790817397,11978602116
36,13027926,1613137,210289,1402848,107317770240,15231135114,869403131,1248628726,801454401,12311648856
37,13379379,1652971,213514,1439457,110227466240,15609136396,883160768,1292315819,813969085,12619690724
38,13728163,1691563,215838,1475725,113113917440,15977195134,892273954,1291855650,822549742,12970515788
39,14076885,1730035,218258,1511777,116000757760,16345283035,901798964,1362480761,831633877,13249369433
40,14428208,1769259,222362,1546897,118909593600,16718145370,915493913,1366166552,844803933,13591680972
41,14776888,1807925,226313,1581612,121795717120,17086806716,928705301,1429382836,857203436,13871515143
42,15125521,1846954,228848,1618106,124680949760,17458129194,939119156,1459998345,866963202,14192048491
43,15474430,1885464,231451,1654013,127569377280,17824633621,949474200,1506043857,876726833,14492388731
44,15821608,1923538,233703,1689835,130441646080,18187892099,958942480,1502146188,885398239,14841405192
45,16170670,1961503,235717,1725786,133332664320,18550291606,967333819,1565200807,893296210,15124460770
46,16521828,1999608,237883,1761725,136244039680,18912830265,975889959,1577615272,901614935,15457710099
47,16873063,2038050,240447,1797603,139155404800,19278065298,985832463,1627136292,911413090,15753683453
48,17225102,2076957,242864,1834093,142071173120,19646653058,995201082,1665053991,920611426,16065786559
49,17574419,2115318,245041,1870277,144962355200,20012221789,1004112688,1694881855,929109809,16384117437
50,17926301,2154337,247560,1906777,147876433920,20382505558,1014362313,1737892476,938777667,16691473102
51,18271894,2192243,249848,1942395,150738626560,20744929295,1023761798,1766921628,947592970,17006652899
52,18617702,2229865,251800,1978065,153603604480,21104158522,1031894884,1786508589,955182796,17330572253
53,18965640,2267172,253970,2013202,156488765440,21459879139,1041457314,1778991334,963826482,17675604009
54,19314713,2305354,256118,2049236,159383644160,21823151729,1050219689,1865614368,972291175,17935026497
55,19663418,2344057,258583,2085474,162274867200,22191381180,1060372732,1884177303,981916033,18264915112
56,20013675,2383448,261028,2122420,165181665280,22565614286,1070279070,1925931788,991562579,18577840849
57,20362245,2421236,262940,2158296,168073625600,22926259665,1077922452,1920291239,998913418,18929132556
58,20711122,2460140,265196,2194944,170970521600,23297321455,1087117845,1996563764,1007796525,19205843321
59,21060301,2497568,267427,2230141,173870110720,23653978445,1096312317,1959908464,1016431231,19581326433
60,21409582,2535174,269174,2266000,176770754560,24012391341,1103367734,2055718856,1023233216,19830071535
61,21758839,2573456,271540,2301916,179671726080,24376710915,1112850954,2020871584,1032324181,20210664196
62,22110179,2612534,275696,2336838,182588170240,24746247844,1127179100,2096196362,1045850402,20477021980
63,22458283,2651107,277870,2373237,185476454400,25113522953,1135882703,2118077149,1054455446,20805107655
64,22807536,2689545,281499,2408046,188373995520,25479224907,1148281747,2155510032,1065944216,21109488912
65,23153242,2727239,283238,2444001,191239946240,25840016130,1155571109,2171830439,1072872831,21439741751
66,23501375,2764639,284821,2479818,194128947200,26197711913,1162268819,2258954734,1079221345,21697267015
67,23849800,2802055,286423,2515632,197020743680,26555483219,1168766820,2180215841,1085412511,22121088047
68,24197521,2840113,288463,2551650,199907051520,26919495546,1177328618,2236727877,1093464391,22411974660
69,24546857,2878491,290474,2588017,202809763840,27285992635,1185611231,2241764401,1101784131,22756832872
70,24897909,2916854,292495,2624359,205728215040,27651087447,1194207853,2306424194,1109999142,23040456258
71,25251386,2955664,294728,2660936,208668569600,28019890005,1203282331,2363569927,1118712966,23334324781
72,25602695,2993999,298119,2695880,211589539840,28385267946,1214780538,2395415689,1129234870,23645836849
73,25952879,3031642,299995,2731647,214500464640,28744357655,1222376789,2409950657,1136339119,23975691090
74,26306780,3069665,302063,2767602,217447301120,29106010902,1230995543,2416160234,1144396591,24314458534
75,26661969,3108343,306058,2802285,220407265280,29473586437,1244192218,2525297380,1156945086,24547151753
76,27016854,3147052,308150,2838902,223364904960,29841213287,1252698686,2493060627,1165267783,24930186191
77,27372834,3185939,310188,2875751,226333276160,30210618529,1261237530,2572498628,1173549671,25203332700
78,27727488,3224888,312336,2912552,229288622080,30580456393,1269808060,2594917438,1181946800,25533784095
79,28083712,3263563,314482,2949081,232259921920,30947402258,1277967554,2589863231,1190148492,25889422981
80,28435875,3301590,316383,2985207,235194050560,31309801095,1285279704,2659839074,1197359157,26167323160
81,28788926,3339470,318056,3021414,238136698880,31670932755,1292254885,2662130276,1204012206,26512535388
82,29143842,3378802,322333,3056469,241094256640,32043527381,1306803547,2727593891,1216905156,26792224787
83,29499437,3417432,324390,3093042,244057620480,32411265351,1315357673,2744615158,1225201977,27126090543
84,29855034,3456001,326412,3129589,247020236800,32778427332,1323662129,2752744752,1233248944,27468771507
