Backup ID, FPindex, SFindex, Deltaindex
0,14525040,13357824,3681408
1,18013280,14868672,4973984
2,21288880,15690176,6255776
3,24771280,17536640,7358048
4,28021840,18308224,8676288
5,31329920,19053248,9926304
6,34734320,19780736,11203168
7,38075200,21187776,12302432
8,41294640,21933632,13570048
9,44533600,22615104,14799424
10,47627760,23111296,15997920
11,50762640,23677120,17182656
12,54148880,24385216,18451456
13,57374400,24952768,19682304
14,60490080,25392832,20882144
15,63551680,25770624,22075296
16,66764320,26261696,23287680
17,69980640,26807680,24509280
18,73131600,27302656,25676352
19,76325360,27776832,26895424
20,79453920,28233664,28100928
21,82577440,28654208,29291872
22,85655520,29112384,30479200
23,88729680,29540096,31668064
24,91762720,29870464,32850720
25,94777920,30163840,33981024
26,97850080,30544512,35162336
27,100870960,30895360,36332768
28,103932880,31240128,37519904
29,106976480,31568448,38697696
30,110068240,31923456,39896704
31,113056880,32226880,41014880
32,116010720,32491456,42169696
33,119341760,32907712,43469664
34,122612720,33331200,44734304
35,125857920,33721344,45978880
36,129050960,34146944,47214784
37,132237680,34691520,48435936
38,135325040,35074560,49642112
39,138402800,35459008,50838112
40,141540720,35873984,52003424
41,144634000,36278592,53157280
42,147756320,36678400,54367008
43,150837120,37060224,55556832
44,153883040,37419392,56744608
45,156920240,37723456,57934144
46,159968640,38049408,59118880
47,163044000,38454272,60306784
48,166156560,38827328,61512064
49,169225440,39164032,62710752
50,172346960,39566336,63920192
51,175379440,39914752,65097024
52,178389200,40204224,66275904
53,181373760,40527488,67437408
54,184428320,40852416,68622336
55,187524560,41249984,69813824
56,190675840,41631360,71028768
57,193698880,41924800,72210432
58,196811200,42279872,73414848
59,199805440,42585728,74579616
60,202813920,42844736,75757280
61,205876480,43165440,76937216
62,209002720,43581504,78094752
63,212088560,43916160,79290880
64,215163600,44261056,80435936
65,218179120,44533504,81614976
66,221171120,44771968,82790112
67,224164400,45016320,83963328
68,227209040,45321216,85145440
69,230279280,45626944,86336800
70,233348320,45931776,87528800
71,236453120,46286976,88730848
72,239519920,46573440,89879104
73,242531360,46860736,91052832
74,245573200,47162944,92232640
75,248667440,47477632,93376384
76,251764160,47811904,94580160
77,254875120,48135168,95787712
78,257991040,48487104,96995904
79,261085040,48825152,98195936
80,264127200,49090560,99381376
81,267157600,49349056,100568960
82,270304160,49682112,101724512
83,273394560,50033408,102926240
84,276480080,50363264,104125632
