Backup ID, Online Delta_save, Offline Delta_save, Offline delta time, Offline dedelta time, Offline delete time, Offline Delta chunk num
0,42530751,808964325,105158,5012,207,100146
1,158674906,1009990092,176862,54263,411,122599
2,390851683,1101805939,260024,126527,620,133497
3,594571382,1203926668,374153,228853,870,145300
4,802862228,1321316123,512221,353356,1133,158865
5,1051271125,1416417147,655739,486731,1401,169008
6,1299184376,1512090992,820152,639303,1707,180849
7,1474819960,1631258669,986742,792627,2047,194115
8,1694728143,1715857207,1164972,959919,2395,205053
9,1895333592,1838023697,1368334,1149872,2785,218462
10,2110454008,1939681854,1567378,1337854,3156,229524
11,2330176574,2033780879,1787663,1547657,3587,240006
12,2513315884,2164110097,2032655,1775850,4049,256805
13,2724178717,2289383249,2285653,2016022,4525,269631
14,2918695314,2415877200,2562002,2278809,4999,283193
15,3125846156,2512095885,2831063,2535733,5473,295330
16,3249848547,2702772595,3143662,2826893,6060,316769
17,3417460949,2855061797,3438420,3104786,6650,333634
18,3560338354,3021179894,3770472,3418183,7241,352289
19,3723881383,3170658596,4087415,3717529,7864,369886
20,3854925148,3372167037,4453794,4063161,8549,390633
21,3991921013,3542328529,4784651,4374106,9230,410545
22,4136979077,3721136142,5166029,4736648,9933,429381
23,4350000667,3852251566,5532473,5091373,10609,441100
24,4540231765,3937015379,5922168,5466945,11326,455223
25,4730853208,4092191402,6303631,5835186,12012,468445
26,4955417684,4167572041,6704877,6225996,12756,478881
27,5131261034,4287568497,7155354,6661212,13530,494142
28,5310856595,4423494085,7607753,7098159,14376,509594
29,5494781687,4567853039,8036737,7512499,15209,524238
30,5657320247,4702416918,8534167,7992382,16108,541785
31,5829989697,4854692494,8970301,8413705,16944,556596
32,6016574480,4965630843,9420419,8850036,17760,570383
33,6177020305,5138066478,9924118,9333282,18844,590836
34,6334965716,5347044094,10437991,9827220,19898,610771
35,6452845267,5525756849,10995092,10360808,21034,634284
36,6572787289,5738861567,11519801,10862848,22111,656953
37,6713789023,5905901701,12083451,11406350,23221,677101
38,6859204942,6111310846,12700845,12004567,24341,696278
39,7019514654,6229854779,13251538,12537572,25409,713966
40,7170288595,6421392377,13821528,13089207,26538,732321
41,7342759604,6528755539,14352386,13604272,27585,748114
42,7515842467,6676206024,14917660,14153047,28692,764613
43,7655844343,6836544388,15514657,14730570,29802,784087
44,7814918573,7026486619,16092643,15291237,30938,801406
45,7977446706,7147014064,16710522,15892053,32057,818469
46,8140533342,7317176757,17289945,16454538,33165,835407
47,8310946413,7442737040,17881743,17030175,34273,851568
48,8474238333,7591548226,18488627,17619485,35483,869142
49,8625272311,7758845126,19117169,18229349,36669,887820
50,8809921534,7881551568,19711920,18808980,37824,902940
51,8977114197,8029538702,20383718,19464283,38932,919435
52,9134505630,8196066623,21082012,20145127,40118,936885
53,9332734079,8342869930,21722801,20773568,41135,949233
54,9499832965,8435193532,22432686,21466674,42243,966012
55,9695428791,8569486321,23116489,22136595,43376,979894
56,9867230045,8710610804,23852660,22855702,44527,996958
57,10059508431,8869624125,24564070,23553256,45589,1010814
58,10240607842,8965235479,25331863,24305292,46781,1026571
59,10428239195,9153087238,26050557,25010279,47936,1040278
60,10610507171,9219564364,26822096,25766816,49086,1055280
61,10775644990,9435019206,27601235,26529103,50273,1072132
62,10939873550,9537148430,28404893,27315928,51495,1088965
63,11103864999,9701242656,29229035,28122568,52696,1106467
64,11273582468,9835906444,30057666,28935166,53924,1122500
65,11477837133,9961904618,30839248,29704173,55089,1135075
66,11688450453,10008816562,31664274,30517300,56268,1146974
67,11879543285,10241544762,32505834,31345044,57503,1160790
68,12067390490,10344584170,33373147,32197620,58687,1175527
69,12241971161,10514861711,34270503,33078662,59974,1191841
70,12434364421,10606091837,35098195,33891994,61249,1206201
71,12629575621,10704749160,35936385,34715793,62558,1220592
72,12802751122,10843085727,36827201,35590867,63883,1236334
73,12997071935,10978619155,37680279,36430455,65154,1249824
74,13177277111,11137181423,38588436,37323456,66520,1264980
75,13307522906,11239628847,39533170,38248027,68013,1285143
76,13447328838,11482857353,40493303,39188092,69376,1305211
77,13624715414,11578617286,41421105,40099443,70661,1321662
78,13813654733,11720129362,42340354,41003626,72028,1336728
79,14001941754,11887481227,43156059,41804483,73320,1351576
80,14178958731,11988364429,44106523,42739204,74648,1367319
81,14353592873,12158942515,45035035,43651609,76028,1383426
82,14474768110,12317456677,45957217,44552239,77615,1404978
83,14617135316,12508955227,47016621,45591902,79084,1424719
84,14832303006,12636468501,47828776,46391908,80391,1436868
