BackupID, OnlineSpeed(MB/s), Encalve ProcessTime(s), BackupSize, OnlineSize, OfflineSize, OfflineTime(s)
0, 151.152, 18.1045, 2869463040, 816840872, 423600928, 196.436
1, 241.033, 11.3927, 2879416320, 600061831, 493046543, 83.6618
2, 259.541, 10.4999, 2857523200, 594497679, 547603330, 78.3746
3, 223.454, 12.3761, 2899824640, 681724117, 630320665, 100.775
4, 241.18, 11.3603, 2872954880, 746594533, 685474507, 118.767
5, 247.505, 11.1964, 2905763840, 783505779, 729691382, 121.244
6, 237.969, 11.6465, 2906142720, 832450140, 786347334, 136.448
7, 218.569, 12.8197, 2938091520, 916870965, 853714972, 136.438
8, 239.693, 11.62, 2920529920, 953287147, 913617912, 145.628
9, 238.723, 11.6652, 2920038400, 1024276964, 957797340, 164.363
10, 240.791, 11.4782, 2898094080, 1053525627, 996899425, 157.993
11, 232.33, 11.8882, 2896158720, 1090745570, 1040022456, 169.742
12, 228.529, 12.2745, 2941347840, 1167611114, 1106347049, 192.447
13, 228.321, 12.2004, 2920919040, 1211115712, 1139021188, 195.437
14, 226.381, 12.3945, 2942167040, 1246331493, 1175927446, 211.068
15, 232.689, 12.0366, 2936832000, 1272782481, 1225967891, 206.118
16, 230.357, 12.3317, 2978682880, 1376779542, 1275556182, 241.356
17, 224.989, 12.7146, 2999603200, 1401962216, 1320340122, 225.295
18, 230.939, 12.3974, 3002122240, 1456588269, 1367295884, 251.72
19, 226.15, 12.5764, 2982307840, 1495590480, 1418968609, 243.997
20, 231.468, 12.0826, 2932582400, 1561359733, 1445833248, 282.104
21, 225.293, 12.2364, 2890680320, 1585880330, 1499321356, 255.834
22, 226.983, 12.027, 2862520320, 1632221549, 1531901520, 285.556
23, 219.837, 12.3719, 2851921920, 1627115982, 1544277082, 270.571
24, 225.862, 12.1052, 2866923520, 1649351260, 1623237179, 290.027
25, 225.476, 12.1608, 2875156480, 1727890697, 1626522118, 282.572
26, 223.424, 12.233, 2865899520, 1714570948, 1682578431, 293.534
27, 217.939, 12.5355, 2864680960, 1794984575, 1738763586, 334.691
28, 224.879, 12.1792, 2871889920, 1852243977, 1779789371, 332.025
29, 216.148, 12.6899, 2876139520, 1889047549, 1805345660, 313.013
30, 222.228, 12.4055, 2890772480, 1928656388, 1866590877, 359.542
31, 224.735, 12.1077, 2853201920, 1979134271, 1888147182, 320.04
32, 217.499, 12.3563, 2818017280, 1991435556, 1938308435, 326.823
33, 220.075, 12.424, 2867015680, 2080089929, 1991815237, 370.491
34, 227.326, 12.0887, 2881556480, 2130956372, 2003735051, 378.593
35, 228.867, 12.0601, 2894223360, 2162916748, 2081429777, 407.771
36, 233.997, 11.7646, 2886604800, 2236811926, 2118031857, 393.137
37, 226.955, 12.2267, 2909696000, 2259500111, 2175476587, 416.37
38, 225.538, 12.2052, 2886451200, 2309675631, 2184129604, 455.532
39, 226.378, 12.1615, 2886840320, 2309702378, 2264279725, 403.831
40, 228.301, 12.151, 2908835840, 2397460152, 2281660465, 416.422
41, 223.438, 12.3185, 2886123520, 2400508296, 2358088137, 398.947
42, 225.878, 12.1817, 2885232640, 2478939725, 2399117501, 415.257
43, 226.015, 12.1878, 2888427520, 2536010069, 2455518057, 431.311
44, 221.061, 12.3912, 2872268800, 2579450741, 2461088668, 421.294
45, 227.916, 12.097, 2891018240, 2582565024, 2532534626, 448.395
46, 216.553, 12.8213, 2911375360, 2653901070, 2553505231, 421.792
47, 225.107, 12.3341, 2911365120, 2671656202, 2612968755, 427.208
48, 225.032, 12.3569, 2915768320, 2736955610, 2660255073, 441.566
49, 225.178, 12.2448, 2891182080, 2789891667, 2698994543, 452.656
50, 218.022, 12.7468, 2914078720, 2812543242, 2752254789, 434.283
51, 228.643, 11.9383, 2862192640, 2871515343, 2790683426, 483.334
52, 223.652, 12.2166, 2864977920, 2912742994, 2818403473, 511.731
53, 225.726, 12.1896, 2885160960, 2916582461, 2820448648, 464.556
54, 224.245, 12.3114, 2894878720, 2939310733, 2915834057, 511.644
55, 224.865, 12.2619, 2891223040, 3022361157, 2944550035, 492.241
56, 222.886, 12.4375, 2906798080, 3066639500, 2996210858, 534.575
57, 224.833, 12.2668, 2891960320, 3100624594, 2998213691, 514.449
58, 220.972, 12.5024, 2896896000, 3113423929, 3083681609, 546.761
59, 221.791, 12.4679, 2899589120, 3188327934, 3056220781, 516.446
60, 212.519, 13.0166, 2900643840, 3163732871, 3159086590, 549.525
61, 224.266, 12.3362, 2900971520, 3280020625, 3133722538, 558.936
62, 216.791, 12.8296, 2916444160, 3256402163, 3223375462, 577.011
63, 223.774, 12.3092, 2888284160, 3346143681, 3253959852, 588.493
64, 215.268, 12.8366, 2897541120, 3372148548, 3303791779, 597.763
65, 218.083, 12.5328, 2865950720, 3401536953, 3327401548, 557.343
66, 218.241, 12.6244, 2889000960, 3419406807, 3421223553, 586.273
67, 218.209, 12.6385, 2891796480, 3524645489, 3348982661, 594.411
68, 218.082, 12.6218, 2886307840, 3456545028, 3414056495, 617.982
69, 221.685, 12.4873, 2902712320, 3530102697, 3427375632, 641.683
70, 212.979, 13.0682, 2918451200, 3532229102, 3500632047, 591.858
71, 211.022, 13.2884, 2940354560, 3606647845, 3566852258, 593.299
72, 218.314, 12.7599, 2920970240, 3683121136, 3610196227, 628.379
73, 221.295, 12.5447, 2910924800, 3711955287, 3632327446, 605.724
74, 221.315, 12.6983, 2946836480, 3743798678, 3647155777, 641.496
75, 218.402, 12.925, 2959964160, 3788558852, 3769489598, 665.968
76, 223.564, 12.6166, 2957639680, 3906312930, 3745759313, 678.692
77, 222.147, 12.7432, 2968371200, 3861740346, 3833736158, 659.895
78, 222.712, 12.6551, 2955345920, 3943456315, 3864725498, 662.35
79, 216.941, 13.0619, 2971299840, 3974058005, 3867830785, 583.675
80, 219.68, 12.7377, 2934128640, 3981218896, 3945118778, 680.87
81, 217.049, 12.9295, 2942648320, 4059061374, 3954385161, 652.636
82, 222.218, 12.6927, 2957557760, 4104422450, 4034397438, 651.504
83, 222.732, 12.6883, 2963363840, 4169125312, 4059972831, 745.696
84, 217.611, 12.9836, 2962616320, 4154184141, 4076406881, 578.907
