Backup ID, Ecall, Inline_Ocall, Offline_Ocall, _Inline_FPOcall, _Inline_SFOcall, _Inline_LocalOcall, _Inline_LoadOcall, _Inline_DeltaOcall, _Inline_RecipeOcall, _Inline_Write_ContainerOcall, _inline_have_similar_chunk_num, _inline_need_load_container_num
0,2734,10994,618439,2732,2732,2431,2457,301,341,208,110110,35786,
1,5478,22259,1088386,5474,5474,3957,5154,1517,683,254,145681,55207,
2,8200,32647,1611946,8194,8194,4617,7043,3577,1022,282,182189,69581,
3,10955,44433,2270428,10947,10947,5491,10226,5456,1366,318,215894,85251,
4,13683,55210,3026014,13673,13673,6358,12485,7315,1706,350,252306,101055,
5,16440,66131,3815704,16428,16428,6961,14797,9467,2050,377,289662,115613,
6,19195,77144,4705631,19181,19181,7652,17207,11529,2394,406,328171,130623,
7,21990,90300,5635894,21974,21974,8580,21635,13394,2743,441,362470,146648,
8,24768,101574,6615969,24750,24750,9292,24235,15458,3089,469,398597,161782,
9,27545,113004,7715551,27525,27525,10173,26994,17352,3435,500,435187,177822,
10,30302,124187,8779792,30280,30280,10907,29568,19373,3779,527,471040,192980,
11,33058,136160,9965764,33034,33034,11618,32935,21416,4123,553,507087,208382,
12,35858,147716,11259879,35832,35832,12691,35748,23141,4472,588,545279,225297,
13,38635,159313,12596052,38607,38607,13542,38674,25065,4818,617,582338,241301,
14,41431,171315,14005409,41401,41401,14469,41945,26932,5167,646,618713,257462,
15,44221,183002,15411480,44189,44189,15294,44920,28895,5515,672,654761,273147,
16,47053,195119,17043306,47019,47019,16818,48194,30201,5868,711,691502,292068,
17,49904,207496,18640777,49868,49868,18014,51668,31854,6224,745,728548,309731,
18,52757,219776,20326576,52718,52718,19335,55041,33384,6580,781,765270,327940,
19,55586,231948,22026897,55545,55545,20572,58379,34974,6933,815,802278,345835,
20,58370,243742,23938322,58327,58327,22030,61480,36298,7280,852,838661,364400,
21,61116,255408,25756264,61071,61071,23388,64572,37684,7622,889,874760,382294,
22,63835,267022,27734321,63787,63787,24703,67698,39086,7961,925,910712,399995,
23,66542,278772,29678471,66492,66492,25475,70995,41019,8299,952,946740,415310,
24,69261,290543,31716883,69209,69209,26430,74276,42781,8638,980,982645,431420,
25,71988,302201,33701213,71934,71934,27320,77419,44616,8978,1009,1018578,447299,
26,74705,314232,35846336,74649,74649,27980,80966,46671,9317,1034,1054773,462256,
27,77420,326274,38137983,77362,77362,29004,84530,48360,9656,1064,1090435,478688,
28,80139,337932,40506719,80079,80079,30020,87698,50061,9995,1095,1126598,495031,
29,82863,350046,42806065,82801,82801,31017,91306,51786,10335,1125,1162703,511340,
30,85599,361870,45361725,85535,85535,32212,94587,53325,10676,1158,1199068,528585,
31,88300,373441,47698332,88234,88234,33229,97724,55007,11013,1188,1234631,544813,
32,90971,385015,50037808,90903,90903,34159,100958,56746,11346,1217,1269935,560566,
33,93684,396448,52724012,93614,93614,35439,103920,58177,11684,1255,1308989,578436,
34,96409,407814,55448706,96337,96337,36721,106777,59618,12024,1292,1347253,596189,
35,99146,419149,58397224,99072,99072,38320,109566,60754,12365,1334,1384683,615330,
36,101876,430399,61210953,101800,101800,39859,112292,61943,12705,1375,1421807,634211,
37,104624,441972,64175971,104546,104546,41230,115284,63318,13048,1413,1458656,652345,
38,107351,453397,67358544,107271,107271,42551,118194,64722,13388,1449,1494992,670013,
39,110078,464998,70302438,109996,109996,43773,121280,66225,13728,1483,1531164,687327,
40,112825,476610,73332751,112741,112741,45036,124314,67707,14071,1519,1567929,704870,
41,115552,488143,76209820,115466,115466,46082,127332,69386,14411,1551,1604250,721500,
42,118278,499834,79220220,118190,118190,47140,130511,71052,14751,1584,1640915,738322,
43,121006,511310,82345438,120916,120916,48493,133469,72425,15091,1620,1676917,756268,
44,123721,522985,85422486,123629,123629,49704,136666,73927,15430,1653,1712843,773544,
45,126451,534618,88628838,126357,126357,50887,139775,75472,15770,1685,1748876,790622,
46,129197,546472,91708834,129101,129101,52075,143055,77028,16112,1717,1785003,807860,
47,131944,558447,94838448,131846,131846,53202,146452,78646,16455,1748,1821024,824850,
48,134697,570146,98085408,134597,134597,54426,149555,80173,16798,1781,1857603,842250,
49,137429,581708,101384271,137327,137327,55686,152586,81643,17139,1816,1893868,859835,
50,140181,593733,104605382,140077,140077,56676,156018,83403,17482,1847,1930505,876429,
51,142883,605206,108070211,142777,142777,57761,159054,85018,17819,1879,1966267,893135,
52,145587,616904,111653275,145479,145479,58988,162309,86493,18156,1912,2002018,910492,
53,148308,628657,114985981,148198,148198,59801,165566,88399,18495,1939,2037381,925833,
54,151038,640513,118580906,150926,150926,60942,168898,89986,18835,1971,2073521,942723,
55,153765,652084,122151052,153651,153651,61852,171954,91801,19175,2000,2109857,958763,
56,156504,663882,125863179,156388,156388,62969,175199,93421,19517,2032,2146906,975783,
57,159230,675520,129472911,159112,159112,63872,178325,95242,19857,2060,2182888,991706,
58,161958,687439,133359163,161838,161838,64894,181726,96946,20197,2092,2219613,1008391,
59,164688,699521,137077049,164566,164566,65832,185284,98736,20537,2121,2255055,1024433,
60,167419,711777,140954044,167295,167295,66881,189012,100416,20878,2150,2291024,1041174,
61,170150,723666,144875620,170024,170024,68009,192373,102017,21219,2182,2327228,1058299,
62,172897,735789,148905210,172769,172769,69137,195918,103634,21562,2215,2363779,1075324,
63,175619,747510,153017462,175489,175489,70305,199140,105186,21901,2248,2400239,1092350,
64,178350,759593,157154384,178218,178218,71374,202695,106846,22242,2280,2436615,1109127,
65,181053,771482,161115985,180919,180919,72193,206144,108728,22579,2307,2472663,1124685,
66,183775,783467,165242809,183639,183639,72972,209630,110669,22918,2332,2508598,1140053,
67,186500,795508,169454368,186362,186362,73900,213162,112464,23258,2360,2544489,1156094,
68,189219,807498,173735502,189079,189079,74857,216662,114224,23597,2390,2580647,1172430,
69,191951,819434,178156505,191809,191809,75941,220067,115870,23938,2421,2617098,1189208,
70,194696,831785,182366333,194552,194552,76936,223847,117618,24280,2450,2653594,1205766,
71,197460,843989,186626803,197314,197314,77879,227420,119437,24625,2479,2690282,1222128,
72,200207,856078,191051697,200059,200059,78931,230931,121130,24968,2510,2726783,1238810,
73,202945,868172,195370126,202795,202795,79851,234476,122946,25309,2538,2762706,1254892,
74,205712,880340,199901077,205560,205560,80857,238004,124705,25654,2568,2798811,1271386,
75,208489,892594,204623486,208335,208335,82259,241587,126078,26000,2605,2835112,1289831,
76,211264,904681,209344668,211108,211108,83630,245009,127480,26346,2642,2871807,1308086,
77,214048,916839,213929836,213890,213890,84741,248474,129151,26693,2673,2908767,1325322,
78,216821,928897,218567892,216661,216661,85758,251873,130905,27039,2703,2945650,1342094,
79,219606,941248,222773308,219444,219444,86756,255528,132690,27386,2733,2982269,1358829,
80,222360,953373,227489479,222196,222196,87817,259054,134381,27729,2764,3018517,1375739,
81,225121,965644,232125402,224955,224955,88939,262704,136018,28073,2794,3054822,1392767,
82,227896,977534,236855455,227728,227728,90418,265929,137312,28419,2833,3091532,1411478,
83,230677,989553,242007438,230507,230507,91801,269264,138708,28766,2869,3128172,1429760,
84,233458,1001840,246273270,233286,233286,92629,272867,140659,29113,2895,3164820,1445726,
