Backup ID, Logical chunk num, Unique chunk num, Base chunk num, Delta chunk num, Logical chunk size, Unique chunk size, Base chunk size, Delta chunk size, LZ4_save size, Delta_save size, 
0,598076,118229,112986,5243,8588886016,1032135022,619252803,5991604,359451571,47439044
1,1195194,131087,122891,8196,17177772032,1171401480,669768787,11960218,412561578,77110897
2,1791173,149943,138267,11676,25766658048,1368358678,755308190,19018743,482846209,111185536
3,2386184,164814,149948,14866,34355544064,1528865472,815930989,25664676,545093668,142176139
4,2980525,182825,164440,18385,42944430080,1719207135,897397936,32785846,612460507,176562846
5,3572942,204438,182181,22257,51533316096,1951922178,992640589,41624188,705830355,211827046
6,4164755,221561,195602,25959,60122202112,2137587443,1063995391,48063075,776354651,249174326
7,4755932,242885,213119,29766,68711088128,2361052678,1161883708,57827185,858933803,282407982
8,5346585,262903,229096,33807,77299974144,2573569874,1248451524,65996779,939023301,320098270
9,5936829,281759,243970,37789,85888860160,2774054407,1329075738,72992650,1014325663,357660356
10,6526705,307464,265079,42385,94477746176,3045410776,1442217383,83714692,1123710994,395767707
11,7117376,326216,279992,46224,103066632192,3242865686,1524299498,89190327,1196976641,432399220
12,7708121,347836,297428,50408,111655518208,3473193093,1618571254,98398166,1286909811,469313862
13,8299588,374837,319816,55021,120244404224,3759205714,1740734168,106916194,1400414926,511140426
14,8891445,396422,337121,59301,128833290240,3992611430,1834487194,114870028,1491592324,551661884
15,9483489,417887,354273,63614,137422176256,4224877819,1925902988,123263546,1583833521,591877764
16,10077606,443648,375534,68114,146011062272,4498147302,2044635056,136648003,1688324225,628540018
17,10672558,470248,397557,72691,154599948288,4782863934,2164734136,142240637,1802067714,673821447
18,11268152,494813,417622,77191,163188834304,5047681626,2275069355,150391915,1905900802,716319554
19,11865051,517318,436019,81299,171777720320,5289461317,2375261740,160384044,2002156720,751658813
20,12462550,542802,456892,85910,180366606336,5563245113,2488319056,168964639,2112347542,793613876
21,13060779,568100,477455,90645,188955492352,5836765923,2600245369,177300646,2221468970,837750938
22,13661032,598836,503244,95592,197544378368,6163336318,2743748454,188704032,2350542812,880341020
23,14263100,625524,525348,100176,206133264384,6450494513,2864360256,200228354,2466184389,919721514
24,14866184,651870,546916,104954,214722150400,6735758417,2979848401,205100327,2582851373,967958316
25,15472152,686885,576606,110279,223311036416,7109281814,3143766408,224372352,2734618097,1006524957
26,16079762,719004,603770,115234,231899922432,7452798290,3291693445,226329754,2876816962,1057958129
27,16689366,753044,632436,120608,240488808448,7818860463,3448488514,238878390,3027446765,1104046794
28,17301791,788203,662151,126052,249077694464,8196526159,3610874606,255458983,3183709296,1146483274
29,17916474,824183,692660,131523,257666580480,8581486572,3777639074,271551209,3343631558,1188664731
