Backup ID, FPindex, SFindex, Deltaindex
0,9458320,21476160,231104
1,10486960,23374080,380384
2,11995440,26323584,538208
3,13185120,28564352,678304
4,14626000,31342208,833504
5,16355040,34746624,999168
6,17724880,37318016,1161856
7,19430800,40679552,1324128
8,21032240,43741504,1501952
9,22540720,46593984,1675872
10,24597120,50643200,1873472
11,26097280,53502848,2041984
12,27826880,56848064,2226304
13,29986960,61143488,2425344
14,31713760,64463744,2615616
15,33430960,67754496,2809376
16,35491840,71833344,3007040
17,37619840,76059392,3209408
18,39585040,79909248,3409632
19,41385440,83438976,3591904
20,43424160,87443712,3796256
21,45448000,91387840,4010304
22,47906880,96336832,4231584
23,50041920,100576064,4435136
24,52149600,104713792,4648608
25,54950800,110412352,4886208
26,57520320,115625408,5103520
27,60243520,121125888,5344288
28,63056240,126828480,5584960
29,65934640,132683072,5825952
