Backup ID, Online Delta_save, Offline Delta_save, Offline delta time, Offline dedelta time, Offline delete time, Offline Delta chunk num
0,28755347,18683697,3856,1825,77,2031
1,48936121,28174776,7127,4152,150,2975
2,65641937,45543599,12648,7983,257,4665
3,77658699,64517440,19909,13395,385,6514
4,88662006,87900840,29220,20434,541,8786
5,100551528,111275518,40364,29240,722,11124
6,109568534,139605792,53499,39705,919,13794
7,120207470,162200512,66209,49908,1116,16301
8,129426991,190671279,81089,61871,1338,19218
9,139889687,217770669,97314,75318,1579,21996
10,149500389,246267318,115899,90683,1854,25216
11,160544498,271854722,134353,106579,2102,27774
12,172561093,296752769,154447,123936,2379,30511
13,184594150,326546276,176814,143303,2679,33511
14,196684063,354977821,200394,163959,2988,36435
15,209921779,381955985,225469,186272,3311,39197
16,225178963,403361055,252070,210214,3634,41856
17,241155014,432666433,280284,235766,3982,44518
18,255843426,460476128,310343,263016,4350,47327
19,272250051,479408762,340538,290993,4681,49545
20,288587051,505026825,372859,320629,5068,52230
21,304719315,533031623,407019,351879,5445,55140
22,320606753,559734267,442955,384838,5875,58117
23,338902091,580819423,480322,419742,6265,60580
24,354307538,613650778,514561,451032,6695,63529
25,372761875,633763082,551041,484506,7138,66535
26,390835668,667122461,588642,519559,7553,69083
27,411676954,692369840,628389,556518,8028,71871
28,432487593,713995681,670757,596070,8542,74687
29,451723303,736941428,714955,637348,9045,77607
