BackupID, OnlineSpeed(MB/s), Encalve ProcessTime(s), BackupSize, OnlineSize, OfflineSize, OfflineTime(s)
0, 459.879, 17.8112, 8588886016, 630367550, 625244407, 5.30961
1, 729.351, 11.2305, 8588886016, 682891303, 681729005, 3.72682
2, 720.274, 11.3721, 8588886016, 776796656, 774326933, 6.46965
3, 685.775, 11.9441, 8588886016, 844582351, 841595665, 8.19157
4, 715.623, 11.446, 8588886016, 934758214, 930183782, 10.3155
5, 686.55, 11.9307, 8588886016, 1038381903, 1034264777, 12.1744
6, 714.549, 11.4632, 8588886016, 1118685116, 1112058466, 14.3898
7, 707.76, 11.5731, 8588886016, 1222750738, 1219710893, 13.6067
8, 708.521, 11.5607, 8588886016, 1320572886, 1314448303, 16.1945
9, 703.948, 11.6358, 8588886016, 1408402906, 1402068388, 16.9333
10, 676.488, 12.1081, 8588886016, 1531091879, 1525932075, 19.5834
11, 702.759, 11.6555, 8588886016, 1620580649, 1613489825, 18.7506
12, 661.317, 12.3859, 8588886016, 1722130722, 1716969420, 20.1352
13, 623.085, 13.1459, 8588886016, 1855235115, 1847650362, 22.3342
14, 687.18, 11.9197, 8588886016, 1956512884, 1949357222, 23.3613
15, 672.599, 12.1781, 8588886016, 2056114961, 2049166534, 24.4387
16, 659.429, 12.4213, 8588886016, 2183835362, 2181283059, 25.4037
17, 660.659, 12.3982, 8588886016, 2317371583, 2306974773, 27.0103
18, 661.438, 12.3836, 8588886016, 2433830331, 2425461270, 28.5703
19, 639.82, 12.802, 8588886016, 2539449611, 2535645784, 27.4952
20, 642.192, 12.7548, 8588886016, 2664488322, 2657283695, 30.9972
21, 656.02, 12.4859, 8588886016, 2786008056, 2777546015, 31.7816
22, 630.84, 12.9843, 8588886016, 2939141708, 2932452486, 33.8401
23, 640.065, 12.7971, 8588886016, 3068763913, 3064588610, 34.5405
24, 640.677, 12.7849, 8588886016, 3197423304, 3184948728, 32.7191
25, 607.053, 13.493, 8588886016, 3368235734, 3368138760, 34.3757
26, 615, 13.3187, 8588886016, 3534016445, 3518023199, 34.4499
27, 588.236, 13.9247, 8588886016, 3693773942, 3687366904, 37.3769
28, 608.108, 13.4696, 8588886016, 3869182548, 3866333589, 39.9402
29, 581.779, 14.0792, 8588886016, 4052890365, 4049190283, 40.8987
