Backup ID, Ecall, Inline_Ocall, Offline_Ocall, _Inline_FPOcall, _Inline_SFOcall, _Inline_LocalOcall, _Inline_LoadOcall, _Inline_DeltaOcall, _Inline_RecipeOcall, _Inline_Write_ContainerOcall, _inline_have_similar_chunk_num, _inline_need_load_container_num
0,4675,8470,77206,1143,1143,77,927,4596,584,160,6568,1366,
1,9342,14973,147716,1693,1693,130,1082,9208,1167,176,9539,2272,
2,14001,21522,251114,2278,2278,227,1222,13768,1749,200,13019,3399,
3,18652,28063,374044,2860,2860,346,1369,18298,2330,219,16211,4613,
4,23298,34633,521204,3457,3457,506,1521,22782,2910,243,19748,5993,
5,27929,41286,692593,4097,4097,681,1687,27236,3488,271,23621,7533,
6,32555,47921,880349,4706,4706,874,1903,31667,4065,293,27343,9147,
7,37176,54585,1063311,5354,5354,1066,2075,36094,4642,322,31150,10698,
8,41793,61305,1270827,6007,6007,1287,2298,40488,5218,348,35210,12465,
9,46407,67990,1494501,6660,6660,1497,2489,44890,5794,373,39192,14196,
10,51018,74844,1750617,7378,7378,1746,2722,49250,6370,406,43789,16259,
11,55635,81586,1984577,8054,8054,1939,2921,53672,6946,431,47636,17925,
12,60253,88398,2248100,8756,8756,2174,3137,58053,7522,459,51820,19797,
13,64876,95358,2530326,9522,9522,2415,3367,62433,8099,494,56433,21780,
14,69502,102264,2822140,10255,10255,2651,3606,66821,8676,522,60713,23754,
15,74130,109245,3131039,11004,11004,2888,3885,71210,9254,550,65026,25809,
16,78774,116337,3440241,11796,11796,3109,4171,75631,9834,585,69526,27796,
17,83425,123475,3773255,12610,12610,3335,4451,80054,10415,621,74103,29876,
18,88081,130606,4125637,13426,13426,3588,4715,84455,10996,654,78603,32030,
19,92747,137701,4457504,14223,14223,3787,4970,88920,11578,683,82711,33883,
20,97417,145018,4830281,15093,15093,4030,5296,93345,12161,717,87323,36119,
21,102093,152460,5206729,16029,16029,4298,5608,97751,12745,750,92058,38397,
22,106785,160030,5622354,17015,17015,4583,5930,102156,13331,792,97005,40787,
23,111491,167660,6013556,18021,18021,4802,6257,106641,13918,828,101608,42930,
24,116205,175320,6422074,19026,19026,5085,6607,111070,14506,863,106386,45340,
25,120942,183194,6850248,20108,20108,5373,6991,115517,15097,910,111711,47948,
26,125691,191253,7263686,21291,21291,5618,7344,120019,15690,953,116666,50276,
27,130456,199426,7727992,22507,22507,5903,7727,124497,16285,998,122040,52933,
28,135243,207754,8220310,23772,23772,6188,8142,128997,16883,1045,127484,55700,
29,140048,216242,8713364,25105,25105,6498,8561,133490,17483,1093,132956,58521,
