Backup ID, Logical chunk num, Unique chunk num, Base chunk num, Delta chunk num, Logical chunk size, Unique chunk size, Base chunk size, Delta chunk size, LZ4_save size, Delta_save size, 
0,24641,24495,24461,34,208250880,207122891,100522795,132661,106250527,216908
1,49838,39626,31436,8190,420976640,343883169,130445276,1751231,137248341,74438321
2,75769,54678,37459,17219,640409600,480951594,155755379,3858107,164226953,157111155
3,102154,69374,43225,26149,864501760,615776387,180428681,6251655,189836328,239259723
4,128934,85204,49893,35311,1092659200,760639837,208914257,8959157,219641169,323125254
5,156457,101934,57217,44717,1326612480,913110906,240177572,12085245,252096181,408751908
6,184290,118788,64086,54702,1563217920,1067086366,269554758,15516600,282379674,499635334
7,212510,136407,71604,64803,1803356160,1227283855,301709872,19157348,315666084,590750551
8,241451,155151,79409,75742,2049822720,1397466120,335087857,23100252,349914006,689364005
9,270745,172102,85219,86883,2300139520,1554665685,360056215,26576457,376242531,791790482
10,300593,189672,91468,98204,2554542080,1715971804,386431327,30114538,404197242,895228697
11,331389,208165,98630,109535,2817464320,1885698253,416583432,33616273,436120611,999377937
12,362473,226816,106096,120720,3082168320,2056620195,448430094,37227980,469216705,1101745416
13,394467,248136,115708,132428,3355002880,2249505687,489636138,41697445,511702569,1206469535
14,427730,269719,126102,143617,3639654400,2446105951,534203923,45829989,558224809,1307847230
15,461573,291289,135457,155832,3929231360,2642868685,574104814,50571394,599951316,1418241161
16,495907,313484,146970,166514,4223057920,2845343213,623504347,55048008,652091471,1514699387
17,533891,338250,161598,176652,4533319680,3055374134,680215292,59327391,712937161,1602894290
18,573226,363914,174520,189394,4869498880,3288730076,735017644,64390356,772207357,1717114719
19,614460,390057,186596,203461,5222645760,3527677934,786231183,69482052,827060991,1844903708
20,657190,416136,197692,218444,5588357120,3767058441,832756781,74769699,877269169,1982262792
21,701984,444128,210015,234113,5970749440,4022803683,884082446,79988345,933539752,2125193140
22,748244,472329,221544,250785,6365849600,4281805935,932532184,85611397,986099958,2277562396
23,795533,500237,231750,268487,6770524160,4539452538,975366132,91530499,1032439540,2440116367
24,843831,528928,242347,286581,7183421440,4803542209,1019335678,97086484,1080541036,2606579011
25,892453,557325,252576,304749,7597076480,5064122709,1061359583,102734371,1126324987,2773703768
26,943081,588339,265214,323125,8028426240,5347599334,1113483038,109111221,1184068746,2940936329
27,994732,617593,275329,342264,8468920320,5618093235,1155515433,114917730,1229866223,3117793849
28,1047519,648825,286130,362695,8918517760,5905656166,1200576568,121784581,1279294095,3304000922
29,1100481,678191,295567,382624,9369497600,6177498332,1240016755,131239285,1321317712,3484924580
30,1161683,730293,335743,394550,9891061760,6631310292,1403512174,144792580,1504175016,3578830522
31,1224165,764459,347854,416605,10425190400,6949135668,1454133457,150091950,1560689452,3784220809
32,1287906,799067,359470,439597,10969159680,7270247371,1502138094,156380754,1613576736,3998151787
33,1352398,833924,370021,463903,11518976000,7592912324,1545471585,163375002,1661614051,4222451686
34,1418053,869731,381239,488492,12079032320,7925229976,1591334791,170695155,1713002554,4450197476
35,1485051,906885,393406,513479,12650547200,8269312100,1641010396,178666776,1769322212,4680312716
36,1552883,943650,404757,538893,13229209600,8610980264,1687291355,186415607,1821676825,4915596477
37,1620506,980487,416048,564439,13805813760,8953041890,1733355882,193744875,1873828383,5152112750
38,1688546,1017268,425948,591320,14386237440,9294603528,1774245790,200946466,1918855305,5400555967
39,1757006,1054333,436906,617427,14970695680,9640069539,1819572430,208899877,1969612301,5641984931
40,1810412,1083547,445305,638242,15425167360,9911406345,1854846480,221273763,2008319954,5826966148
41,1864540,1113534,453960,659574,15886080000,10189212551,1891086210,229641787,2047993934,6020490620
42,1919273,1143338,461994,681344,16352163840,10465661096,1924675489,237483665,2085349096,6218152846
43,1974837,1173737,470203,703534,16824729600,10747386683,1959015296,246796306,2123011746,6418563335
44,2031182,1204027,478163,725864,17304453120,11028976023,1992124069,255547238,2159691647,6621613069
45,2088613,1233728,484888,748840,17793658880,11306693526,2020042890,263634412,2190788366,6832227858
46,2147190,1264387,492049,772338,18292684800,11593204633,2049770801,272917650,2224381191,7046134991
47,2206496,1294554,497957,796597,18798346240,11876362472,2074361346,281662830,2251856087,7268482209
48,2266715,1323504,502307,821197,19312179200,12150398334,2092315702,289388042,2272072029,7496622561
49,2335940,1359838,512436,847402,19902177280,12489094108,2133921009,308176493,2319220958,7727775648
50,2419066,1426420,559376,867044,20615280640,13077690238,2320284514,328155518,2541837450,7887412756
51,2503193,1471068,573694,897374,21337559040,13492750308,2379234674,335715525,2608337083,8169463026
52,2593570,1520912,592726,928186,22117294080,13956496725,2447510849,344453862,2709494778,8455037236
53,2687808,1568890,607750,961140,22935326720,14407514754,2504566511,354246356,2787811707,8760890180
54,2782874,1615142,621992,993150,23760384000,14838437071,2561715012,367019262,2853622313,9056080484
55,2878878,1662942,635808,1027134,24594739200,15284296250,2618128476,379204726,2918266628,9368696420
56,2975128,1710128,649307,1060821,25430681600,15725714597,2672471773,390686155,2982103031,9680453638
57,3070965,1757037,663423,1093614,26264494080,16164609531,2729447757,401429965,3049245828,9984485981
58,3166442,1803100,676090,1127010,27094425600,16595252208,2781047707,411637113,3108756567,10293810821
59,3262959,1849992,689603,1160389,27933890560,17033027647,2836074723,421805310,3171555272,10603592342
60,3332759,1886832,698528,1188304,28529817600,17377600787,2873183998,434901789,3213219491,10856295509
61,3430872,1934164,712155,1222009,29384591360,17821510252,2928297427,447542510,3278616844,11167053471
62,3504712,1972423,721821,1250602,30015549440,18178220181,2968180174,457074218,3322936247,11430029542
63,3579605,2009807,730198,1279609,30656389120,18529206646,3002822993,467354100,3362076644,11696952909
64,3655420,2047926,738442,1309484,31304744960,18886528805,3036555579,478554236,3400540913,11970878077
65,3732183,2085663,745725,1339938,31962798080,19242462056,3066935730,488991452,3434621475,12251913399
66,3809922,2124329,753689,1370640,32629002240,19606090117,3100191904,500313202,3471791265,12533793746
67,3888789,2162403,760235,1402168,33305978880,19966345083,3127523056,510413994,3502192881,12826215152
68,3968924,2200450,766761,1433689,33992949760,20325995601,3154489390,521332550,3532326081,13117847580
69,4050053,2237353,771767,1465586,34688532480,20677381896,3175140109,531094152,3555673353,13415474282
70,4149217,2284535,785846,1498689,35551836160,21119663880,3231821400,561184534,3623150470,13703507476
71,4265450,2371143,848410,1522733,36571084800,21893659608,3468919887,611036213,3936616142,13877087366
72,4386386,2425654,865920,1559734,37635307520,22408755401,3534683703,619699654,4027066248,14227305796
73,4508081,2477154,879545,1597609,38705633280,22895215145,3589446513,629975688,4091792622,14584000322
74,4632072,2531806,895260,1636546,39797422080,23410168790,3650841609,641156896,4168915919,14949254366
75,4732223,2578458,906094,1672364,40669081600,23848856535,3695298730,651712516,4219782760,15282062529
76,4832181,2625447,919816,1705631,41540311040,24291221580,3750928336,674602622,4284902162,15580788460
77,4936619,2671964,930594,1741370,42453647360,24729783746,3794682955,689945393,4335367151,15909788247
78,5043629,2718584,940437,1778147,43391784960,25170334985,3834340301,704064116,4381788344,16250142224
79,5152164,2765822,950413,1815409,44339476480,25614745161,3873759662,717064455,4428594719,16595326325
80,5261707,2811976,958646,1853330,45297090560,26053001409,3906972012,729641066,4467538403,16948849928
81,5372102,2858319,966537,1891782,46262865920,26494109032,3939108517,740932152,4504838727,17309229636
82,5484739,2905801,974647,1931154,47246745600,26944336428,3971381105,754372456,4542767389,17675815478
83,5615274,2974727,1033482,1941245,48257761280,27443678836,4160191584,765703106,4761048388,17756735758
84,5746948,3029093,1050943,1978150,49277388800,27828197717,4211586391,775090853,4822589960,18018930513
85,5878524,3079049,1057706,2021343,50296289280,28176859675,4229116726,784285275,4845331921,18318125753
86,6010103,3128955,1063233,2065722,51315240960,28525163481,4243244272,793348680,4864139672,18624430857
87,6141701,3178812,1067786,2111026,52334305280,28872958077,4254866236,801875643,4879642215,18936573983
88,6273302,3228688,1071859,2156829,53353441280,29220978790,4265641147,809549895,4893894800,19251892948
89,6404919,3278502,1076683,2201819,54372648960,29568467799,4278416261,815692296,4910945679,19563413563
90,6536540,3328324,1080235,2248089,55391866880,29916062621,4287584095,821496822,4923216281,19883765423
91,6668160,3378140,1083224,2294916,56411105280,30263561394,4295184799,832644774,4933601438,20202130383
92,6804565,3431960,1093450,2338510,57475010560,30644138614,4326484920,838168715,4970653598,20508831381
93,6940979,3482283,1097120,2385163,58538915840,30995265413,4335828904,842969292,4983012625,20833454592
94,7077386,3532627,1100467,2432160,59602872320,31346808615,4344533635,847022946,4994770574,21160481460
95,7213812,3582970,1103772,2479198,60666920960,31698289312,4353033195,850870465,5006202180,21488183472
96,7350241,3633269,1107667,2525602,61731000320,32049460760,4363119685,854061597,5019915338,21812364140
97,7486674,3683528,1110367,2573161,62795130880,32400320490,4369962765,857721922,5029265638,22143370165
98,7623116,3733785,1112883,2620902,63859322880,32751090403,4376305745,860915068,5038018388,22475851202
99,7759591,3784184,1116183,2668001,64923535360,33102591715,4384733951,884947559,5049408727,22783501478
100,7896734,3837918,1125414,2712504,65993605120,33482551991,4412830496,908126793,5082808409,23078786293
101,8033918,3888530,1129500,2759030,67063715840,33836062449,4423502746,908518329,5097297251,23406744123
102,8171098,3939120,1132662,2806458,68133888000,34189542680,4431791768,908673038,5108302494,23740775380
103,8308293,3989691,1135479,2854212,69204070400,34542631238,4439063703,911048575,5118053655,24074465305
104,8445492,4040213,1138405,2901808,70274324480,34895496730,4446328313,913839288,5128144807,24407184322
105,8582680,4090615,1140620,2949995,71344588800,35247383444,4451839629,917188649,5135797803,24742557363
106,8719869,4141100,1143707,2997393,72414894080,35599950429,4459344123,920632704,5146215890,25073757712
107,8857075,4191540,1145743,3045797,73485209600,35952016244,4464333858,924291150,5153223935,25410167301
108,8994276,4241970,1147877,3094093,74555525120,36304049595,4469477727,951071812,5160551833,25722948223
109,9133868,4296766,1157127,3139639,75646996480,36692624072,4498481170,953707555,5194850412,26045584935
110,9273476,4347897,1160354,3187543,76738498560,37049737902,4506724438,957469205,5205721835,26379822424
111,9413087,4398892,1162923,3235969,77830031360,37405820556,4513192492,961300163,5214657952,26716669949
112,9552710,4449914,1165165,3284749,78921687040,37762308541,4519015647,964990566,5222562563,27055739765
113,9692345,4500877,1167595,3333282,80013373440,38118104505,4525258111,968982169,5230902115,27392962110
114,9831983,4551835,1170114,3381721,81105090560,38473884103,4531636420,973240645,5239565929,27729441109
115,9971637,4602922,1175078,3427844,82196858880,38830540205,4546201065,977063994,5257713378,28049561768
116,10111284,4653852,1177431,3476421,83288637440,39186071420,4552035850,1008737674,5265892457,28359405439
117,10254480,4719071,1192809,3526262,84415191040,39665633935,4600834912,1015939119,5333066267,28715793637
118,10397681,4770973,1196319,3574654,85541744640,40028724542,4609907480,1019074548,5344939120,29054803394
119,10540871,4822680,1199031,3623649,86668339200,40390617824,4616940177,1022769133,5354376126,29396532388
120,10684073,4874361,1201526,3672835,87794995200,40752012280,4623556153,1026932848,5362902597,29738620682
121,10827281,4926037,1204267,3721770,88921692160,41113288654,4630527455,1031551004,5372438989,30078771206
122,10970483,4977636,1206531,3771105,90048409600,41473895648,4636358233,1035237166,5380372314,30421927935
123,11113686,5029199,1208731,3820468,91175137280,41834152531,4641859523,1039667302,5387899775,30764725931
124,11256922,5081046,1211205,3869841,92301875200,42196440001,4648135232,1081742274,5396533601,31070028894
125,11401515,5143663,1223625,3920038,93438638080,42646913920,4689206365,1083112809,5443423009,31431171737
126,11546098,5195868,1226938,3968930,94575441920,43011697796,4697727393,1085040974,5454760331,31774169098
127,11690685,5248179,1229309,4018870,95712296960,43377614779,4703826090,1088077804,5462794785,32122916100
128,11835284,5300501,1232015,4068486,96849203200,43743443888,4711178629,1091375046,5472114596,32468775617
129,11979903,5352677,1234632,4118045,97986140160,44107982046,4717716983,1095568893,5481245833,32813450337
130,12124509,5404840,1236787,4168053,99123118080,44472661525,4723072027,1099610206,5488658837,33161320455
131,12269135,5456984,1238669,4218315,100260126720,44837198007,4727870110,1103779093,5495193247,33510355557
132,12413757,5509206,1240989,4268217,101397145600,45202159037,4733558002,1151179911,5503270029,33814151095
133,12560306,5573743,1254066,4319677,102548971520,45669972107,4776374630,1149364414,5554742024,34189491039
134,12706853,5626534,1257025,4369509,103700848640,46039405097,4784228523,1151779704,5564922808,34538474062
135,12853388,5679316,1259688,4419628,104852684800,46408795222,4791110276,1154989855,5574040844,34888654247
136,12999928,5732016,1261919,4470097,106004572160,46777402158,4796919500,1159263526,5581874392,35239344740
137,13146491,5784871,1264096,4520775,107156520960,47147233419,4802388061,1163419949,5589312972,35592112437
138,13293046,5837477,1266141,4571336,108308500480,47515049838,4807532588,1167433622,5596502179,35943581449
139,13439601,5890056,1268468,4621588,109460500480,47882533659,4813187375,1171894071,5604564163,36292888050
140,13586157,5942529,1270344,4672185,110612520960,48249044660,4817863799,1175672840,5610991072,36644516949
141,13732717,5995056,1272452,4722604,111764551680,48616124200,4823061447,1225903484,5618414229,36948745040
142,13880344,6058499,1284577,4773922,112924149760,49073860100,4863014772,1225919611,5664840238,37320085479
143,14027988,6111925,1287928,4823997,114083829760,49447891995,4871615094,1226874373,5676324669,37673077859
144,14175645,6165186,1290513,4874673,115243581440,49820445302,4878193940,1230637909,5685191163,38026422290
145,14323303,6218305,1292763,4925542,116403353600,50191733991,4883783065,1234329809,5692861318,38380759799
146,14470960,6271425,1294946,4976479,117563146240,50563113252,4889391467,1238862997,5700417328,38734441460
147,14618628,6324581,1297246,5027335,118722969600,50934898919,4895174567,1243427769,5708473263,39087823320
148,14766300,6377676,1299403,5078273,119882823680,51306102127,4900618312,1247938639,5715953465,39441591711
149,14913989,6430735,1301771,5128964,121042739200,51676783287,4906479150,1252859100,5724113698,39793331339
150,15061697,6483725,1305046,5178679,122202654720,52046653921,4914927566,1316245390,5735695699,40079785266
151,15215081,6551594,1320634,5230960,123417743360,52542126172,4963159824,1315554243,5803848550,40459563555
152,15368526,6606120,1324710,5281410,124632862720,52923284157,4973869010,1318417226,5817604206,40813393715
153,15521904,6659947,1327853,5332094,125848002560,53299309398,4982337727,1320769514,5828853514,41167348643
154,15675282,6713636,1330018,5383618,127063162880,53674073370,4987809819,1324372974,5836564235,41525326342
155,15828675,6767498,1332579,5434919,128278353920,54050239508,4994412304,1328399800,5845615014,41881812390
156,15982054,6821147,1334698,5486449,129493575680,54424765409,4999725180,1331553650,5853072742,42240413837
157,16135440,6874760,1336882,5537878,130708828160,54798978754,5005114388,1336184669,5860730044,42596949653
158,16288844,6928446,1339320,5589126,131924111360,55173626794,5010992384,1393864411,5869266281,42899503718
159,16447881,6997829,1355975,5641854,133193082880,55683897240,5061174503,1396183224,5944859032,43281680481
160,16606926,7052409,1359120,5693289,134462105600,56065143765,5069195107,1396499832,5955722989,43643725837
161,16765974,7106802,1361578,5745224,135731159040,56444802879,5075342375,1399679497,5964181823,44005599184
162,16925032,7161385,1364447,5796938,137000273920,56826044878,5082893075,1404149930,5974313546,44364688327
163,17084103,7215812,1366978,5848834,138269419520,57205869603,5089283488,1408174443,5982992386,44725419286
164,17243196,7270287,1369068,5901219,139538606080,57586041595,5094582907,1412491687,5990303286,45088663715
165,17402274,7324836,1370947,5953889,140807864320,57967173406,5099419031,1415654115,5996799862,45455300398
166,17561357,7379256,1373016,6006240,142077163520,58347083586,5104577996,1421552061,6004012655,45816940874
167,17720447,7433609,1375442,6058167,143346462720,58726475359,5110333239,1484859248,6012434235,46118848637
168,17886817,7504752,1392562,6112190,144686612480,59254482293,5160946831,1599136964,6094487109,46399911389
169,18053209,7560224,1396172,6164052,146026874880,59642371034,5170089393,1621614729,6106961424,46743705488
170,18219602,7615541,1398866,6216675,147367178240,60028979932,5176937850,1638453278,6116296641,47097292163
171,18386010,7670761,1401291,6269470,148707522560,60414563771,5183014406,1653303657,6124789955,47453455753
172,18552417,7725971,1403538,6322433,150047897600,60800172108,5188631770,1663758679,6132743019,47815038640
173,18718807,7781013,1405484,6375529,151388272640,61184458625,5193362497,1672415108,6139520326,48179160694
174,18885225,7836302,1407880,6428422,152728668160,61570577496,5199111993,1683481960,6147753905,48540229638
175,19051640,7891501,1410557,6480944,154069084160,61956043340,5205748023,1707681547,6157185935,48885427835
176,19220179,7958927,1423517,6535410,155427061760,62443904441,5247051030,1734860067,6208909378,49253083966
177,19388737,8014877,1426571,6588306,156785070080,62834909536,5255023597,1741335115,6219440622,49619110202
178,19557303,8070715,1429559,6641156,158143150080,63225012328,5262393735,1749535087,6229655665,49983427841
179,19725862,8126473,1431922,6694551,159501301760,63614575920,5268342827,1756134846,6237897616,50352200631
180,19894446,8182287,1434475,6747812,160859504640,64004795765,5274706200,1762990950,6246782522,50720316093
181,20063015,8238008,1436714,6801294,162217748480,64394128344,5280384903,1768793398,6254800985,51090149058
182,20231579,8293687,1438639,6855048,163576023040,64783161592,5285151357,1775259216,6261441448,51461309571
183,20400159,8349256,1440547,6908709,164934318080,65171073852,5289896115,1781042149,6268031871,51832103717
184,20568769,8405097,1443466,6961631,166292643840,65560730580,5297308126,1821319274,6278315098,52163788082
185,20738884,8474319,1459171,7015148,167663482880,66060826530,5345106676,1837496283,6341352907,52536870664
186,20909007,8530654,1462565,7068089,169034342400,66453771629,5353179251,1843431899,6353219705,52903940774
187,21079149,8586848,1464914,7121934,170405335040,66846099255,5359012441,1848227056,6361340034,53277519724
188,21249296,8643194,1467532,7175662,171776348160,67239456128,5365554864,1854649081,6370462409,53648789774
189,21419516,8699712,1471180,7228532,173147402240,67633595012,5374837124,1862945844,6382931032,54012881012
190,21589668,8755882,1473385,7282497,174518487040,68025605366,5380359668,1867648482,6390623644,54386973572
191,21759830,8812170,1475338,7336832,175889612800,68418780233,5385177095,1872173096,6397353878,54764076164
192,21930000,8868495,1477606,7390889,177260769280,68811767293,5390877825,1877161775,6405266536,55138461157
193,22100177,8924695,1480016,7444679,178631946240,69203938386,5396637892,1923017789,6413664514,55470618191
194,22271074,8992244,1493896,7498348,180008775680,69690705773,5441356030,1932577232,6467101966,55849670545
195,22441790,9048642,1497076,7551566,181384151040,70084352759,5449444306,1937254082,6477968812,56219685559
196,22612511,9105227,1499935,7605292,182759546880,70479646678,5456820871,1943509002,6487986822,56591329983
197,22783370,9163082,1504855,7658227,184135034880,70884113696,5470048259,1955186560,6505642421,56953236456
198,22954098,9219404,1506839,7712565,185510543360,71277231023,5474935490,1958704888,6512611542,57330979103
199,23124824,9275749,1508902,7766847,186886082560,71670617640,5480187302,1963620351,6519845065,57706964922
200,23295551,9332065,1511009,7821056,188261662720,72063721272,5485471602,1968804167,6527190666,58082254837
201,23466280,9388353,1513443,7874910,189637253120,72456450053,5491443764,2016055847,6535750438,58413200004
202,23639562,9457474,1527180,7930294,191035084800,72958078126,5534612680,2027163250,6592867105,58803435091
203,23812842,9514409,1530973,7983436,192432936960,73355640238,5543891803,2030138643,6606042584,59175567208
204,23986132,9571470,1533798,8037672,193830850560,73754512241,5550863152,2034985623,6615904755,59552758711
205,24159416,9628351,1536343,8092008,195228815360,74151741452,5557297324,2040573160,6624937780,59928933188
206,24332721,9685313,1538765,8146548,196626831360,74549606383,5563688810,2045833539,6633387777,60306696257
207,24506020,9742188,1540631,8201557,198024888320,74946933668,5568304221,2050506819,6639968198,60688154430
208,24679332,9799081,1543329,8255752,199422986240,75344383951,5575148498,2055775550,6649515565,61063944338
209,24852683,9856049,1545614,8310435,200821135360,75742099691,5580648857,2110499595,6657539365,61393411874
