Backup ID, FPindex, SFindex, Deltaindex
0,1959600,4687040,1728
1,3170080,6024896,522144
2,4374240,7180544,938848
3,5549920,8287104,1320704
4,6816320,9564800,1710848
5,8154720,10969664,2117216
6,9503040,12288000,2551392
7,10912560,13730240,2983424
8,12412080,15222976,3463232
9,13768160,16330560,3940384
10,15173760,17517312,4405696
11,16653200,18883648,4868800
12,18145280,20311104,5337216
13,19850880,22147712,5833216
14,21577520,24128256,6311040
15,23303120,25915904,6846752
16,25078720,28116928,7306368
17,27060000,30910976,7757824
18,29113120,33369600,8316832
19,31204560,35674560,8942208
20,33290880,37796544,9583744
21,35530240,40148160,10240544
22,37786320,42346432,10944064
23,40018960,44288640,11684192
24,42314240,46313984,12432928
25,44586000,48263744,13172640
26,47067120,50675456,13918496
27,49407440,52605248,14707232
28,51906000,54660992,15532576
29,54255280,56464064,16333856
30,58423440,64162944,16821184
31,61156720,66486528,18024064
32,63925360,68715200,18978336
33,66713920,70736896,19950432
34,69578480,72884608,20924384
35,72550800,75209728,21915392
36,75492000,77375488,22921408
37,78438960,79525824,23924896
38,81381440,81406016,24985792
39,84346640,83491840,25992480
40,86683760,85062208,26791168
41,89082720,86692224,27609888
42,91467040,88209600,28450496
43,93898960,89756416,29296928
44,96322160,91250240,30145568
45,98698240,92510016,31016352
46,101150960,93849088,31888384
47,103564320,94949824,32788832
48,105880320,95750016,33676768
49,108787040,97657920,34685216
50,114113600,106626432,35463008
51,117685440,109369792,37018912
52,121672960,112986688,38275136
53,125511200,115856256,39595328
54,129211360,118574208,40842176
55,133035360,121203200,42186144
56,136810240,123774528,43498528
57,140562960,126463040,44777920
58,144248000,128869248,46087904
59,147999360,131440320,47378080
60,150946560,133101184,48420256
61,154733120,135685888,49720352
62,157793840,137500352,50795616
63,160784560,139075328,51879552
64,163834080,140618624,52985792
65,166853040,141973504,54103616
66,169946320,143451648,55220384
67,172992240,144664576,56361344
68,176036000,145873280,57486560
69,178988240,146787200,58613760
70,182762800,149443008,59888448
71,189691440,161369728,60879008
72,194052320,164724544,62850496
73,198172320,167336768,64374560
74,202544480,170296640,65882432
75,206276640,172317120,67229952
76,210035760,174902144,68476192
77,213757120,176936192,69871968
78,217486720,178791040,71234848
79,221265760,180670336,72605984
80,224958080,182213504,73987360
81,228665520,183693248,75370752
82,232464080,185203904,76783680
83,237978160,196476224,77241216
84,242327440,199827584,79458400
85,246323920,201124416,81233696
86,250316400,202179904,82814336
87,254304960,203047744,84382240
88,258295040,203822016,85957344
89,262280160,204646272,87484000
90,266265920,205310464,89050560
91,270251200,205844608,90621056
92,274556800,207749760,92125984
93,278582640,208422592,93826048
94,282610160,209011712,95415104
95,286637600,209591424,96990432
96,290661520,210288064,98546112
97,294682240,210762176,100129280
98,298702800,211191168,101713280
99,302734720,211748608,103277792
100,307033440,213454144,104786496
101,311082400,214189184,106455392
102,315129600,214735040,108052480
103,319175280,215224128,109646336
104,323217040,215729728,111229376
105,327249200,216104960,112825280
106,331288000,216649920,114390336
107,335323200,217003456,115986336
108,339357600,217362048,117575552
109,343741280,219059776,119112640
110,347831760,219630464,120830112
111,351911360,220073792,122446624
112,355993120,220459776,124065024
113,360070160,220864768,125667488
114,364146800,221290752,127267776
115,368233760,222164032,128827936
116,372308160,222580608,130427872
117,377525680,225428160,132160864
118,381677840,226059072,133906528
119,385814400,226538560,135549184
120,389948880,226955200,137178560
121,394082960,227427520,138799200
122,398210880,227806336,140428480
123,402335920,228184640,142054144
124,406483680,228605056,143684288
125,411493040,230901312,145401568
126,415669440,231499200,147131520
127,419854320,231905664,148794368
128,424040080,232373248,150440672
129,428214160,232822976,152080992
130,432387200,233187968,153730944
131,436558720,233499840,155383616
132,440736480,233894272,157024768
133,445899440,236293056,158788160
134,450122720,236809280,160559072
135,454345280,237266624,162229952
136,458561280,237649024,163901216
137,462789680,238019776,165572672
138,466998160,238355776,167235328
139,471204480,238738880,168884064
140,475402320,239041408,170545472
141,479604480,239398592,172194048
142,484679920,241631616,173942656
143,488954000,242224832,175717728
144,493214880,242675840,177404256
145,497464400,243053824,179087776
146,501714000,243423552,180762912
147,505966480,243819456,182433824
148,510214080,244168704,184107360
149,514458800,244563776,185773440
150,518698000,245137920,187411808
151,524127520,248026560,189214816
152,528489600,248758272,191031200
153,532795760,249307200,192728512
154,537090880,249677376,194437184
155,541399840,250100352,196134144
156,545691760,250448384,197829888
157,549980800,250808576,199521280
158,554275680,251228352,201206432
159,559826320,254319680,203024448
160,564192720,254870528,204864352
161,568544160,255295488,206592384
162,572910800,255792384,208305536
163,577264960,256230272,210016096
164,581622960,256580800,211738112
165,585986880,256893184,213466912
166,590340480,257242240,215182784
167,594688720,257641856,216885792
168,600380160,260806400,218750304
169,604817920,261448704,220607936
170,609243280,261920192,222365824
171,613660880,262334016,224110464
172,618077680,262693312,225859616
173,622481040,263024640,227605600
174,626904160,263426944,229339072
175,631320080,263888448,231064640
176,636714160,266258176,232925568
177,641190160,266809280,234791616
178,645657200,267329792,236548096
179,650117840,267736192,238313056
180,654582960,268164416,240070240
181,659040640,268544768,241827616
182,663494960,268875008,243588288
183,667940480,269173440,245345216
184,672407760,269670784,247084480
185,677945520,272585408,248917792
186,682452320,273190080,250799136
187,686947840,273589824,252592224
188,691455520,274027520,254369824
189,695976960,274634176,256119424
190,700470560,274996736,257892640
191,704973600,275325120,259675584
192,709479600,275705856,261451136
193,713975600,276109568,263220032
194,719379520,278645632,265056672
195,723891360,279209856,266942464
196,728418160,279696448,268734464
197,733046560,280583808,270500512
198,737552320,280916416,272292288
199,742059920,281263872,274072960
200,746565200,281613760,275850496
201,751068240,282028288,277617184
202,756597920,284561728,279508736
203,761152720,285220352,281389248
204,765717600,285714048,283194144
205,770268080,286145536,284986656
206,774825040,286522304,286783552
207,779375040,286825152,288593280
208,783926480,287288576,290374816
209,788483920,287676608,292169824
