Backup ID, Online Delta_save, Offline Delta_save, Offline delta time, Offline dedelta time, Offline delete time, Offline Delta chunk num
0,216908,0,0,0,0,0
1,74438321,0,0,0,0,0
2,157111155,0,0,0,0,0
3,239259723,0,0,0,0,0
4,323013599,111655,38,25,6,13
5,408640253,111655,38,25,6,13
6,497734514,1900820,565,348,52,217
7,586608691,4141860,1340,854,110,486
8,667683334,21680671,7689,5228,210,2461
9,738509748,53280734,19650,13708,322,5942
10,808289133,86939564,33429,23712,451,9717
11,880767413,118610524,46935,33733,600,13202
12,960536641,141208775,57729,41984,757,15745
13,1035740230,170729305,71438,52296,933,19142
14,1107385083,200462147,85192,62720,1127,22472
15,1192662788,225578373,96509,71140,1330,25369
16,1270000000,244699387,105873,78289,1544,27584
17,1333066460,269827830,118307,87836,1761,30471
18,1416737581,300377138,131909,97976,2019,33933
19,1516517027,328386681,146166,109092,2276,37074
20,1624862069,357400723,161035,120669,2556,40366
21,1736075022,389118118,176424,132503,2837,43921
22,1847929184,429633212,196213,147786,3143,48427
23,1956565039,483551328,225153,170835,3484,54318
24,2083530020,523048991,246842,188133,3817,58709
25,2207371644,566332124,271927,208422,4183,63505
26,2317352837,623583492,305984,236087,4579,69897
27,2455513481,662280368,330258,256026,4951,74232
28,2562763501,741237421,378812,295758,5403,83054
29,2706609851,778314729,403574,316114,5786,87460
30,2745624299,833206223,448678,353986,6313,94692
31,2945750173,838470636,451355,356098,6452,95257
32,3153290242,844861545,454955,358958,6648,95997
33,3358753538,863698148,466588,368442,6970,98146
34,3562843061,887354415,481185,380385,7323,100800
35,3754575784,925736932,506663,401564,7756,105099
36,3942019910,973576567,534777,424469,8207,110308
37,4120758070,1031354680,572356,455691,8675,116665
38,4299647478,1100908489,616459,492132,9135,124327
39,4472030875,1169954056,662374,530338,9644,132036
40,4529044366,1297921782,771960,625298,10356,146662
41,4618189004,1402301616,861281,702875,11042,158406
42,4732318307,1485834539,931338,763443,11723,167895
43,4830382515,1588180820,1021604,842085,12454,179519
44,4933075554,1688537515,1109509,918693,13182,190816
45,5046446551,1785781307,1200615,998945,13902,201670
46,5154276147,1891858844,1303468,1089773,14662,213695
47,5268868671,1999613538,1409961,1184231,15390,225730
48,5393468649,2103153912,1515949,1278844,16090,237105
49,5473111512,2254664136,1662447,1407725,16935,254722
50,5519441941,2367970815,1777898,1508810,17968,269088
51,5782946100,2386516926,1797271,1526106,18423,271165
52,6048754081,2406283155,1815851,1542474,18893,273377
53,6314264042,2446626138,1852502,1574586,19498,277916
54,6555608342,2500472142,1907909,1623751,20252,284158
55,6792694502,2576001918,1968070,1675424,21043,292646
56,7035392961,2645060677,2023328,1722891,21767,300437
57,7263719027,2720766954,2075851,1766941,22474,308910
58,7478149479,2815661342,2150928,1831634,23268,319294
59,7692738426,2910853916,2224068,1894189,24065,329879
60,7761854116,3094441393,2427750,2077382,25194,350368
61,7940615390,3226438081,2534998,2169930,26133,365068
62,8057215620,3372813922,2694041,2312844,27244,381197
63,8201036533,3495916376,2834076,2439177,28300,394899
64,8349197765,3621680312,2973662,2564639,29376,409023
65,8498097814,3753815585,3119897,2696219,30398,423678
66,8628891446,3904902300,3297387,2856905,31536,440482
67,8780445649,4045769503,3463428,3007354,32583,456074
68,8921055257,4196792323,3652750,3180043,33665,472707
69,9085321751,4330152531,3818040,3330732,34653,487308
70,9197700459,4505807017,4013029,3504537,35902,508492
71,9241113798,4635973568,4156217,3628676,37551,527541
72,9580923094,4646382702,4164548,3635909,37902,528639
73,9917672801,4666327521,4183568,3652660,38448,530908
74,10251125064,4698129302,4207499,3673077,39090,534422
75,10412051495,4870011034,4377374,3824314,40391,553060
76,10578584064,5002204396,4498349,3929781,41599,568568
77,10801957229,5107831018,4588207,4007563,42624,580644
78,11039464121,5210678103,4672900,4080655,43617,592245
79,11274598934,5320727391,4768720,4164211,44607,604509
80,11512633967,5436215961,4867827,4250517,45515,617310
81,11761420423,5547809213,4965768,4336292,46465,629476
82,11996610651,5679204827,5082257,4438188,47433,644069
83,12045899112,5710836646,5100274,4451805,48927,648469
84,12305073485,5713857028,5100963,4452051,49051,648912
85,12600904042,5717221711,5102175,4452766,49184,649409
86,12896324358,5728106499,5107588,4456567,49542,651021
87,13196679479,5739894504,5113918,4461182,49841,652736
88,13493056194,5758836754,5125870,4470504,50220,655366
89,13775038514,5788375049,5146524,4487090,50676,659434
90,14069869976,5813895447,5166730,4503737,51074,662993
91,14341072987,5861057396,5213509,4543040,51531,670469
92,14561979340,5946852041,5296868,4614146,52282,682722
93,14832433473,6001021119,5353620,4662885,52696,690735
94,15090677311,6069804149,5430895,4729951,53120,700944
95,15334438617,6153744855,5534018,4820506,53573,713512
96,15562838757,6249525383,5661248,4933585,54075,727663
97,15824292103,6319078062,5759807,5021674,54468,738133
98,16064427212,6411423990,5902277,5150435,54905,751842
99,16276619167,6506882311,6087321,5318564,55449,768757
100,16449252177,6629534116,6316547,5527503,56245,789044
101,16673264456,6733479667,6484604,5680837,56789,803767
102,16883417966,6857357414,6695897,5874239,57354,821658
103,17110680348,6963784957,6890059,6052896,57940,837163
104,17339312822,7067871500,7086956,6234451,58503,852505
105,17573572197,7168985166,7289454,6421797,59087,867657
106,17815015929,7258741783,7478767,6597706,59680,881061
107,18075808086,7334359215,7646761,6754299,60285,892462
108,18312693326,7410254897,7869584,6962615,60923,906969
109,18464803578,7580781357,8255528,7324112,61986,931416
110,18696578926,7683243498,8496134,7549278,62754,946856
111,18918085050,7798584899,8777232,7813041,63532,964191
112,19155132724,7900607041,9034044,8054612,64312,979432
113,19383656233,8009305877,9317020,8321204,65124,995816
114,19608235460,8121205649,9620016,8607349,65958,1012667
115,19763358607,8286203161,10039944,9003008,66930,1036936
116,20002230262,8357175177,10311651,9260169,67784,1051482
117,20066889063,8648904574,11049145,9956638,69694,1092507
118,20301940791,8752862603,11338930,10230707,70705,1108223
119,20539303000,8857229388,11639161,10515035,71689,1124126
120,20781927271,8956693411,11928284,10788883,72684,1139401
121,21026933239,9051837967,12213583,11059537,73683,1154046
122,21266457211,9155470724,12528496,11358657,74663,1169839
123,21499094281,9265631650,12885590,11698832,75668,1186758
124,21716843169,9353185725,13284111,12078917,76773,1205194
125,21826103728,9605068009,14012932,12772408,78748,1240524
126,22071823391,9702345707,14330489,13075551,79824,1254938
127,22310679674,9812236426,14694002,13422420,80983,1271582
128,22539634694,9929140923,15094752,13805738,82143,1289014
129,22762870933,10050579404,15516282,14208903,83339,1307379
130,22992188390,10169132065,15940421,14615104,84566,1325317
131,23237102521,10273253036,16321278,14980081,85740,1341197
132,23454415161,10359735934,16788857,15428466,86983,1360391
133,23543987679,10645503360,17722499,16322759,89280,1399740
134,23774115384,10764358678,18154010,16736496,90616,1417514
135,23999365016,10889289231,18619391,17183045,92073,1436346
136,24239613759,10999730981,19035905,17582804,93388,1453101
137,24483013817,11109098620,19464343,17994611,94727,1469732
138,24726196046,11217385403,19899111,18412918,96036,1486193
139,24947323616,11345564434,20416185,18910535,97453,1505650
140,25191192514,11453324435,20844370,19322216,98718,1522154
141,25418832287,11529912753,21348195,19807794,100047,1540401
142,25529494483,11790590996,22323016,20746390,102429,1576626
143,25738759204,11934318655,22906635,21308863,104031,1597772
144,25965284377,12061137913,23444663,21827805,105540,1616858
145,26185759400,12195000399,24012448,22375404,107046,1637044
146,26411473996,12322967464,24571517,22914932,108513,1656585
147,26650543374,12437279946,25085509,23411588,110033,1673921
148,26857680444,12583911267,25753283,24057051,111593,1696232
149,27057100802,12736230537,26457479,24738229,113229,1719250
150,27250763574,12829021692,27150159,25408510,114901,1741649
151,27358193725,13101369830,28245023,26465796,117703,1779227
152,27567642325,13245751390,28887838,27087086,119530,1800752
153,27761260325,13406088318,29595789,27771236,121334,1824553
154,27997533036,13527793306,30157680,28314845,122932,1842835
155,28212745796,13669066594,30809582,28945586,124713,1863996
156,28426301115,13814112722,31502841,29617043,126518,1885798
157,28644673861,13952275792,32173592,30266706,128155,1906886
158,28866879842,14032623876,32799638,30873004,129840,1926634
159,28968565370,14313115111,34021386,32055618,132884,1965768
160,29186830084,14456895753,34691119,32704323,134743,1986796
161,29427261464,14578337720,35278725,33273764,136386,2004961
162,29645685890,14719002437,35965938,33939680,138202,2026258
163,29866701623,14858717663,36665419,34618206,140017,2047213
164,30112172483,14976491232,37254784,35189584,141693,2065200
165,30380685311,15074615087,37745825,35665740,143197,2080085
166,30618302221,15198638653,38382378,36283211,144928,2099167
167,30841312637,15277536000,39076013,36956489,146733,2119524
168,30932998388,15466913001,40480983,38319704,149920,2161279
169,31155501743,15588203745,41186671,39004480,151841,2182191
170,31401470771,15695821392,41816174,39616025,153740,2200149
171,31623646960,15829808793,42573804,40351932,155629,2221872
172,31871477752,15943560888,43190743,40950876,157439,2239867
173,32134669983,16044490711,43747298,41491642,159197,2255656
174,32356288059,16183941579,44545007,42267335,161248,2277672
175,32594283210,16291144625,45209097,42912695,163202,2296402
176,32698722461,16554361505,46616042,44279373,166603,2336669
177,32962808634,16656301568,47170969,44818423,168516,2352546
178,33177200241,16806227600,48004291,45628517,170661,2375774
179,33421541875,16930658756,48693186,46298383,172661,2394803
180,33645040800,17075275293,49499583,47082750,174745,2416833
181,33881711874,17208437184,50239216,47802155,176914,2437061
182,34147524305,17313785266,50862515,48409183,178926,2453332
183,34406477673,17425626044,51509024,49038529,180882,2470495
184,34598169194,17565618888,52513980,50017549,183280,2496431
185,34695640763,17841229901,54029428,51492688,186713,2536740
186,34929498857,17974441917,54813481,52256287,188844,2557194
187,35171076211,18106443513,55581898,53004589,190953,2577309
188,35380969682,18267820092,56544687,53942851,193316,2601836
189,35595116472,18417764540,57458200,54833389,195720,2624811
190,35827121160,18559852412,58305241,55658902,197792,2646339
191,36081922093,18682154071,59036146,56371380,199880,2664766
192,36308865157,18829596000,59933726,57246622,202173,2687104
193,36515747368,18954870823,60940463,58228673,204578,2711790
194,36586745531,19262925014,62632551,59876669,208403,2755882
195,36819424405,19400261154,63452937,60676110,210673,2776827
196,37046600268,19544729715,64318016,61519107,213061,2798909
197,37258757062,19694479394,65211994,62389817,215687,2822177
198,37510934590,19820044513,65983279,63142236,217772,2841043
199,37759517788,19947447134,66772875,63912535,219946,2860340
200,38000832599,20081422238,67600062,64719305,222057,2880757
201,38221250304,20191949700,68533889,65630356,224374,2903533
202,38327256800,20476178291,70174619,67230041,228200,2944578
203,38567513429,20608053779,70981445,68017222,230605,2964223
204,38813287251,20739471460,71815749,68831571,232857,2984178
205,39056265736,20872667452,72664290,69659668,235034,3004622
206,39288340856,21018355401,73592624,70565792,237422,3026832
207,39545725669,21142428761,74374443,71328640,239559,3045803
208,39794632130,21269312208,75162460,72097264,241826,3065196
209,40017242171,21376169703,76180619,73092352,244337,3088267
