BackupID, OnlineSpeed(MB/s), Encalve ProcessTime(s), BackupSize, OnlineSize, OfflineSize, OfflineTime(s)
0, 97.1893, 2.04347, 208250880, 100655456, 100655456, 0.000346
1, 135.475, 1.49748, 212725760, 132196507, 132196507, 0.000298
2, 136.866, 1.529, 219432960, 159613486, 159613486, 0.000373
3, 136.289, 1.56807, 224092160, 186680336, 186680336, 0.000369
4, 130.32, 1.66965, 228157440, 217923487, 217873414, 0.13844
5, 123.839, 1.80165, 233953280, 252262817, 252262817, 0.000483
6, 126.655, 1.78157, 236605440, 285866692, 285071358, 1.41048
7, 119.339, 1.91901, 240138240, 321918524, 320867220, 1.88557
8, 118.277, 1.98727, 246466560, 366307212, 358188109, 8.90995
9, 120.54, 1.98042, 250316800, 401610080, 386632672, 15.0848
10, 115.448, 2.10152, 254402560, 432359270, 416545865, 16.4529
11, 114.982, 2.1807, 262922240, 464595485, 450199705, 16.0235
12, 111.591, 2.2622, 264704000, 496079026, 485658074, 12.5253
13, 104.59, 2.48776, 272834560, 545051507, 531333583, 15.8909
14, 108.265, 2.5074, 284651520, 593401633, 580033912, 15.8682
15, 104.827, 2.63445, 289576960, 636133113, 624676208, 13.6477
16, 105.755, 2.64966, 293826560, 686908629, 678552355, 11.7999
17, 100.908, 2.93227, 310261760, 750547371, 739542683, 14.9064
18, 101.461, 3.15987, 336179200, 813164603, 799408000, 16.7765
19, 107.872, 3.12211, 353146880, 868501451, 855713235, 17.0003
20, 109.068, 3.19772, 365711360, 920994343, 907526480, 17.867
21, 106.759, 3.41591, 382392320, 978544587, 964070791, 18.7228
22, 111.077, 3.39223, 395100160, 1036664751, 1018143581, 23.1169
23, 113.089, 3.41262, 404674560, 1091726329, 1066896631, 31.3029
24, 111.633, 3.52736, 412897280, 1135059723, 1116422162, 24.586
25, 110.033, 3.58521, 413655040, 1183897680, 1164093954, 27.4389
26, 109.395, 3.76038, 431349760, 1248768944, 1222594259, 36.1076
27, 112.532, 3.73306, 440494080, 1287925432, 1270433163, 26.5548
28, 111.228, 3.85488, 449597440, 1358947113, 1322361149, 50.568
29, 111.8, 3.84693, 450979840, 1386722442, 1371256040, 27.3041
30, 85.2438, 5.83505, 521564160, 1569463905, 1548304754, 45.9035
31, 116.175, 4.38464, 534128640, 1606417342, 1604225407, 4.7061
32, 110.52, 4.6939, 543969280, 1661298195, 1658518848, 6.36951
33, 115.294, 4.5479, 549816320, 1716867234, 1708846587, 15.1913
34, 116.511, 4.58423, 560056320, 1772818128, 1762029946, 18.4002
35, 113.683, 4.79436, 571514880, 1836883009, 1819677172, 29.457
36, 118.037, 4.67527, 578662400, 1895074007, 1873706962, 33.3026
37, 117.483, 4.68061, 576604160, 1953451272, 1927100757, 40.6502
38, 117.856, 4.69671, 580423680, 2007049161, 1975192256, 45.8327
39, 116.035, 4.80358, 584458240, 2059624974, 2028472307, 48.0524
40, 113.809, 3.8083, 454471680, 2132068008, 2076120243, 97.1528
41, 108.864, 4.03771, 460912640, 2167546549, 2120727997, 83.2476
42, 107.089, 4.15066, 466083840, 2199779687, 2162159154, 66.4486
43, 109.74, 4.10673, 472565760, 2251582008, 2205811602, 81.8947
44, 111.616, 4.09886, 479723520, 2291930422, 2247671307, 80.1817
45, 113.395, 4.11431, 489205760, 2327046459, 2283677302, 81.541
46, 116.177, 4.09642, 499025920, 2369793284, 2322688451, 90.3903
47, 113.873, 4.23488, 505661440, 2403985981, 2356024176, 91.0538
48, 116.036, 4.22309, 513832960, 2428027503, 2381703744, 90.4635
49, 115.659, 4.86487, 589998080, 2505894513, 2442097502, 122.859
50, 94.0014, 7.23466, 713103360, 2693702700, 2648440032, 105.439
51, 110.566, 6.22991, 722278400, 2722402164, 2714950199, 20.8752
52, 115.643, 6.43024, 779735040, 2799965184, 2791964711, 21.4837
53, 121.632, 6.41393, 818032640, 2876130200, 2858812867, 38.8177
54, 127.378, 6.17715, 825057280, 2951099455, 2928734274, 54.5464
55, 126.015, 6.31434, 834355200, 3030074358, 2997333202, 61.6425
56, 129.564, 6.15309, 835942400, 3092842513, 3063157928, 56.2381
57, 128.645, 6.18122, 833812480, 3163671226, 3130877722, 55.2556
58, 130.787, 6.05172, 829931520, 3234939969, 3192684820, 73.8066
59, 126.261, 6.34065, 839464960, 3300056315, 3257880033, 72.515
60, 116.026, 4.89822, 595927040, 3388909346, 3308085787, 162.051
61, 128.823, 6.32788, 854773760, 3433531603, 3375839937, 101.036
62, 109.118, 5.51445, 630958080, 3491202731, 3425254392, 135.487
63, 113.211, 5.39834, 640839680, 3524115382, 3470177093, 118.807
64, 118.504, 5.2177, 648355840, 3570720488, 3515109815, 119.183
65, 116.145, 5.40332, 658053120, 3613709579, 3555927182, 124.621
66, 114.917, 5.5287, 666204160, 3667272318, 3600505106, 146.754
67, 118.454, 5.45032, 676976640, 3699866221, 3637937050, 137.313
68, 120.881, 5.41976, 686970880, 3741989636, 3675821940, 153.413
69, 119.099, 5.56983, 695582720, 3764850513, 3706234261, 134.647
70, 128.946, 6.38492, 863303680, 3861962887, 3793005934, 158.848
71, 105.758, 9.19112, 1019248640, 4117175993, 4079956100, 135.019
72, 131.63, 7.71041, 1064222720, 4159168452, 4154383357, 12.1303
73, 138.372, 7.3768, 1070325760, 4227344163, 4219422201, 23.4032
74, 135.582, 7.67954, 1091788800, 4305600859, 4291998505, 29.5314
75, 126.37, 6.57812, 871659520, 4424294693, 4347011246, 147.466
76, 124.437, 6.67705, 871229440, 4476876534, 4425530958, 115.309
77, 129.987, 6.70088, 913336320, 4528480850, 4484628348, 87.9193
78, 132.383, 6.75825, 938137600, 4581282331, 4538404417, 84.0455
79, 133.047, 6.79303, 947691520, 4636967706, 4590824117, 91.8294
80, 134.612, 6.78434, 957614080, 4685246686, 4636613078, 92.5426
81, 134.572, 6.84419, 965775360, 4728017149, 4680040669, 91.5535
82, 135.344, 6.93271, 983879680, 4781385636, 4725753561, 106.882
83, 100.026, 9.63926, 1011015680, 4935896570, 4925894690, 36.0548
84, 129.574, 7.50456, 1019627520, 4988025444, 4986677244, 2.8435
85, 144.753, 6.71279, 1018900480, 5014852914, 5013402001, 3.57521
86, 145.761, 6.6667, 1018951680, 5041369701, 5036592952, 11.3323
87, 146.238, 6.64573, 1019064320, 5062276426, 5056741879, 11.7196
88, 148.886, 6.52797, 1019136000, 5084013704, 5075191042, 18.8157
89, 150.732, 6.44848, 1019207680, 5108296988, 5094108557, 27.7455
90, 152.752, 6.36328, 1019217920, 5121588457, 5109080917, 25.997
91, 152.448, 6.37607, 1019238400, 5147466452, 5127829573, 52.1986
92, 142.682, 7.11104, 1063905280, 5204527810, 5164653635, 86.8194
93, 154.084, 6.58485, 1063905280, 5204117672, 5178798196, 55.9124
94, 153.936, 6.59147, 1063956480, 5223234062, 5191556581, 72.8763
95, 151.596, 6.69381, 1064048640, 5242068338, 5203903660, 92.8341
96, 151.648, 6.69171, 1064079360, 5261237484, 5217181282, 110.775
97, 146.701, 6.91771, 1064130560, 5259426459, 5227684687, 85.3161
98, 146.954, 6.90617, 1064192000, 5279339774, 5237220813, 118.155
99, 149.083, 6.8077, 1064212480, 5303238756, 5269681510, 148.81
100, 139.567, 7.31191, 1070069760, 5367517136, 5320957289, 182.363
101, 147.487, 6.91951, 1070110720, 5382205830, 5332021075, 134.58
102, 147.22, 6.93246, 1070172160, 5398863466, 5340464806, 168.093
103, 143.263, 7.12398, 1070182400, 5399289314, 5350112278, 152.48
104, 141.814, 7.19726, 1070254080, 5407959848, 5360167601, 155.727
105, 139.098, 7.3379, 1070264320, 5414974842, 5369028278, 158.436
106, 137.444, 7.42646, 1070305280, 5420447927, 5379976827, 147.028
107, 134.396, 7.59498, 1070315520, 5422718667, 5388625008, 132.361
108, 132.102, 7.72684, 1070315520, 5443517085, 5420549539, 171.173
109, 135.392, 7.68812, 1091471360, 5531079451, 5452188725, 292.768
110, 137.5, 7.57047, 1091502080, 5510273054, 5464193643, 182.977
111, 137.234, 7.58534, 1091532800, 5526157056, 5474492655, 215.061
112, 139.112, 7.48381, 1091655680, 5529921789, 5484006213, 197.508
113, 136.184, 7.64488, 1091686400, 5542356726, 5494240280, 211.454
114, 134.725, 7.72793, 1091717120, 5555492740, 5504877065, 223.431
115, 142.489, 7.30717, 1091768320, 5597131639, 5523265059, 309.248
116, 133.328, 7.80933, 1091778560, 5579078135, 5560773524, 201.314
117, 143.341, 7.49517, 1126553600, 5749409554, 5616774031, 530.029
118, 139.538, 7.69943, 1126553600, 5675446536, 5628982028, 222.109
119, 139.772, 7.68686, 1126594560, 5686131665, 5639709310, 231.512
120, 142.827, 7.52281, 1126656000, 5694622154, 5650489001, 220.881
121, 143.179, 7.50458, 1126696960, 5703460373, 5662078459, 216.679
122, 138.699, 7.74716, 1126717440, 5717823737, 5671595399, 234.756
123, 137.968, 7.78825, 1126727680, 5730515048, 5681526825, 263.88
124, 137.899, 7.79224, 1126737920, 5749908459, 5729877506, 289.764
125, 139.392, 7.77735, 1136762880, 5890125228, 5772319174, 523.069
126, 140.196, 7.73303, 1136803840, 5827389825, 5782768367, 235.425
127, 141.462, 7.66416, 1136855040, 5841707007, 5791903894, 272.724
128, 140.002, 7.74444, 1136906240, 5855439435, 5802553675, 290.65
129, 138.074, 7.85281, 1136936960, 5866924131, 5813285876, 302.83
130, 136.576, 7.93921, 1136977920, 5875457999, 5822682233, 306.309
131, 136.233, 7.9594, 1137008640, 5877823706, 5831649203, 272.963
132, 137.103, 7.90899, 1137018880, 5900714544, 5884737913, 333.116
133, 144.775, 7.58742, 1151825920, 6060603841, 5925739044, 637.623
134, 142.679, 7.69922, 1151877120, 5990210631, 5936008227, 317.591
135, 140.656, 7.80969, 1151836160, 6002044774, 5946100131, 343.783
136, 138.547, 7.9289, 1151887360, 6005170286, 5956183026, 302.156
137, 138.296, 7.94371, 1151948800, 6014482488, 5965808010, 306.663
138, 139.107, 7.89761, 1151979520, 6022855926, 5974966210, 310.864
139, 139.875, 7.8544, 1152000000, 6042106997, 5985081446, 365.29
140, 136.613, 8.04209, 1152020480, 6041572317, 5993536639, 301.9
141, 122.445, 8.97268, 1152030720, 6059110522, 6048964931, 357.181
142, 139.022, 7.95472, 1159598080, 6211242787, 6088934383, 657.679
143, 139.036, 7.95444, 1159680000, 6164178444, 6098489467, 423.491
144, 139.248, 7.94285, 1159751680, 6165477863, 6108831849, 392.419
145, 139.686, 7.91807, 1159772160, 6177814086, 6118112874, 405.668
146, 138.615, 7.9794, 1159792640, 6185174147, 6128254464, 401.632
147, 135.38, 8.17028, 1159823360, 6189349183, 6138602336, 359.491
148, 139.16, 7.94856, 1159854080, 6213405149, 6148556951, 463.458
149, 140.19, 7.89057, 1159915520, 6227062969, 6159338250, 490.894
150, 140.489, 7.87377, 1159915520, 6241766970, 6231172956, 478.974
151, 140.006, 8.27678, 1215088640, 6406593780, 6278714067, 739.147
152, 144.208, 8.03583, 1215119360, 6357824312, 6292286236, 464.582
153, 142.73, 8.11916, 1215139840, 6375176315, 6303107241, 505.47
154, 141.29, 8.20206, 1215160320, 6367116229, 6312182793, 398.02
155, 143.739, 8.0625, 1215191040, 6386130832, 6322812104, 459.504
156, 143.345, 8.08486, 1215221760, 6396346292, 6331278830, 486.553
157, 139.946, 8.28146, 1215252480, 6402688368, 6341299057, 470.485
158, 142.405, 8.13866, 1215283200, 6412447187, 6404856795, 437.627
159, 143.79, 8.41634, 1268971520, 6587778405, 6457357727, 805.513
160, 147.384, 8.21143, 1269022720, 6531854154, 6465694939, 480.039
161, 142.236, 8.50886, 1269053440, 6529716310, 6475021872, 427.446
162, 148.698, 8.13948, 1269114880, 6549987151, 6487043005, 486.975
163, 143.428, 8.43876, 1269145600, 6560061511, 6497457931, 484.616
164, 147.78, 8.19047, 1269186560, 6559427309, 6507074594, 416.757
165, 144.024, 8.40454, 1269258240, 6559034876, 6515073146, 347.24
166, 143.636, 8.42752, 1269299200, 6580708171, 6526130057, 438.235
167, 142.538, 8.49248, 1269299200, 6599608589, 6595192487, 478.57
168, 148.047, 8.63285, 1340149760, 6788531698, 6760083795, 928.426
169, 150.213, 8.50907, 1340262400, 6836117710, 6791704122, 512.486
170, 148.927, 8.58282, 1340303360, 6856981373, 6815391128, 452.108
171, 150.427, 8.49749, 1340344320, 6890745574, 6836318063, 531.038
172, 146.313, 8.73665, 1340375040, 6900329708, 6852390449, 431.79
173, 146.659, 8.716, 1340375040, 6909014531, 6865777605, 391.576
174, 145.186, 8.80457, 1340395520, 6940879963, 6882593953, 550.284
175, 144.24, 8.86243, 1340416000, 6952301019, 6913429570, 462.971
176, 148.919, 8.69646, 1357977600, 7090638989, 6981911097, 927.558
177, 148.887, 8.69853, 1358008320, 7040227421, 6996358712, 400.867
178, 151.847, 8.52941, 1358080000, 7076390836, 7011928822, 589.84
179, 148.877, 8.70006, 1358151680, 7078619170, 7024477673, 489.538
180, 151.386, 8.55616, 1358202880, 7100381755, 7037697150, 561.952
181, 146.935, 8.81562, 1358243840, 7107067411, 7049178301, 507.47
182, 145.518, 8.90166, 1358274560, 7105899599, 7060410573, 430.748
183, 146.597, 8.83627, 1358295040, 7119439987, 7070938264, 446.139
184, 150.375, 8.61448, 1358325760, 7162678238, 7118627400, 673.43
185, 146.715, 8.91072, 1370839040, 7303335624, 7182602959, 1005.01
186, 151.078, 8.65352, 1370859520, 7255117736, 7196611150, 568.153
187, 151.232, 8.64552, 1370992640, 7265752638, 7207239497, 546.163
188, 151.595, 8.62496, 1371013120, 7291182438, 7220203945, 658.931
189, 152.13, 8.59488, 1371054080, 7302552749, 7237782968, 631.237
190, 151.115, 8.65282, 1371084800, 7311081120, 7248008150, 586.19
191, 148.427, 8.80975, 1371125760, 7311527777, 7257350191, 509.84
192, 148.886, 8.78279, 1371156480, 7333598902, 7268039600, 608.069
193, 146.499, 8.92606, 1371176960, 7354110412, 7319655681, 682.128
194, 159.008, 8.25776, 1376829440, 7511915691, 7373933262, 1122.66
195, 149.81, 8.75547, 1375375360, 7447574776, 7386698388, 595.979
196, 149.007, 8.80278, 1375395840, 7463768467, 7400329873, 609.741
197, 150.772, 8.70035, 1375488000, 7487138990, 7425234819, 624.482
198, 147.078, 8.91897, 1375508480, 7489655545, 7433640378, 532.522
199, 147.348, 8.90285, 1375539200, 7500616599, 7443807653, 545.7
200, 147.522, 8.8926, 1375580160, 7512764875, 7454275769, 572.758
201, 146.546, 8.95192, 1375590400, 7534160975, 7507499611, 641.705
202, 153.161, 8.70375, 1397831680, 7688754221, 7561775930, 1074.69
203, 150.583, 8.85288, 1397852160, 7634091932, 7574030446, 563.199
204, 147.853, 9.01678, 1397913600, 7643744018, 7585848775, 589.794
205, 149.525, 8.91628, 1397964800, 7656515201, 7597870484, 593.91
206, 148.569, 8.97398, 1398016000, 7673732177, 7609522349, 643.087
207, 145.707, 9.1505, 1398056960, 7673768843, 7618811040, 543.328
208, 144.05, 9.25604, 1398097920, 7685644997, 7630924048, 539.376
209, 146.971, 9.07238, 1398149120, 7712111813, 7691148452, 690.458
