Backup ID, Ecall, Inline_Ocall, Offline_Ocall, _Inline_FPOcall, _Inline_SFOcall, _Inline_LocalOcall, _Inline_LoadOcall, _Inline_DeltaOcall, _Inline_RecipeOcall, _Inline_Write_ContainerOcall, _inline_have_similar_chunk_num, _inline_need_load_container_num
0,195,637,5,193,193,0,34,193,24,27,64,33,
1,394,1283,10,390,390,0,65,390,48,36,8227,276,
2,599,1957,15,593,593,0,105,593,73,45,17259,727,
3,808,2649,20,800,800,0,151,800,98,54,26191,1378,
4,1020,3368,12075,1010,1010,1,214,1009,124,64,35360,2240,
5,1238,4115,12080,1226,1226,1,287,1225,150,74,44773,3288,
6,1458,4868,94579,1444,1444,6,359,1438,177,84,54758,4548,
7,1681,5654,200657,1665,1665,12,455,1653,204,95,64862,5992,
8,1910,6464,366524,1892,1892,48,556,1844,232,108,75803,7621,
9,2141,7326,568681,2121,2121,113,703,2008,260,121,86945,9298,
10,2377,8237,794247,2355,2355,181,883,2174,289,135,98267,11019,
11,2620,9224,1040530,2596,2596,248,1117,2348,319,149,109599,12747,
12,2865,10263,1289027,2839,2839,299,1397,2540,349,163,120787,14419,
13,3117,11363,1569269,3089,3089,369,1716,2720,380,180,132506,16276,
14,3379,12492,1869590,3349,3349,436,2033,2913,412,198,143740,18073,
15,3646,13681,2176702,3614,3614,490,2394,3124,445,214,155958,19878,
16,3917,14917,2495237,3883,3883,539,2790,3344,478,232,166650,21684,
17,4216,16311,2833806,4180,4180,603,3256,3577,515,252,176811,23669,
18,4526,17759,3213795,4488,4488,675,3742,3813,553,272,189630,25779,
19,4851,19208,3607434,4811,4811,736,4182,4075,593,291,203712,27911,
20,5187,20712,4032251,5145,5145,799,4643,4346,634,309,218701,30091,
21,5539,22265,4469604,5495,5495,862,5103,4633,677,329,234380,32386,
22,5903,23848,4951421,5857,5857,948,5555,4909,722,349,251056,34875,
23,6275,25445,5496053,6227,6227,1055,5996,5172,768,369,268770,37497,
24,6655,27103,6024166,6605,6605,1134,6473,5471,815,388,286869,40059,
25,7037,28816,6598863,6985,6985,1221,6999,5764,862,407,305041,42730,
26,7435,30538,7230992,7381,7381,1343,7484,6038,911,430,323419,45580,
27,7841,32394,7825202,7785,7785,1424,8078,6361,961,448,342559,48278,
28,8256,34204,8568539,8198,8198,1585,8598,6613,1012,472,362991,51454,
29,8672,36116,9190459,8612,8612,1665,9217,6947,1063,491,382920,54224,
30,9153,38352,9993121,9091,9091,1868,9957,7223,1122,542,394854,58042,
31,9644,40545,10306504,9580,9580,1877,10622,7703,1183,559,416910,59989,
32,10144,42782,10711065,10078,10078,1890,11303,8188,1245,576,439904,62340,
33,10650,45069,11296639,10582,10582,1927,12016,8655,1307,593,464210,65161,
34,11165,47349,11929775,11095,11095,1975,12693,9120,1371,611,488802,68293,
35,11691,49656,12696956,11619,11619,2052,13363,9567,1436,632,513792,71753,
36,12223,51953,13501324,12149,12149,2147,14004,10002,1502,653,539209,75451,
37,12754,54241,14357081,12678,12678,2264,14639,10414,1568,676,564758,79258,
38,13288,56517,15229066,13210,13210,2398,15253,10812,1634,699,591639,83062,
39,13825,58868,16174686,13745,13745,2539,15933,11206,1700,723,617746,86941,
40,14245,60697,17494198,14163,14163,2807,16456,11356,1752,750,638561,90909,
41,14670,62726,18719599,14586,14586,3021,17164,11565,1804,775,659893,94498,
42,15100,64859,19888638,15014,15014,3188,17960,11826,1857,797,681663,97889,
43,15537,66914,21156793,15449,15449,3390,18656,12059,1911,822,703853,101461,
44,15980,68994,22443011,15890,15890,3583,19358,12307,1966,846,726183,105065,
45,16431,71152,23720925,16339,16339,3767,20113,12572,2022,868,749161,108623,
46,16891,73335,25072077,16797,16797,3970,20865,12827,2079,892,772660,112444,
47,17357,75567,26372911,17261,17261,4171,21648,13090,2136,914,796919,116192,
48,17830,77881,27660451,17732,17732,4350,22491,13382,2194,934,821521,119892,
49,18373,80256,29257393,18273,18273,4680,23176,13593,2261,967,847727,124846,
50,19025,83202,30902299,18923,18923,5047,24091,13876,2342,1033,867502,130612,
51,19685,86432,31739992,19581,19581,5080,25265,14501,2424,1055,897838,133598,
52,20394,89939,32618697,20288,20288,5120,26563,15168,2512,1080,928953,137067,
53,21133,93331,33690889,21025,21025,5195,27652,15830,2604,1104,961948,141059,
54,21878,96576,34996658,21768,21768,5310,28576,16458,2696,1130,993959,145474,
55,22631,99853,36369845,22518,22518,5462,29509,17057,2789,1159,1027946,150287,
56,23385,103063,37659540,23259,23259,5599,30392,17672,2882,1186,1061638,155099,
57,24136,106225,38928129,23981,23981,5758,31268,18262,2975,1215,1094439,160022,
58,24884,109384,40361361,24697,24697,5942,32156,18824,3068,1244,1127847,165028,
59,25641,112654,41803943,25423,25423,6132,33125,19389,3162,1274,1161231,170065,
60,26189,115053,43951869,25969,25969,6492,33818,19575,3230,1309,1189146,175442,
61,26958,118389,45683633,26706,26706,6766,34818,20068,3325,1343,1222853,180927,
62,27537,121128,47682124,27282,27282,7051,35756,20360,3397,1374,1251448,185826,
63,28125,123973,49570654,27867,27867,7284,36772,20713,3470,1401,1280457,190384,
64,28720,126802,51487693,28459,28459,7520,37750,21070,3544,1428,1310333,195051,
65,29322,129692,53361380,29058,29058,7762,38768,21428,3618,1455,1340819,199807,
66,29932,132604,55470596,29665,29665,8046,39783,21752,3693,1485,1371529,204780,
67,30551,135600,57443031,30281,30281,8294,40853,22121,3770,1512,1403057,209633,
68,31180,138587,59544893,30907,30907,8564,41883,22478,3848,1540,1434578,214668,
69,31816,141712,61475857,31540,31540,8797,43029,22879,3927,1565,1466529,219539,
70,32593,145018,63782268,32281,32281,9205,43982,23246,4023,1606,1499646,225966,
71,33504,148861,66309647,33160,33160,9741,45045,23619,4136,1690,1524022,234127,
72,34451,153152,67025205,34073,34073,9761,46447,24544,4254,1714,1561062,237571,
73,35404,157345,68119886,34991,34991,9799,47735,25457,4372,1736,1598938,241528,
74,36375,161613,69329373,35925,35925,9860,49045,26365,4493,1761,1638210,246172,
75,37160,165155,71720714,36671,36671,10186,50215,26822,4590,1797,1674028,252106,
76,37943,168723,73851968,37416,37416,10475,51415,27314,4687,1832,1707299,257713,
77,38761,172439,75706429,38194,38194,10685,52658,27920,4788,1861,1743038,262879,
78,39600,176206,77471801,38994,38994,10882,53884,28560,4892,1889,1779815,268157,
79,40450,179995,79271895,39802,39802,11086,55104,29204,4997,1917,1817081,273613,
80,41308,183752,80994793,40608,40608,11292,56287,29854,5103,1944,1855002,279043,
81,42173,187655,82764566,41412,41412,11485,57612,30524,5210,1970,1893454,284485,
82,43055,191570,84566244,42235,42235,11723,58892,31166,5319,1999,1932834,290155,
83,44077,197307,86627692,43195,43195,12012,61562,31897,5446,2055,1942975,296821,
84,45108,202308,86878815,44161,44161,12021,63474,32917,5574,2074,1979882,300434,
85,46138,206921,87197230,45122,45122,12029,65009,33937,5702,2086,2023082,304239,
86,47168,211463,87977866,46083,46083,12057,66473,34937,5830,2098,2067463,308686,
87,48199,215965,88684262,47046,47046,12087,67892,35936,5958,2109,2112767,313544,
88,49230,220407,89544935,48006,48006,12130,69257,36922,6086,2120,2158572,318854,
89,50261,224737,90554304,48964,48964,12199,70514,37882,6214,2132,2204281,324260,
90,51292,229011,91500830,49922,49922,12259,71715,38851,6342,2143,2250552,329877,
91,52323,233260,92675272,50878,50878,12367,72895,39772,6470,2156,2297380,335662,
92,53391,237941,94364550,51875,51875,12582,74383,40623,6603,2179,2340975,342111,
93,54459,242340,95547576,52871,52871,12697,75591,41574,6736,2193,2387628,347914,
94,55527,246834,96817472,53869,53869,12845,76890,42492,6869,2208,2434689,354052,
95,56595,251398,98249381,54862,54862,13024,78269,43379,7002,2225,2481766,360362,
96,57663,256057,99835343,55853,55853,13237,79747,44232,7135,2244,2528186,366844,
97,58731,260860,101163827,56839,56839,13387,81379,45148,7268,2259,2575745,373097,
98,59799,265632,102727370,57826,57826,13586,82978,46015,7401,2276,2623490,379500,
99,60868,270375,104590052,58809,58809,13840,84555,46828,7534,2296,2670709,386210,
100,61942,275240,106881463,59794,59794,14184,86245,47556,7667,2324,2715215,393359,
101,63016,280078,108688452,60775,60775,14405,87916,48407,7800,2343,2761765,399877,
102,64090,284939,110667011,61756,61756,14666,89610,49218,7933,2364,2809211,406570,
103,65164,289924,112585423,62736,62736,14900,91430,50056,8066,2383,2856968,413221,
104,66238,294920,114477533,63716,63716,15128,93261,50900,8199,2402,2904565,419782,
105,67312,300046,116451676,64696,64696,15343,95222,51757,8332,2420,2952752,426365,
106,68386,305285,118382513,65676,65676,15534,97296,52638,8465,2437,3000211,432751,
107,69460,310595,120325611,66656,66656,15693,99441,53551,8598,2452,3048615,438979,
108,70534,316030,122489505,67636,67636,15895,101711,54421,8731,2469,3096985,445430,
109,71627,321086,125750564,68637,68637,16316,103538,55091,8867,2500,3142533,453315,
110,72720,326352,128126285,69638,69638,16540,105575,55958,9003,2519,3190443,459918,
111,73813,331669,130707959,70638,70638,16783,107665,56806,9139,2538,3238869,466682,
112,74906,336975,133171631,71637,71637,17009,109746,57671,9275,2556,3287650,473309,
113,75999,342387,135726857,72636,72636,17243,111933,58528,9411,2574,3336283,480031,
114,77092,347804,138440883,73635,73635,17486,114125,59376,9547,2593,3384768,486806,
115,78186,352837,141728289,74636,74636,17904,115928,60050,9683,2619,3430911,494622,
116,79279,358289,144360662,75635,75635,18106,118155,60939,9819,2636,3479499,501101,
117,80400,362656,149755737,76661,76661,18820,119212,61344,9958,2686,3529426,511508,
118,81521,367997,152729246,77687,77687,19037,121243,62246,10097,2704,3577818,517898,
119,82642,373379,155670391,78714,78714,19253,123313,63149,10236,2722,3626820,524487,
120,83763,378677,158615338,79740,79740,19468,125301,64053,10375,2740,3676142,531053,
121,84884,383946,161602671,80760,80760,19670,127272,64970,10514,2758,3725151,537379,
122,86005,389331,164666520,81782,81782,19890,129355,65869,10653,2775,3774544,543968,
123,87126,394803,167877259,82804,82804,20121,131525,66757,10792,2793,3823907,550691,
124,88248,400210,171346132,83826,83826,20387,133629,67611,10931,2814,3873303,557583,
125,89380,405008,176837215,84860,84860,20983,135088,68145,11072,2858,3923506,566913,
126,90512,410396,180039665,85892,85892,21185,137141,69073,11213,2876,3972412,573426,
127,91644,415746,183514586,86924,86924,21412,139156,69976,11354,2894,4022378,580077,
128,92776,421106,187042011,87953,87953,21660,141187,70858,11495,2913,4072002,586824,
129,93908,426594,190715759,88981,88981,21918,143348,71730,11636,2933,4121573,593875,
130,95040,432082,194424619,90007,90007,22172,145513,72606,11777,2952,4171582,600771,
131,96172,437685,197989830,91028,91028,22394,147803,73514,11918,2970,4221844,607538,
132,97304,443253,201915576,92049,92049,22661,150058,74377,12059,2991,4271746,614626,
133,98451,447814,208440006,93087,93087,23327,151255,74856,12202,3039,4323222,624429,
134,99598,453183,212389978,94125,94125,23578,153260,75750,12345,3059,4373054,631226,
135,100745,458576,216677147,95161,95161,23839,155293,76634,12488,3079,4423198,638201,
136,101892,464064,220641091,96197,96197,24076,157421,77542,12631,3098,4473693,645081,
137,103040,469567,224626832,97236,97236,24309,159557,78455,12774,3117,4524377,651983,
138,104187,475075,228643359,98272,98272,24535,161705,79374,12917,3135,4575019,658733,
139,105334,480629,233011843,99309,99309,24809,163897,80245,13060,3155,4625345,665812,
140,106481,486338,237010100,100345,100345,25039,166246,81160,13203,3173,4675977,672633,
141,107628,492089,241303554,101382,101382,25285,168635,82059,13346,3193,4726431,679622,
142,108784,496956,248113813,102429,102429,25890,170110,82608,13490,3237,4777782,689225,
143,109940,502490,252940000,103477,103477,26192,172250,83460,13634,3260,4827872,696435,
144,111096,508065,257511315,104523,104523,26459,174435,84347,13778,3280,4878554,703466,
145,112252,513626,262172537,105569,105569,26745,176606,85215,13922,3301,4929423,710775,
146,113408,519210,266808638,106615,106615,27015,178800,86099,14066,3321,4980360,717934,
147,114564,524973,271338416,107660,107660,27262,181175,87006,14210,3340,5031238,724991,
148,115720,530547,276402553,108704,108704,27575,183363,87847,14354,3362,5082182,732329,
149,116876,536011,281660772,109750,109750,27913,185437,88663,14498,3385,5132879,739845,
150,118032,541506,286913293,110792,110792,28252,187550,89478,14642,3410,5182601,747428,
151,119233,546625,294577204,111883,111883,28888,189139,90041,14791,3457,5235009,757461,
152,120434,552231,299906881,112973,112973,29202,191217,90926,14940,3480,5285459,764846,
153,121635,557799,305372307,114063,114063,29553,193257,91774,15089,3505,5336143,772551,
154,122836,563537,310202234,115153,115153,29815,195467,92711,15238,3524,5387710,779696,
155,124037,569149,315567973,116243,116243,30128,197551,93597,15387,3546,5439078,787188,
156,125238,574841,321063429,117330,117330,30438,199721,94486,15536,3568,5490658,794662,
157,126439,580648,326355010,118416,118416,30731,202008,95392,15685,3590,5542137,801985,
158,127640,586400,331599826,119504,119504,31015,204236,96307,15834,3612,5593386,809285,
159,128885,591494,339948431,120636,120636,31685,205668,96880,15989,3661,5646218,819674,
160,130130,597248,345448533,121763,121763,31979,207770,97829,16144,3683,5697653,826990,
161,131375,603129,350553357,122894,122894,32230,209991,98821,16299,3703,5749588,834235,
162,132620,608864,356136075,124025,124025,32534,212066,99760,16454,3725,5801302,841773,
163,133865,614764,361775718,125153,125153,32841,214312,100696,16609,3747,5853200,849267,
164,135110,620581,366968578,126283,126283,33086,216471,101694,16764,3766,5905630,856379,
165,136355,626595,371728361,127409,127409,33290,218835,102733,16919,3783,5958346,863250,
166,137600,632571,377169271,128535,128535,33564,221161,103702,17074,3803,6010699,870652,
167,138845,638540,382887416,129657,129657,33857,223488,104652,17229,3825,6062718,878084,
168,140147,643930,392041782,130838,130838,34557,225054,105252,17391,3877,6117002,888648,
169,141449,649961,397838195,132011,132011,34858,227277,106251,17553,3900,6168869,896110,
170,142751,656041,403374865,133179,133179,35117,229559,107292,17715,3921,6221493,903382,
171,144054,662061,409297457,134347,134347,35427,231780,108283,17877,3943,6274289,910996,
172,145357,668271,414741653,135515,135515,35686,234191,109325,18039,3963,6327390,918317,
173,146659,674550,419957380,136681,136681,35909,236676,110402,18201,3981,6380494,925495,
174,147962,680703,426158559,137847,137847,36222,239034,111390,18363,4003,6433392,933191,
175,149265,686988,431937242,139013,139013,36486,241524,112427,18525,4024,6485966,940704,
176,150584,692322,441319262,140193,140193,37167,243017,113063,18689,4072,6540554,951006,
177,151903,698527,446717966,141373,141373,37384,245381,114163,18853,4091,6593452,958030,
178,153222,704535,453187525,142547,142547,37712,247560,115152,19017,4115,6646310,965802,
179,154541,710729,459051865,143714,143714,37985,249939,116196,19181,4136,6699705,973271,
180,155861,716855,465409815,144881,144881,38305,252249,117194,19345,4159,6753018,981137,
181,157180,723061,471579076,146043,146043,38598,254650,118218,19509,4180,6806503,988697,
182,158499,729420,477306093,147203,147203,38833,257208,119300,19673,4199,6860258,995960,
183,159819,735746,483071727,148363,148363,39073,259732,120378,19837,4218,6914073,1003339,
184,161139,741833,490362391,149519,149519,39472,262025,121297,20001,4245,6966996,1011712,
185,162471,747245,500209263,150690,150690,40156,263599,121943,20167,4295,7020636,1022266,
186,163803,753366,506615505,151861,151861,40443,265882,122986,20333,4318,7073592,1029813,
187,165135,759472,512901535,153032,153032,40727,268150,124032,20499,4340,7127437,1037395,
188,166467,765509,520047792,154200,154200,41082,270355,125007,20665,4365,7181165,1045481,
189,167799,771536,527075774,155363,155363,41432,272560,125987,20831,4389,7234369,1053490,
190,169131,777679,533651000,156521,156521,41734,274891,127015,20997,4411,7288378,1061295,
191,170463,783862,539889080,157678,157678,41998,277264,128081,21163,4431,7342720,1068932,
192,171795,790019,546829501,158833,158833,42319,279615,129090,21329,4454,7396777,1076866,
193,173127,796138,554160453,159982,159982,42678,281940,130061,21495,4480,7450567,1085069,
194,174465,801158,564867177,161134,161134,43442,283154,130633,21661,4531,7504236,1096322,
195,175801,807218,571594768,162282,162282,43738,285418,131671,21827,4553,7557479,1103989,
196,177137,813336,578593228,163429,163429,44055,287742,132688,21993,4576,7611270,1111919,
197,178474,819365,585927004,164578,164578,44418,289972,133660,22159,4601,7664286,1120313,
198,179810,825584,592392824,165722,165722,44684,292403,134728,22325,4622,7718633,1127915,
199,181146,831803,599012287,166868,166868,44958,294830,135788,22491,4643,7772930,1135585,
200,182482,838086,605703491,168014,168014,45239,297321,136841,22657,4665,7827148,1143296,
201,183818,844386,612886517,169159,169159,45563,299831,137851,22823,4689,7881003,1151298,
202,185174,849828,623594407,170330,170330,46255,301408,138513,22992,4738,7936470,1162010,
203,186530,855986,630464882,171498,171498,46541,303707,139581,23161,4761,7989760,1169539,
204,187886,862280,637313503,172668,172668,46823,306138,140653,23330,4783,8044000,1177286,
205,189242,868535,644144198,173836,173836,47109,308534,141721,23499,4805,8098373,1185065,
206,190598,874838,651351019,175004,175004,47424,310978,142760,23668,4828,8153132,1193044,
207,191954,881341,658001633,176171,176171,47688,313624,143850,23837,4849,8208141,1200760,
208,193310,887812,664779046,177339,177339,47968,316236,144924,24006,4870,8262348,1208526,
209,194667,894148,672444043,178509,178509,48306,318708,145941,24175,4894,8317031,1216639,
