Backup ID, Logical chunk num, Unique chunk num, Base chunk num, Delta chunk num, Logical chunk size, Unique chunk size, Base chunk size, Delta chunk size, LZ4_save size, Delta_save size, 
0,47270,45091,44906,185,374824960,355493664,226778261,120817,127105175,1489411
1,93760,63193,55049,8144,741068800,495103669,276897648,1016963,157232353,59956705
2,140254,80435,64881,15554,1108418560,629979924,325840223,2044795,187572049,114522857
3,186916,97135,73639,23496,1477611520,759367472,369711798,3096802,214608209,171950663
4,233561,111930,80949,30981,1846190080,875009206,405026442,3974480,239222064,226786220
5,271616,126584,88572,38012,2149201920,988912863,439874250,4972352,265462993,278603268
6,333509,182509,140948,41561,2647705600,1439024217,689245087,6271767,439106989,304400374
7,375631,217536,167247,50289,2997319680,1732574333,804781528,12490238,543718345,371584222
8,419564,249310,185549,63761,3364526080,1998004082,894722153,19807364,601820186,481654379
9,463497,249332,185566,63766,3731732480,1998126473,894741530,19809778,601894878,481680287
10,511234,257100,191007,66093,4109803520,2059446492,921775172,20091235,619909891,497670194
11,550375,262844,194502,68342,4422103040,2104629607,937502836,20300094,633917426,512909251
12,589502,277512,202152,75360,4734248960,2218783128,974408654,21303908,659107581,563962985
13,652520,280730,202633,78097,5241784320,2241418287,976333586,21653246,660597073,582834382
14,717905,300858,212011,88847,5764464640,2400783295,1018477884,23026830,691705563,667573018
15,783325,316129,218045,98084,6287237120,2525462985,1047749094,24034218,712603289,741076384
16,829595,341773,228605,113168,6673735680,2745488039,1094286580,35808677,755943239,859449543
17,875466,350721,230116,120605,7057971200,2823472834,1100004930,44241010,762109266,917117628
18,923854,357394,234261,123133,7442227200,2876277470,1118362721,44478502,778996643,934439604
19,971484,363629,237670,125959,7817871360,2924628193,1132562298,44018552,793271094,954776249
20,1019179,369592,240786,128806,8194682880,2971142827,1145184509,44347595,807086262,974524461
21,1067026,375496,243794,131702,8573368320,3017413239,1157125581,44717391,820941460,994628807
22,1112897,375519,243806,131713,8957603840,3017536324,1157138520,44720410,820987536,994689858
23,1158768,375540,243809,131731,9341839360,3017643824,1157139889,44723990,820999991,994779954
24,1207545,391103,252456,138647,9731287040,3147129212,1203362769,45576928,847111751,1051077764
25,1256392,394790,253267,141523,10121338880,3173146392,1207554760,45833561,848676764,1071081307
26,1305302,398504,253796,144708,10512404480,3198894091,1209392327,46209036,850352490,1092940238
27,1354172,412295,259574,152721,10903429120,3314601417,1238396843,47130474,870489862,1158584238
28,1402940,415863,260231,155632,11293941760,3340115247,1242328413,47450541,871571683,1178764610
29,1443085,436186,269076,167110,11619184640,3504542465,1285830187,49571985,900218269,1268922024
30,1483217,452933,275448,177485,11944468480,3640857118,1316002991,50857778,922607495,1351388854
31,1523363,455386,275843,179543,12269639680,3659050396,1318169564,51098514,923455976,1366326342
32,1563546,457878,276343,181535,12595281920,3677505788,1320992844,51300983,924449910,1380762051
33,1603775,460343,276814,183529,12921047040,3695746745,1323825142,51523591,925361690,1395036322
34,1648884,470364,280799,189565,13298063360,3789919389,1335692774,65353261,951721289,1437152065
35,1694029,478149,281777,196372,13675489280,3861312313,1339624306,73977755,955872871,1491837381
36,1741440,485699,282373,203326,14072944640,3929958353,1342326585,81872768,958282482,1547476518
37,1788524,505702,287568,218134,14468106240,4101652910,1368278903,93152325,974816484,1665405198
38,1835523,513397,288604,224793,14863370240,4171832822,1372292962,103830452,981114431,1714594977
39,1876216,530689,297348,233341,15191316480,4311487807,1415637112,104381806,1007578339,1783890550
40,1913449,545953,302281,243672,15492782080,4436563133,1439886938,106140309,1023578951,1866956935
41,1950738,563025,308345,254680,15794718720,4575785202,1469781518,108244098,1042685913,1955073673
42,1988065,578196,314325,263871,16096768000,4699732147,1500920447,109977766,1059967843,2028866091
43,2025433,582690,315597,267093,16399237120,4732139714,1506588533,110595650,1063782256,2051173275
44,2074134,597635,323128,274507,16789903360,4856818378,1546096574,113475378,1087958338,2109288088
45,2122847,600194,323721,276473,17180590080,4875734367,1549803856,113461394,1088970986,2123498131
46,2171519,603472,324164,279308,17570560000,4899115325,1552015605,113809097,1090181498,2143109125
47,2220326,618425,329593,288832,17961431040,5021636387,1576512010,114564106,1110639915,2219920356
48,2257694,618450,329601,288849,18263900160,5021781860,1576517081,114567504,1110671717,2220025558
49,2307202,622086,331469,290617,18659973120,5049354401,1589858016,114774641,1112314319,2232407425
50,2356622,624875,332162,292713,19055656960,5069977693,1594421112,115018970,1113246380,2247291231
51,2405612,636347,336317,300030,19468840960,5177786411,1610446417,134110704,1136512216,2296717074
52,2447006,637794,336771,301023,19802460160,5189341117,1613492916,133963828,1137228629,2304655744
53,2484962,639336,337431,301905,20109813760,5201673249,1618198352,134109282,1137939098,2311426517
54,2522969,640807,338133,302674,20417689600,5213578195,1623180515,134227478,1138632189,2317538013
55,2561009,642051,338573,303478,20725667840,5223559501,1626206208,134273730,1139206727,2323872836
56,2599098,643311,338827,304484,21034076160,5233628060,1627694551,134375836,1139754665,2331803008
57,2639876,645916,339405,306511,21364449280,5252952705,1631214741,134874632,1140700346,2346162986
58,2680677,648640,340081,308559,21695129600,5273120641,1635386756,135137680,1141747204,2360849001
59,2721490,651174,340493,310681,22025707520,5292001087,1637730094,135458336,1142564753,2376247904
60,2762338,653720,340908,312812,22356746240,5310963607,1640225981,135642253,1143346244,2391749129
61,2803249,656273,341299,314974,22687907840,5329807731,1642435986,135870793,1144101124,2407399828
62,2850269,667060,343181,323879,23082076160,5426033199,1648872452,145018869,1154710658,2477431220
63,2897423,675589,343848,331741,23477360640,5503728992,1651664420,154181867,1157358229,2540524476
64,2946849,684080,344520,339560,23892674560,5580869610,1654353510,162712179,1160345525,2603458396
65,2995937,692541,345142,347399,24305715200,5657844301,1656718460,172144769,1163069230,2665911842
66,3034026,692567,345155,347412,24614123520,5657992401,1656732453,172149518,1163119458,2665990972
67,3083892,695994,346718,349276,25014067200,5683878422,1665231703,172129439,1166998827,2679518453
68,3133068,710148,353007,357141,25406832640,5802337491,1698331141,173115361,1187175183,2743715806
69,3182530,712856,353751,359105,25803069440,5822555219,1703557974,173084880,1188135490,2757776875
70,3220619,712881,353755,359126,26111477760,5822699186,1703559864,173090923,1188152032,2757896367
71,3263035,735096,374478,360618,26455859200,6005656824,1820417487,174018522,1242498364,2768722451
72,3307336,746419,383410,363009,26815508480,6098796294,1868791031,174543307,1268214757,2787247199
73,3350218,752391,387858,364533,27163023360,6147772247,1893759320,174504930,1279814703,2799693294
74,3393144,753605,388184,365421,27510743040,6157487549,1895954485,174608227,1280291896,2806632941
75,3436144,759571,391744,367827,27858503680,6204746036,1913568786,175149799,1291274000,2824753451
76,3479144,762358,392397,369961,28206233600,6225611499,1917065615,175262298,1292871732,2840411854
77,3523445,770570,397586,372984,28565800960,6291053095,1942281105,175991702,1310341539,2862438749
78,3567732,772866,398017,374849,28925265920,6310049010,1944568770,176011845,1311686001,2877782394
79,3612081,781297,402918,378379,29285120000,6376027080,1967498428,177555092,1328747295,2902226265
80,3656412,784282,403438,380844,29644994560,6399193338,1969798888,177080131,1330598245,2921716074
81,3700674,787566,404274,383292,30004213760,6425556325,1974184115,177365386,1332760069,2941246755
82,3740691,798725,413900,384825,30326528000,6515039713,2026875171,177980078,1357411562,2952772902
83,3783372,805381,418352,387029,30671964160,6567954497,2050014820,178418668,1370208162,2969312847
84,3825950,810353,421749,388604,31016939520,6607659097,2067515627,178834283,1380404448,2980904739
85,3868596,815960,424393,391567,31362539520,6650687784,2084925698,179443307,1384244596,3002074183
86,3910995,819466,425293,394173,31706787840,6677029366,2089933835,179696733,1386477421,3020921377
87,3953403,821838,425577,396261,32051159040,6694505446,2090976585,179892289,1387540505,3036096067
88,3997704,821859,425581,396278,32410808320,6694628515,2090984584,179897433,1387561861,3036184637
89,4042378,824073,427500,396573,32773447680,6712487789,2105549997,179981032,1388718649,3038238111
90,4086956,826102,428626,397476,33135206400,6728833826,2114274534,180126266,1389327281,3045105745
91,4131606,827496,428991,398505,33497640960,6740028415,2116702260,180121351,1389859874,3053344930
92,4176284,834288,433155,401133,33860229120,6794113241,2136293112,180793348,1404765950,3072260831
93,4220932,838026,433823,404203,34222755840,6822115611,2138887545,182575105,1407075135,3093577826
94,4265582,838047,433828,404219,34585190400,6822244413,2138891401,182578178,1407094489,3093680345
