Backup ID, FPindex, SFindex, Deltaindex
0,3607280,8562432,10176
1,5055440,10506112,514048
2,6434800,12391616,825888
3,7770800,14067776,1127616
4,8954400,15468544,1406944
5,10126720,16925312,1676320
6,14600720,26913408,1835456
7,17402880,31773568,2307808
8,19944800,35222208,2913024
9,19946560,35224768,2913280
10,20568000,36268416,2996960
11,21027520,36939072,3085152
12,22200960,38400576,3338048
13,22458400,38492672,3471680
14,24068640,40289024,3900352
15,25290320,41445888,4219232
16,27341840,43444928,4811008
17,28057680,43686272,5113184
18,28591520,44479488,5208000
19,29090320,45131392,5313376
20,29567360,45728256,5416000
21,30039680,46303488,5519872
22,30041520,46305792,5520416
23,30043200,46306368,5521248
24,31288240,47965056,5761504
25,31583200,48119808,5875200
26,31880320,48219456,5988896
27,32983600,49323328,6278304
28,33269040,49448064,6379968
29,34894880,51137088,6801920
30,36234640,52354624,7160096
31,36430880,52428992,7234080
32,36630240,52523136,7305632
33,36827440,52612672,7377920
34,37629120,53343424,7594240
35,38251920,53512000,7863968
36,38855920,53611776,8103104
37,40456160,54554048,8617312
38,41071760,54709824,8849088
39,42455120,56374784,9145536
40,43676240,57309632,9541568
41,45042000,58439168,9934976
42,46255680,59580480,10255808
43,46615200,59820608,10374528
44,47810800,61257408,10633728
45,48015520,61369664,10705504
46,48277760,61453184,10806816
47,49474000,62483456,11146528
48,49476000,62484928,11147456
49,49766880,62842240,11205952
50,49990000,62973952,11286112
51,50907760,63744064,11551392
52,51023520,63830720,11600736
53,51146880,63956864,11634560
54,51264560,64061248,11664576
55,51364080,64120192,11693536
56,51464880,64165248,11729056
57,51673280,64274048,11804832
58,51891200,64402688,11880672
59,52093920,64480064,11955264
60,52297600,64557760,12028320
61,52501840,64630720,12101504
62,53364800,64971456,12445728
63,54047120,65068096,12726656
64,54726400,65181568,12989664
65,55403280,65248512,13255840
66,55405360,65250944,13256448
67,55679520,65549184,13319616
68,56811840,66751744,13588064
69,57028480,66892096,13658240
70,57030480,66892864,13659232
71,58807680,70866432,13744160
72,59713520,72579520,13863552
73,60191280,73433088,13934848
74,60288400,73495552,13968000
75,60765680,74178944,14055808
76,60988640,74301568,14130240
77,61645600,75294208,14238112
78,61829280,75371712,14313824
79,62503760,76309120,14438720
80,62742560,76408000,14534368
81,63005280,76566784,14627168
82,63898000,78407680,14698368
83,64430480,79258176,14790496
84,64828240,79903872,14851296
85,65276800,80408832,14958624
86,65557280,80577472,15047424
87,65747040,80629184,15116960
88,65748720,80629888,15117728
89,65925840,80998208,15128512
90,66088160,81212032,15178976
91,66199680,81281600,15219648
92,66743040,82079552,15315616
93,67042080,82204736,15432512
94,67043760,82205696,15433184
