Backup ID, Online Delta_save, Offline Delta_save, Offline delta time, Offline dedelta time, Offline delete time, Offline Delta chunk num
0,1429684,59727,26,20,3,6
1,59869735,86970,57,48,7,9
2,114280209,242648,136,107,19,29
3,171553381,397282,216,167,28,49
4,226023021,763199,423,317,48,106
5,277279288,1323980,846,645,72,201
6,302534495,1865879,1104,810,93,294
7,368803546,2780676,1343,929,127,414
8,476004454,5649925,2941,2139,186,802
9,476030362,5649925,2941,2139,186,802
10,491793569,5876625,3106,2267,200,839
11,506448297,6460954,3515,2582,227,933
12,548989228,14973757,8826,6638,319,2188
13,566842963,15991419,9521,7188,363,2333
14,647401294,20171724,12961,9977,426,2984
15,719755161,21321223,13676,10485,472,3191
16,824507264,34942279,23176,17847,570,5329
17,847601029,69516599,35837,26066,649,9771
18,861285955,73153649,40141,29815,723,10326
19,876216811,78559438,45391,34399,816,10992
20,891641154,82883307,50125,38477,883,11648
21,906305320,88323487,57831,45367,958,12464
22,906366371,88323487,57831,45367,958,12464
23,906456467,88323487,57831,45367,958,12464
24,961066289,90011475,60727,48009,1035,12718
25,978902380,92178927,63822,50762,1124,13060
26,996916806,96023432,68340,54594,1223,13746
27,1053891672,104692566,76177,61319,1331,14858
28,1070415654,108348956,80432,65029,1437,15403
29,1144133504,124788520,97188,79368,1613,17820
30,1215567704,135821150,107682,88267,1770,19415
31,1227279771,139046571,113554,93674,1861,19880
32,1238263413,142498638,118423,98079,1958,20344
33,1247095581,147940741,123991,102911,2045,21080
34,1255492968,181659097,138918,112846,2112,26072
35,1274392211,217445170,155194,124606,2195,30588
36,1297492352,249984166,176032,141430,2305,34602
37,1357950210,307454988,218035,175899,2500,42136
38,1366690233,347904744,246163,198495,2598,47668
39,1420258444,363632106,262393,212712,2799,49681
40,1484141067,382815868,285110,233057,2970,52053
41,1541613984,413459689,322179,266191,3174,55988
42,1591678048,437188043,349350,290274,3365,59076
43,1606765576,444407699,359165,298900,3493,60265
44,1634093394,475194694,406850,342582,3713,64268
45,1643042396,480455735,417798,352843,3842,64955
46,1656498230,486610895,428742,362889,3995,65853
47,1689803301,530117055,489242,418060,4250,71182
48,1689908503,530117055,489242,418060,4250,71182
49,1699560472,532846953,497160,425569,4365,71591
50,1710792118,536499113,506226,434114,4490,72112
51,1720709655,576007419,536567,458386,4654,78181
52,1725943314,578712430,538399,459890,4724,78509
53,1730379162,581047355,543635,464828,4781,78807
54,1734031420,583506593,547580,468463,4831,79117
55,1738334260,585538576,550388,471020,4885,79368
56,1740221768,591581240,557545,477429,4932,80116
57,1746558466,599604520,576605,495339,5119,81266
58,1756554438,604294563,587421,505496,5247,81925
59,1764519046,611728858,603848,520889,5398,82959
60,1774906320,616842809,617957,534304,5532,83653
61,1783200344,624199484,632566,547917,5642,84649
62,1794518385,682912835,681533,589465,5924,92068
63,1804997411,735527065,720338,621673,6083,98665
64,1817927815,785530581,765683,660834,6252,104849
65,1821041266,844870576,824034,711693,6437,112341
66,1821120396,844870576,824034,711693,6437,112341
67,1829127636,850390817,843170,730086,6638,113084
68,1872976804,870739002,880870,765251,6913,115619
69,1881191051,876585824,897659,781215,7087,116444
70,1881310543,876585824,897659,781215,7087,116444
71,1891671269,877051182,899092,782537,7194,116555
72,1909837987,877409212,899427,782820,7240,116607
73,1920144754,879548540,900708,783876,7302,116832
74,1927066496,879566445,900715,783880,7309,116835
75,1943986777,880766674,902233,785203,7377,117030
76,1954635803,885776051,906269,788594,7515,117675
77,1972262275,890176474,910182,791891,7602,118291
78,1985995497,891786897,912053,793576,7639,118477
79,2001971596,900254669,919983,800181,7776,119802
80,2018224977,903491097,922871,802732,7849,120139
81,2033194162,908052593,927200,806489,7909,120711
82,2042331055,910441847,930530,809479,8061,121051
83,2055182758,914130089,934287,812721,8159,121566
84,2063463904,917440835,937659,815638,8245,122021
85,2077085501,924988682,946627,823551,8384,123076
86,2086756426,934164951,957910,833626,8494,124284
87,2095807149,940288918,965176,840118,8581,125058
88,2095883100,940301537,965187,840128,8583,125059
89,2097120478,941117633,966535,841356,8645,125179
90,2102204035,942901710,967773,842362,8695,125411
91,2107117191,946227739,970253,844440,8749,125813
92,2121145065,951115766,975096,848611,8876,126485
93,2139104207,954473619,982210,854934,8988,127276
94,2139206726,954473619,982210,854934,8988,127276
