BackupID, OnlineSpeed(MB/s), Encalve ProcessTime(s), BackupSize, OnlineSize, OfflineSize, OfflineTime(s)
0, 98.3424, 3.63486, 374824960, 226925095, 226899078, 0.056212
1, 191.917, 1.81994, 366243840, 277918238, 277914611, 0.106148
2, 188.989, 1.85371, 367349760, 327939619, 327885018, 0.257915
3, 188.15, 1.87133, 369192960, 372874715, 372808600, 0.250352
4, 209.678, 1.6764, 368578560, 409119513, 409000922, 0.514049
5, 178.081, 1.62271, 303011840, 445093927, 444846602, 0.763881
6, 99.0434, 4.80002, 498503680, 695735847, 695516854, 0.659412
7, 101.902, 3.27196, 349614080, 817767148, 817271766, 0.84416
8, 110.924, 3.15708, 367206400, 916747697, 914529517, 2.1697
9, 642.447, 0.545096, 367206400, 914551308, 914551308, 0.001836
10, 297.306, 1.21275, 378071040, 941931950, 941866407, 0.490479
11, 297.55, 1.00095, 312299520, 958039165, 957802930, 0.844924
12, 175.54, 1.69583, 312145920, 1001908058, 995712562, 5.61598
13, 442.09, 1.09485, 507535360, 998579096, 997986832, 1.23567
14, 207.377, 2.40367, 522680320, 1044131633, 1041504714, 3.61613
15, 236.749, 2.10584, 522772480, 1072174299, 1071783312, 1.34442
16, 137.317, 2.68426, 386498560, 1133399157, 1130095257, 9.46398
17, 263.345, 1.39146, 384235520, 1150979034, 1144245940, 12.9076
18, 275.478, 1.33025, 384256000, 1165053730, 1162841223, 3.86405
19, 298.836, 1.19879, 375644160, 1180358011, 1176580850, 4.53339
20, 301.351, 1.19248, 376811520, 1192135140, 1189532104, 4.04359
21, 295.842, 1.22073, 378685440, 1205204571, 1201842972, 5.47742
22, 614.044, 0.596758, 384235520, 1201858930, 1201858930, 0.002196
23, 618.647, 0.592318, 384235520, 1201863879, 1201863879, 0.002207
24, 192.909, 1.92529, 389447680, 1249691343, 1248939697, 2.78917
25, 350.844, 1.06025, 390051840, 1254286653, 1253388321, 2.95819
26, 375.516, 0.993164, 391065600, 1257051007, 1255601363, 4.15497
27, 213.453, 1.74704, 391024640, 1290581973, 1285527317, 6.94304
28, 365.978, 1.01761, 390512640, 1292190944, 1289778954, 4.08591
29, 146.781, 2.11319, 325242880, 1344257729, 1335402172, 13.3761
30, 167.868, 1.84796, 325283840, 1373293475, 1366860769, 10.1289
31, 397.962, 0.779239, 325171200, 1371227462, 1369268078, 5.06659
32, 392.745, 0.790733, 325642240, 1374919183, 1372293827, 4.44242
33, 395.892, 0.784743, 325765120, 1379862431, 1375348733, 4.86974
34, 268.702, 1.3381, 377016320, 1403355954, 1401046035, 14.3122
35, 294.36, 1.22279, 377425920, 1421709072, 1413602061, 15.2136
36, 311.253, 1.2178, 397455360, 1433672227, 1424199353, 18.3803
37, 167.036, 2.25613, 395161600, 1479086764, 1461431228, 34.36
38, 313.247, 1.20337, 395264000, 1483825923, 1476123414, 24.9146
39, 162.367, 1.92621, 327946240, 1530049440, 1520018918, 13.289
40, 158.067, 1.81885, 301465600, 1558408961, 1546027247, 17.5474
41, 150.64, 1.91151, 301936640, 1596626973, 1578025616, 28.4771
42, 162.09, 1.77714, 302049280, 1625014254, 1610898213, 21.8624
43, 309.096, 0.933228, 302469120, 1621433101, 1617184183, 8.7038
44, 197.105, 1.89021, 390666240, 1677199419, 1659571952, 34.0855
45, 401.416, 0.928185, 390686720, 1667454046, 1663265250, 8.76696
46, 366.868, 1.01373, 389969920, 1670396791, 1665824702, 9.21544
47, 188.215, 1.98052, 390871040, 1718724684, 1691076116, 43.9215
48, 645.753, 0.446699, 302469120, 1691084585, 1691084585, 0.00313
49, 358.901, 1.05245, 396072960, 1706210707, 1704632657, 6.03296
50, 385.329, 0.979303, 395683840, 1711938361, 1709440082, 6.91366
51, 266.761, 1.47714, 413184000, 1745442140, 1744557121, 27.655
52, 462.911, 0.687311, 333619200, 1749933618, 1747456744, 2.23822
53, 443.453, 0.660984, 307353600, 1754516168, 1752307634, 4.0141
54, 461.72, 0.635912, 307875840, 1759606593, 1757407993, 2.99121
55, 498.572, 0.589104, 307978240, 1762274839, 1760479938, 2.09657
56, 511.761, 0.574723, 308408320, 1767847957, 1762070387, 4.22588
57, 376.045, 0.837848, 330373120, 1771643729, 1766089373, 12.4815
58, 360.779, 0.874111, 330680320, 1774117158, 1770524436, 8.4421
59, 391.619, 0.805027, 330577920, 1778829913, 1773188430, 11.6629
60, 376.797, 0.83786, 331038720, 1779539857, 1775868234, 9.93912
61, 383.037, 0.824516, 331161600, 1784384749, 1778306779, 10.2278
62, 246.277, 1.52636, 394168320, 1810109302, 1793891321, 37.9212
63, 293.042, 1.28641, 395284480, 1820972932, 1805846287, 33.51
64, 300.054, 1.32001, 415313920, 1831466575, 1817065689, 36.415
65, 317.194, 1.24185, 413040640, 1846258859, 1828863229, 45.3023
66, 603.113, 0.487672, 308408320, 1828881971, 1828881971, 0.003572
67, 387.775, 0.983601, 399943680, 1840990493, 1837361142, 13.1201
68, 193.048, 1.9403, 392765440, 1883801462, 1871446502, 27.6142
69, 357.081, 1.05825, 396236800, 1880826472, 1876642854, 12.3994
70, 622.206, 0.472707, 308408320, 1876650787, 1876650787, 0.00341
71, 141.071, 2.3281, 344381440, 1994454059, 1994436009, 2.06111
72, 225.511, 1.52094, 359649280, 2043477633, 2043334338, 0.611463
73, 295.731, 1.12067, 347514880, 2070213457, 2068264250, 1.54763
74, 518.872, 0.639101, 347719680, 2070566583, 2070562712, 0.060513
75, 313.568, 1.05767, 347760640, 2089162844, 2088718585, 1.54604
76, 392.17, 0.845605, 347729920, 2095924883, 2092327913, 4.0371
77, 264.979, 1.2941, 359567360, 2121816263, 2118272807, 3.27754
78, 442.872, 0.774066, 359464960, 2121859143, 2120580615, 1.45147
79, 259.654, 1.3217, 359854080, 2150794312, 2145053520, 6.18869
80, 364.005, 0.942853, 359874560, 2149456383, 2146879019, 2.4916
81, 382.525, 0.895571, 359219200, 2155410762, 2151549501, 2.94767
82, 219.63, 1.39955, 322314240, 2206226798, 2204855249, 3.16203
83, 285.965, 1.15201, 345436160, 2230849637, 2228433488, 3.06236
84, 330.197, 0.996357, 344975360, 2249170097, 2246349910, 2.64323
85, 296.42, 1.1119, 345600000, 2270134887, 2264369005, 6.47982
86, 355.395, 0.923763, 344248320, 2276643988, 2269630568, 8.41776
87, 397.774, 0.82564, 344371200, 2276260400, 2270868874, 5.38339
88, 625.994, 0.54791, 359649280, 2270882266, 2270882017, 0.02733
89, 455.588, 0.759107, 362639360, 2286050608, 2285531029, 1.42209
90, 444.681, 0.775837, 361758720, 2296046253, 2294400800, 1.13967
91, 511.755, 0.67541, 362434560, 2299754324, 2296823611, 1.93825
92, 272.936, 1.26693, 362588160, 2320319656, 2317086460, 4.02228
93, 351.905, 0.98246, 362526720, 2322437579, 2321462650, 5.19731
94, 636.133, 0.543353, 362434560, 2321469579, 2321469579, 0.004072
