Backup ID, Ecall, Inline_Ocall, Offline_Ocall, _Inline_FPOcall, _Inline_SFOcall, _Inline_LocalOcall, _Inline_LoadOcall, _Inline_DeltaOcall, _Inline_RecipeOcall, _Inline_Write_ContainerOcall, _inline_have_similar_chunk_num, _inline_need_load_container_num
0,372,1423,1932,370,370,1,267,369,46,59,515,162,
1,738,2565,11113,694,694,2,352,732,91,73,8497,541,
2,1104,3710,32529,1016,1016,4,444,1094,136,87,15921,1070,
3,1471,4853,59215,1334,1334,5,541,1458,181,100,23906,1725,
4,1838,5950,100207,1622,1622,7,652,1821,226,110,31415,2422,
5,2138,6880,152524,1861,1861,10,769,2116,263,120,38485,3077,
6,2624,8680,205174,2340,2340,13,1067,2597,323,185,42240,3571,
7,2956,10777,272651,2666,2666,17,2141,2923,364,218,52391,4232,
8,3302,12414,374478,2992,2992,27,2740,3257,406,245,66280,5097,
9,3648,12818,374503,2999,2999,27,2744,3601,448,247,66292,5105,
10,4023,13617,421516,3151,3151,28,2820,3973,494,255,68619,5431,
11,4331,14319,494329,3283,3283,31,2914,4276,532,261,70870,5763,
12,4639,15318,631387,3525,3525,52,3085,4561,570,273,77906,6561,
13,5134,16273,726171,3674,3674,55,3188,5051,631,275,80643,6902,
14,5647,17728,857295,4017,4017,66,3383,5551,694,288,91401,7697,
15,6161,19064,968388,4319,4319,71,3540,6058,757,297,100644,8431,
16,6525,20402,1170896,4652,4652,102,3805,6389,802,314,115831,9587,
17,6886,21351,1367227,4833,4833,159,3989,6691,846,321,123343,10406,
18,7267,22190,1517500,4987,4987,168,4094,7061,893,328,125873,10749,
19,7642,23041,1674084,5143,5143,182,4214,7420,939,334,128699,11192,
20,8017,23885,1804676,5295,5295,192,4335,7783,985,339,131546,11622,
21,8393,24727,1955996,5444,5444,204,4459,8145,1031,344,134444,12070,
22,8754,25147,1956016,5451,5451,204,4462,8504,1075,346,134455,12078,
23,9115,25565,1956027,5458,5458,204,4463,8863,1119,348,134473,12090,
24,9499,26587,2105911,5681,5681,212,4610,9237,1166,361,141393,12710,
25,9883,27564,2266504,5880,5880,221,4760,9610,1213,364,144272,13259,
26,10268,28530,2443014,6071,6071,237,4914,9977,1260,366,147459,13839,
27,10652,29555,2651938,6287,6287,253,5078,10343,1307,376,155490,14558,
28,11035,30530,2835588,6477,6477,267,5245,10710,1354,379,158403,15139,
29,11351,31704,3139515,6773,6773,304,5474,10987,1393,394,169883,16231,
30,11667,32788,3417460,7031,7031,330,5689,11275,1432,405,180262,17224,
31,11983,33481,3609826,7147,7147,341,5797,11578,1471,408,182321,17583,
32,12299,34178,3809061,7264,7264,351,5907,11882,1510,411,184314,17932,
33,12616,34872,3994076,7377,7377,365,6021,12183,1549,414,186308,18298,
34,12971,35562,4160819,7489,7489,432,6090,12469,1593,423,192353,19133,
35,13326,36274,4352140,7603,7603,485,6177,12769,1637,429,199176,19783,
36,13699,37019,4614686,7714,7714,531,6283,13094,1683,435,206171,20398,
37,14069,38320,5025338,8007,8007,622,6585,13371,1728,450,221097,21918,
38,14439,39031,5240924,8122,8122,689,6653,13672,1773,457,227764,22707,
39,14759,40147,5574570,8373,8373,723,6910,13956,1812,472,236342,23640,
40,15052,41263,5914140,8624,8624,755,7197,14215,1848,483,246709,24600,
41,15346,42510,6327383,8892,8892,809,7580,14453,1884,497,257879,25699,
42,15640,43626,6694351,9162,9162,855,7828,14699,1920,510,267070,26687,
43,15934,44583,6932451,9407,9407,874,7967,14972,1956,514,270293,27176,
44,16317,45646,7393396,9624,9624,935,8168,15292,2003,530,277707,28136,
45,16700,46623,7669767,9839,9839,947,8287,15661,2050,533,279674,28471,
46,17083,47589,7975244,10027,10027,968,8449,16021,2097,536,282509,29017,
47,17467,48868,8504525,10319,10319,1040,8715,16331,2144,551,292041,30217,
48,17761,49452,8504541,10443,10443,1040,8723,16623,2180,553,292059,30227,
49,18150,50292,8750502,10564,10564,1048,8886,17002,2228,558,293829,30602,
50,18539,51112,9013913,10686,10686,1060,9027,17377,2276,561,295925,30988,
51,18924,51876,9336404,10815,10815,1137,9103,17683,2323,571,303252,31974,
52,19250,52497,9460893,10921,10921,1143,9148,18001,2363,574,304245,32101,
53,19549,53355,9577077,11159,11159,1147,9196,18294,2400,577,305128,32230,
54,19848,54165,9660328,11371,11371,1151,9248,18587,2437,580,306111,32359,
55,20148,54754,9747029,11477,11477,1156,9290,18880,2474,583,307076,32497,
56,20448,55203,9828944,11517,11517,1164,9324,19170,2511,586,308087,32628,
57,20769,56256,10165807,11805,11805,1191,9443,19462,2550,590,310114,33088,
58,21090,57269,10395955,12065,12065,1203,9578,19769,2589,593,312163,33481,
59,21411,57983,10668220,12182,12182,1223,9700,20068,2628,597,314285,33892,
60,21733,58710,10910293,12297,12297,1238,9838,20373,2667,600,316416,34266,
61,22055,59418,11110320,12411,12411,1254,9959,20677,2706,604,318583,34644,
62,22425,60376,11600316,12604,12604,1352,10118,20947,2751,614,327488,36106,
63,22796,61120,11877279,12732,12732,1428,10191,21240,2797,622,335399,36944,
64,23185,61888,12189127,12859,12859,1500,10270,21555,2845,630,343243,37742,
65,23571,62979,12532060,13165,13165,1586,10318,21853,2892,639,351135,38709,
66,23871,63391,12532081,13200,13200,1586,10325,22151,2929,641,351149,38719,
67,24263,64214,12889933,13328,13328,1604,10454,22523,2977,646,353013,39155,
68,24650,65352,13368144,13548,13548,1649,10719,22863,3025,659,360879,40110,
69,25039,66376,13669243,13769,13769,1669,10866,23230,3073,663,362843,40554,
70,25339,66789,13669255,13803,13803,1669,10876,23528,3110,665,362864,40570,
71,25673,67719,13822341,14015,14015,1676,11009,23853,3151,696,364380,40823,
72,26022,68678,13875733,14240,14240,1679,11128,24197,3194,710,366781,41129,
73,26360,69537,13964770,14429,14429,1684,11232,24528,3235,718,368307,41378,
74,26698,70255,13968710,14576,14576,1685,11279,24863,3276,720,369195,41487,
75,27036,71046,14064751,14730,14730,1691,11385,25193,3317,726,371601,41820,
76,27374,71923,14283309,14922,14922,1705,11501,25515,3358,729,373735,42220,
77,27723,72867,14410643,15122,15122,1716,11655,25851,3401,738,376767,42714,
78,28071,73683,14456216,15300,15300,1719,11726,26194,3444,740,378666,42933,
79,28420,74685,14664285,15521,15521,1740,11896,26520,3487,749,382197,43490,
80,28769,75608,14759832,15724,15724,1747,12023,26860,3530,752,384666,43851,
81,29117,76433,14834151,15901,15901,1755,12105,27198,3573,756,387116,44139,
82,29432,77306,15002460,16080,16080,1766,12268,27500,3612,771,388686,44515,
83,29768,78143,15115174,16251,16251,1778,12388,27822,3653,779,390902,44894,
84,30103,78962,15201800,16420,16420,1789,12495,28144,3694,786,392514,45241,
85,30439,79874,15386462,16614,16614,1809,12644,28458,3735,793,395477,45780,
86,30773,80711,15550041,16787,16787,1831,12762,28768,3776,798,398088,46225,
87,31107,81538,15650502,16946,16946,1843,12898,29088,3817,801,400184,46601,
88,31456,82192,15651731,17073,17073,1844,12908,29434,3860,803,400201,46614,
89,31808,82969,15720886,17237,17237,1850,12964,29778,3903,808,400496,46746,
90,32159,83591,15769682,17327,17327,1854,13014,30123,3946,812,401413,46883,
91,32510,84200,15824358,17409,17409,1860,13067,30466,3989,815,402442,47031,
92,32862,85126,15973581,17585,17585,1877,13248,30799,4032,822,405070,47559,
93,33213,86020,16124072,17757,17757,1891,13406,31134,4075,825,408144,48000,
94,33564,86569,16124085,17832,17832,1891,13413,31483,4118,827,408160,48010,
