Backup ID, Logical chunk num, Unique chunk num, Base chunk num, Delta chunk num, Logical chunk size, Unique chunk size, Base chunk size, Delta chunk size, LZ4_save size, Delta_save size, 
0,24641,24495,24490,5,208250880,207122891,100625258,2364,106447386,47883
1,49838,39626,31487,8139,420976640,343883169,130637572,1522034,137557319,74166244
2,75769,54678,37591,17087,640409600,480951594,156309123,3519240,164956955,156166276
3,102154,69374,43558,25816,864501760,615776387,181926571,5724901,191580218,236544697
4,128934,85204,50611,34593,1092659200,760639837,212215064,8174199,223302192,316948382
5,156457,101934,58464,43470,1326612480,913110906,245874144,11007683,258305255,397923824
6,184290,118788,66098,52690,1563217920,1067086366,278800775,13977975,292134543,482173073
7,212510,136407,74594,61813,1803356160,1227283855,315484025,17028343,329982257,564789230
8,241451,155151,83446,71705,2049822720,1397466120,353686698,20285592,369218001,654275829
9,270745,172102,90532,81570,2300139520,1554665685,384502419,23351265,401614109,745197892
10,300593,189672,98339,91333,2554542080,1715971804,418093474,26485934,437094380,834298016
11,331389,208165,107296,100869,2817464320,1885698253,456642091,29586166,477627798,921842198
12,362473,226816,116641,110175,3082168320,2056620195,497221101,32724813,519699656,1006974625
13,394467,248136,128580,119556,3355002880,2249505687,548955245,35865917,573096067,1091588458
14,427730,269719,141419,128300,3639654400,2446105951,604626196,38760632,631306167,1171412956
15,461573,291289,153315,137974,3929231360,2642868685,655953497,42048895,684960433,1259905860
16,495907,313484,167417,146067,4223057920,2845343213,717147710,44841276,749579526,1333774701
17,533891,338250,184808,153442,4533319680,3055374134,785692509,47232225,822927147,1399522253
18,573226,363914,200520,163394,4869498880,3288730076,853164360,50412127,895686178,1489467411
19,614460,390057,215563,174494,5222645760,3527677934,917773399,53817172,964688229,1591399134
20,657190,416136,229617,186519,5588357120,3767058441,977630748,57493286,1029186321,1702748086
21,701984,444128,245022,199106,5970749440,4022803683,1042791598,61365405,1100141204,1818505476
22,748244,472329,259906,212423,6365849600,4281805935,1106232527,65368207,1168888866,1941316335
23,795533,500237,273694,226543,6770524160,4539452538,1165343130,69613118,1232686216,2071810074
24,843831,528928,288091,240837,7183421440,4803542209,1226472494,73779088,1298914613,2204376014
25,892453,557325,302378,254947,7597076480,5064122709,1286952398,77993645,1364388836,2334787830
26,943081,588339,319280,269059,8028426240,5347599334,1358442401,82212961,1442669839,2464274133
27,994732,617593,333901,283692,8468920320,5618093235,1421012634,86446169,1510544532,2600089900
28,1047519,648825,349562,299263,8918517760,5905656166,1487997107,90988869,1583239337,2743430853
29,1100481,678191,364015,314176,9369497600,6177498332,1550285633,96493062,1649818251,2880901386
30,1161683,730293,410714,319579,9891061760,6631310292,1741807136,98964205,1862839657,2927699294
31,1224165,764459,426611,337848,10425190400,6949135668,1809723388,102603033,1937986324,3098822923
32,1287906,799067,441644,357423,10969159680,7270247371,1873238205,106810601,2007949906,3282248659
33,1352398,833924,456022,377902,11518976000,7592912324,1933962567,111605355,2074743213,3472601189
34,1418053,869731,471298,398433,12079032320,7925229976,1998231568,116911831,2146098287,3663988290
35,1485051,906885,487901,418984,12650547200,8269312100,2067938821,122530912,2224099395,3854742972
36,1552883,943650,504021,439629,13229209600,8610980264,2135862578,128293235,2299970265,4046854186
37,1620506,980487,520685,459802,13805813760,8953041890,2206477496,134009537,2378687777,4233867080
38,1688546,1017268,536132,481136,14386237440,9294603528,2272680227,140040807,2450917937,4430964557
39,1757006,1054333,553281,501052,14970695680,9640069539,2346435720,145922969,2532540478,4615170372
40,1810412,1083547,567967,515580,15425167360,9911406345,2410197493,150845117,2601606994,4748756741
41,1864540,1113534,583534,530000,15886080000,10189212551,2477935975,155736481,2675159246,4880380849
42,1919273,1143338,598740,544598,16352163840,10465661096,2544126495,160480786,2747650100,5013403715
43,1974837,1173737,614408,559329,16824729600,10747386683,2612365982,165390502,2821888968,5147741231
44,2031182,1204027,629976,574051,17304453120,11028976023,2680135426,170193686,2896026867,5282620044
45,2088613,1233728,644368,589360,17793658880,11306693526,2742987226,174993183,2965112049,5423601068
46,2147190,1264387,659298,605089,18292684800,11593204633,2807959690,179890258,3037007416,5568347269
47,2206496,1294554,672844,621710,18798346240,11876362472,2867206315,184870225,3102046045,5722239887
48,2266715,1323504,684282,639222,19312179200,12150398334,2917106440,189738090,3157087341,5886466463
49,2335940,1359838,701092,658746,19902177280,12489094108,2988818252,196937100,3236974281,6066364475
50,2419066,1426420,756977,669443,20615280640,13077690238,3213654706,201317384,3502342950,6160375198
51,2503193,1471068,777430,693638,21337559040,13492750308,3299923198,206764198,3599094598,6386968314
52,2593570,1520912,802177,718735,22117294080,13956496725,3393388963,212737231,3728773056,6621597475
53,2687808,1568890,822995,745895,22935326720,14407514754,3476078789,219459487,3836321812,6875654666
54,2782874,1615142,843577,771565,23760384000,14838437071,3561207844,226689824,3933827174,7116712229
55,2878878,1662942,864021,798921,24594739200,15284296250,3647056843,234548614,4031678000,7371012793
56,2975128,1710128,884599,825529,25430681600,15725714597,3732921826,242471529,4131381026,7618940216
57,3070965,1757037,905981,851056,26264494080,16164609531,3822354414,250120794,4235209447,7856924876
58,3166442,1803100,926275,876825,27094425600,16595252208,3908026399,257564891,4332963330,8096697588
59,3262959,1849992,948036,901956,27933890560,17033027647,4000019836,265157027,4437486652,8330364132
60,3332759,1886832,965111,921721,28529817600,17377600787,4074136214,272171617,4519463814,8511829142
61,3430872,1934164,987316,946848,29384591360,17821510252,4167730896,279765177,4628134290,8745879889
62,3504712,1972423,1006272,966151,30015549440,18178220181,4249214820,286604024,4718362617,8924038720
63,3579605,2009807,1024331,985476,30656389120,18529206646,4327650986,293263185,4805919743,9102372732
64,3655420,2047926,1042543,1005383,31304744960,18886528805,4406465037,299943180,4894223900,9285896688
65,3732183,2085663,1060167,1025496,31962798080,19242462056,4483495133,306548221,4979693731,9472724971
66,3809922,2124329,1079053,1045276,32629002240,19606090117,4565889659,313037954,5071279478,9655883026
67,3888789,2162403,1096698,1065705,33305978880,19966345083,4643593407,319456745,5157456843,9845838088
68,3968924,2200450,1114188,1086262,33992949760,20325995601,4720064939,325625836,5242681103,10037623723
69,4050053,2237353,1129179,1108174,34688532480,20677381896,4785485539,331748076,5316102686,10244045595
70,4149217,2284535,1152556,1131979,35551836160,21119663880,4883592437,340934141,5430464996,10464672306
71,4265450,2371143,1227253,1143890,36571084800,21893659608,5172143046,346965689,5804440143,10570110730
72,4386386,2425654,1251534,1174120,37635307520,22408755401,5267809215,353409199,5931278901,10856258086
73,4508081,2477154,1271205,1205949,38705633280,22895215145,5349069330,360021929,6028113440,11158010446
74,4632072,2531806,1292872,1238934,39797422080,23410168790,5436412895,367640237,6137110308,11469005350
75,4732223,2578458,1314845,1263613,40669081600,23848856535,5530579734,376629040,6244273869,11697373892
76,4832181,2625447,1339555,1285892,41540311040,24291221580,5636669915,384971280,6367029155,11902551230
77,4936619,2671964,1360627,1311337,42453647360,24729783746,5727054198,393136956,6471770138,12137822454
78,5043629,2718584,1380982,1337602,43391784960,25170334985,5814305842,401394116,6573865011,12380770016
79,5152164,2765822,1401826,1363996,44339476480,25614745161,5902856862,409710929,6678564758,12623612612
80,5261707,2811976,1421238,1390738,45297090560,26053001409,5986408519,417838915,6776783509,12871970466
81,5372102,2858319,1440495,1417824,46262865920,26494109032,6069581703,426112269,6874351918,13124063142
82,5484739,2905801,1460335,1445466,47246745600,26944336428,6154216135,434163362,6974311785,13381645146
83,5615274,2974727,1527095,1447632,48257761280,27443678836,6375596069,434955471,7231389020,13401738276
84,5746948,3029093,1547392,1481701,49277388800,27828197717,6438411666,442336810,7306673544,13640775697
85,5878524,3079049,1555740,1523309,50296289280,28176859675,6461965771,450007265,7337184190,13927702449
86,6010103,3128955,1563768,1565187,51315240960,28525163481,6484753544,457617657,7366827472,14215964808
87,6141701,3178812,1571541,1607271,52334305280,28872958077,6506953595,465279585,7395564300,14505160597
88,6273302,3228688,1579826,1648862,53353441280,29220978790,6531297235,472760679,7426435711,14790485165
89,6404919,3278502,1588357,1690145,54372648960,29568467799,6556195755,480182123,7458480354,15073609567
90,6536540,3328324,1596838,1731486,55391866880,29916062621,6581127941,487590440,7490008725,15357335515
91,6668160,3378140,1605437,1772703,56411105280,30263561394,6606160336,495971236,7521825669,15639604153
92,6804565,3431960,1622277,1809683,57475010560,30644138614,6659445263,503271892,7585231775,15896189684
93,6940979,3482283,1631669,1850614,58538915840,30995265413,6687056667,510906114,7619929387,16177373245
94,7077386,3532627,1641515,1891112,59602872320,31346808615,6716325130,518336930,7656719644,16455426911
95,7213812,3582970,1651911,1931059,60666920960,31698289312,6747088233,525766117,7695277557,16730157405
96,7350241,3633269,1663818,1969451,61731000320,32049460760,6782344526,532882729,7739625189,16994608316
97,7486674,3683528,1674544,2008984,62795130880,32400320490,6814167996,540202954,7779289178,17266660362
98,7623116,3733785,1685485,2048300,63859322880,32751090403,6846773034,547417347,7820016359,17536883663
99,7759591,3784184,1697407,2086777,64923535360,33102591715,6882183816,555554890,7864016902,17800836107
100,7896734,3837918,1716008,2121910,65993605120,33482551991,6940912645,563079809,7934004470,18044555067
101,8033918,3888530,1729096,2159434,67063715840,33836062449,6979926662,570623150,7982785438,18302727199
102,8171098,3939120,1741597,2197523,68133888000,34189542680,7017734981,578346664,8029287381,18564173654
103,8308293,3989691,1754688,2235003,69204070400,34542631238,7057015875,585925561,8077767852,18821921950
104,8445492,4040213,1768215,2271998,70274324480,34895496730,7097542253,593327615,8127798756,19076828106
105,8582680,4090615,1780934,2309681,71344588800,35247383444,7135828373,600790863,8174777782,19335986426
106,8719869,4141100,1794908,2346192,72414894080,35599950429,7177436858,608007812,8226158900,19588346859
107,8857075,4191540,1808228,2383312,73485209600,35952016244,7217549924,615425053,8275356053,19843685214
108,8994276,4241970,1821858,2420112,74555525120,36304049595,7258533606,623485253,8325677158,20096353578
109,9133868,4296766,1842743,2454023,75646996480,36692624072,7325131702,630817136,8404838222,20331837012
110,9273476,4347897,1856821,2491076,76738498560,37049737902,7367400532,638079541,8456923442,20587334387
111,9413087,4398892,1871319,2527573,77830031360,37405820556,7411013966,645246427,8510756649,20838803514
112,9552710,4449914,1885641,2564273,78921687040,37762308541,7454512798,652397783,8564368234,21091029726
113,9692345,4500877,1900794,2600083,80013373440,38118104505,7500294648,659425724,8620707549,21337676584
114,9831983,4551835,1916619,2635216,81105090560,38473884103,7548319311,666197253,8679345494,21580022045
115,9971637,4602922,1936128,2666794,82196858880,38830540205,7609391522,672086945,8753091590,21795970148
116,10111284,4653852,1951539,2702313,83288637440,39186071420,7656098457,679997129,8810563330,22039412504
117,10254480,4719071,1982364,2736707,84415191040,39665633935,7757403573,687767768,8939235296,22281227298
118,10397681,4770973,1999071,2771902,85541744640,40028724542,7808207700,694630830,9001036037,22524849975
119,10540871,4822680,2015707,2806973,86668339200,40390617824,7859025615,701400012,9063214825,22766977372
120,10684073,4874361,2032367,2841994,87794995200,40752012280,7910164357,708233398,9125442506,23008172019
121,10827281,4926037,2049337,2876700,88921692160,41113288654,7961922650,715008445,9188687732,23247669827
122,10970483,4977636,2066623,2911013,90048409600,41473895648,8014860050,721617470,9253260509,23484157619
123,11113686,5029199,2084071,2945128,91175137280,41834152531,8068134120,728184327,9318066963,23719767121
124,11256922,5081046,2102258,2978788,92301875200,42196440001,8123596240,735861161,9385571879,23951410721
125,11401515,5143663,2131686,3011977,93438638080,42646913920,8221299126,743145579,9498676352,24183792863
126,11546098,5195868,2149727,3046141,94575441920,43011697796,8276557966,749701015,9565656646,24419782169
127,11690685,5248179,2167500,3080679,95712296960,43377614779,8331238524,756422118,9631843816,24658110321
128,11835284,5300501,2186656,3113845,96849203200,43743443888,8390451017,762809372,9703117368,24887066131
129,11979903,5352677,2206105,3146572,97986140160,44107982046,8450061591,769149464,9775653366,25113117625
130,12124509,5404840,2224930,3179910,99123118080,44472661525,8508001040,775476008,9845765150,25343419327
131,12269135,5456984,2244223,3212761,100260126720,44837198007,8567413249,781794659,9917748763,25570241336
132,12413757,5509206,2264050,3245156,101397145600,45202159037,8628513583,789243984,9991710186,25792691284
133,12560306,5573743,2295863,3277880,102548971520,45669972107,8734033692,796472094,10116466581,26022999740
134,12706853,5626534,2316064,3310470,103700848640,46039405097,8796463817,802764951,10191995814,26248180515
135,12853388,5679316,2335841,3343475,104852684800,46408795222,8857615992,809154987,10265860595,26476163648
136,12999928,5732016,2355978,3376038,106004572160,46777402158,8919826914,815401765,10341162464,26701011015
137,13146491,5784871,2376710,3408161,107156520960,47147233419,8983861563,821618353,10418511851,26923241652
138,13293046,5837477,2396528,3440949,108308500480,47515049838,9045146039,827852805,10492566544,27149484450
139,13439601,5890056,2417283,3472773,109460500480,47882533659,9109164176,833926877,10569940275,27369502331
140,13586157,5942529,2438189,3504340,110612520960,48249044660,9173918137,839982223,10647981622,27587162678
141,13732717,5995056,2459289,3535767,111764551680,48616124200,9238962670,847259108,10726924370,27802978052
142,13880344,6058499,2491284,3567215,112924149760,49073860100,9344695150,854130711,10850173413,28024860826
143,14027988,6111925,2512970,3598955,114083829760,49447891995,9411494310,860280198,10930961166,28245156321
144,14175645,6165186,2534865,3630321,115243581440,49820445302,9479167867,866381002,11012728069,28462168364
145,14323303,6218305,2557114,3661191,116403353600,50191733991,9547955948,872373820,11095567202,28675837021
146,14470960,6271425,2578862,3692563,117563146240,50563113252,9615571628,878497950,11176842491,28892201183
147,14618628,6324581,2601209,3723372,118722969600,50934898919,9684912325,884407575,11260298031,29105280988
148,14766300,6377676,2623829,3753847,119882823680,51306102127,9754999591,890184329,11344677775,29316240432
149,14913989,6430735,2646675,3784060,121042739200,51676783287,9825827682,896017780,11429841725,29525096100
150,15061697,6483725,2670777,3812948,122202654720,52046653921,9900239875,902692855,11519798278,29723922913
151,15215081,6551594,2707823,3843771,123417743360,52542126172,10019511160,910150377,11671778420,29940686215
152,15368526,6606120,2731662,3874458,124632862720,52923284157,10093410127,916073330,11760619159,30153181541
153,15521904,6659947,2755847,3904100,125848002560,53299309398,10168548525,921674960,11851450850,30357635063
154,15675282,6713636,2779200,3934436,127063162880,53674073370,10241049974,927437475,11938991375,30566594546
155,15828675,6767498,2802992,3964506,128278353920,54050239508,10315171858,933154171,12028181093,30773732386
156,15982054,6821147,2827020,3994127,129493575680,54424765409,10389974445,938759863,12118011751,30978019350
157,16135440,6874760,2850995,4023765,130708828160,54798978754,10464502137,944285062,12207553927,31182637628
158,16288844,6928446,2875484,4052962,131924111360,55173626794,10540305113,951145566,12299309081,31382867034
159,16447881,6997829,2915559,4082270,133193082880,55683897240,10668037516,958248395,12466072061,31591539268
160,16606926,7052409,2939716,4112693,134462105600,56065143765,10742619141,964020873,12556338755,31802164996
161,16765974,7106802,2964067,4142735,135731159040,56444802879,10818003376,969686986,12647569109,32009543408
162,16925032,7161385,2989378,4172007,137000273920,56826044878,10896809775,975247096,12742451718,32211536289
163,17084103,7215812,3014135,4201677,138269419520,57205869603,10973705039,980890714,12835053712,32416220138
164,17243196,7270287,3039329,4230958,139538606080,57586041595,11052014032,986224942,12929393848,32618408773
165,17402274,7324836,3064522,4260314,140807864320,57967173406,11130451381,991592192,13023721369,32821408464
166,17561357,7379256,3089719,4289537,142077163520,58347083586,11209049140,997172153,13118261816,33022600477
167,17720447,7433609,3115824,4317785,143346462720,58726475359,11289916427,1003808425,13215737370,33217013137
168,17886817,7504752,3157598,4347154,144686612480,59254482293,11421870724,1011732010,13395370564,33425508995
169,18053209,7560224,3183635,4376589,146026874880,59642371034,11502460349,1018226874,13493014362,33628669449
170,18219602,7615541,3209664,4405877,147367178240,60028979932,11583242194,1024584902,13590531698,33830621138
171,18386010,7670761,3235849,4434912,148707522560,60414563771,11664330437,1030887800,13688761218,34030584316
172,18552417,7725971,3261909,4464062,150047897600,60800172108,11745178742,1037062472,13786401516,34231529378
173,18718807,7781013,3288206,4492807,151388272640,61184458625,11826884876,1043172272,13884884485,34429516992
174,18885225,7836302,3314810,4521492,152728668160,61570577496,11909434336,1049364679,13984630744,34627147737
175,19051640,7891501,3342387,4549114,154069084160,61956043340,11994923943,1055032777,14087965041,34818121579
176,19220179,7958927,3381217,4577710,155427061760,62443904441,12121556959,1061978044,14240024670,35020344768
177,19388737,8014877,3408145,4606732,156785070080,62834909536,12205262672,1067997017,14341134108,35220515739
178,19557303,8070715,3435248,4635467,158143150080,63225012328,12289318146,1073972437,14442749585,35418972160
179,19725862,8126473,3462421,4664052,159501301760,63614575920,12373876860,1079937656,14544991729,35615769675
180,19894446,8182287,3490409,4691878,160859504640,64004795765,12460619143,1085716268,14650050227,35808410127
181,20063015,8238008,3518652,4719356,162217748480,64394128344,12548360759,1091434687,14756481875,35997851023
182,20231579,8293687,3546137,4747550,163576023040,64783161592,12633834047,1097224155,14859642176,36192461214
183,20400159,8349256,3573999,4775257,164934318080,65171073852,12720530600,1102912251,14964460804,36383170197
184,20568769,8405097,3603241,4801856,166292643840,65560730580,12811630671,1108507265,15074492560,36566100084
185,20738884,8474319,3644730,4829589,167663482880,66060826530,12944818357,1115434075,15237713630,36762860468
186,20909007,8530654,3673210,4857444,169034342400,66453771629,13032365177,1121116905,15344722839,36955566708
187,21079149,8586848,3701381,4885467,170405335040,66846099255,13120054961,1126666065,15450722148,37148656081
188,21249296,8643194,3730102,4913092,171776348160,67239456128,13209455291,1132162345,15558909239,37338929253
189,21419516,8699712,3760032,4939680,173147402240,67633595012,13302437310,1137413196,15671235493,37522509013
190,21589668,8755882,3789071,4966811,174518487040,68025605366,13392886693,1142744068,15780477779,37709496826
191,21759830,8812170,3818360,4993810,175889612800,68418780233,13484298553,1148015849,15890985598,37895480233
192,21930000,8868495,3848098,5020397,177260769280,68811767293,13577044246,1153263085,16002956067,38078503895
193,22100177,8924695,3877965,5046730,178631946240,69203938386,13669992077,1158691630,16115466473,38259788206
194,22271074,8992244,3920144,5072100,180008775680,69690705773,13807454257,1164519562,16278421839,38440310115
195,22441790,9048642,3949415,5099227,181384151040,70084352759,13898489336,1169717171,16388454793,38627691459
196,22612511,9105227,3978964,5126263,182759546880,70479646678,13990814043,1174919266,16499788064,38814125305
197,22783370,9163082,4011119,5151963,184135034880,70884113696,14090847366,1180002558,16621274313,38991989459
198,22954098,9219404,4040863,5178541,185510543360,71277231023,14183544300,1185030900,16733410367,39175245456
199,23124824,9275749,4071066,5204683,186886082560,71670617640,14277833174,1189932787,16847235481,39355616198
200,23295551,9332065,4101439,5230626,188261662720,72063721272,14372673128,1194839289,16961890728,39534318127
201,23466280,9388353,4132129,5256224,189637253120,72456450053,14468278166,1200159028,17077710200,39710302659
202,23639562,9457474,4174752,5282722,191035084800,72958078126,14606420078,1206185808,17247678590,39897793650
203,23812842,9514409,4205526,5308883,192432936960,73355640238,14701877622,1211061593,17363496613,40079204410
204,23986132,9571470,4236027,5335443,193830850560,73754512241,14796859874,1216015662,17478521182,40263115523
205,24159416,9628351,4266649,5361702,195228815360,74151741452,14892201843,1220953888,17593972623,40444613098
206,24332721,9685313,4296975,5388338,196626831360,74549606383,14986824330,1225932091,17708434661,40628415301
207,24506020,9742188,4327999,5414189,198024888320,74946933668,15083560008,1230788369,17825472190,40807113101
208,24679332,9799081,4359958,5439123,199422986240,75344383951,15183304578,1235493234,17946172554,40979413585
209,24852683,9856049,4391121,5464928,200821135360,75742099691,15280813599,1240900472,18064271287,41156114333
