Backup ID, FPindex, SFindex, Deltaindex
0,1959600,4689856,0
1,3170080,6029632,0
2,4374240,7189888,0
3,5549920,8308288,0
4,6816320,9609280,0
5,8154720,11046656,0
6,9503040,12410112,0
7,10912560,13916288,0
8,12412080,15478528,0
9,13768160,16676672,0
10,15173760,17971136,0
11,16653200,19459008,0
12,18145280,21003584,0
13,19850880,23004416,0
14,21577520,25147136,0
15,23303120,27092992,0
16,25078720,29472704,0
17,27060000,32455168,0
18,29113120,35084544,0
19,31204560,37565120,0
20,33290880,39853504,0
21,35530240,42375488,0
22,37786320,44758784,0
23,40018960,46899840,0
24,42314240,49133184,0
25,44586000,51301696,0
26,47067120,53937088,0
27,49407440,56091136,0
28,51906000,58379328,0
29,54255280,60417088,0
30,58423440,68585920,0
31,61156720,71107520,0
32,63925360,73481792,0
33,66713920,75658496,0
34,69578480,77965056,0
35,72550800,80491968,0
36,75492000,82881472,0
37,78438960,85281920,0
38,81381440,87398976,0
39,84346640,89776128,0
40,86683760,91642688,0
41,89082720,93597184,0
42,91467040,95439808,0
43,93898960,97326464,0
44,96322160,99163008,0
45,98698240,100745664,0
46,101150960,102407424,0
47,103564320,103815488,0
48,105880320,104907008,0
49,108787040,107098496,0
50,114113600,116666944,0
51,117685440,119734144,0
52,121672960,123592576,0
53,125511200,126686528,0
54,129211360,129700608,0
55,133035360,132636160,0
56,136810240,135515008,0
57,140562960,138537024,0
58,144248000,141301504,0
59,147999360,144244544,0
60,150946560,146236480,0
61,154733120,149212224,0
62,157793840,151432640,0
63,160784560,153404608,0
64,163834080,155357696,0
65,166853040,157120064,0
66,169946320,159058816,0
67,172992240,160684224,0
68,176036000,162290176,0
69,178988240,163542528,0
70,182762800,166637440,0
71,189691440,179496576,0
72,194052320,183267584,0
73,198172320,186179200,0
74,202544480,189399104,0
75,206276640,191935296,0
76,210035760,195147392,0
77,213757120,197689728,0
78,217486720,200022656,0
79,221265760,202371648,0
80,224958080,204369984,0
81,228665520,206279296,0
82,232464080,208248512,0
83,237978160,220252608,0
84,242327440,223824064,0
85,246323920,225212928,0
86,250316400,226418880,0
87,254304960,227475712,0
88,258295040,228482112,0
89,262280160,229524224,0
90,266265920,230485248,0
91,270251200,231359552,0
92,274556800,233746304,0
93,278582640,234774848,0
94,282610160,235758272,0
95,286637600,236805376,0
96,290661520,237997952,0
97,294682240,238959360,0
98,298702800,239863744,0
99,302734720,240914368,0
100,307033440,243244736,0
101,311082400,244485312,0
102,315129600,245562560,0
103,319175280,246612544,0
104,323217040,247710784,0
105,327249200,248659712,0
106,331288000,249858048,0
107,335323200,250758592,0
108,339357600,251692480,0
109,343741280,254093504,0
110,347831760,255233984,0
111,351911360,256314624,0
112,355993120,257266688,0
113,360070160,258309120,0
114,364146800,259407872,0
115,368233760,261237888,0
116,372308160,262236992,0
117,377525680,265986880,0
118,381677840,267321088,0
119,385814400,268524224,0
120,389948880,269588416,0
121,394082960,270829696,0
122,398210880,271925184,0
123,402335920,273040192,0
124,406483680,274216832,0
125,411493040,277463040,0
126,415669440,278775424,0
127,419854320,279882048,0
128,424040080,281125568,0
129,428214160,282380608,0
130,432387200,283493760,0
131,436558720,284554944,0
132,440736480,285792640,0
133,445899440,289172224,0
134,450122720,290507456,0
135,454345280,291776704,0
136,458561280,292953536,0
137,462789680,294104768,0
138,466998160,295210432,0
139,471204480,296463488,0
140,475402320,297592640,0
141,479604480,298784000,0
142,484679920,302087040,0
143,488954000,303574528,0
144,493214880,304895232,0
145,497464400,306165440,0
146,501714000,307384512,0
147,505966480,308680448,0
148,510214080,309974272,0
149,514458800,311324864,0
150,518698000,312843328,0
151,524127520,316815040,0
152,528489600,318463424,0
153,532795760,319976896,0
154,537090880,321192064,0
155,541399840,322538496,0
156,545691760,323801856,0
157,549980800,325086272,0
158,554275680,326479936,0
159,559826320,330749760,0
160,564192720,332238784,0
161,568544160,333573120,0
162,572910800,335099328,0
163,577264960,336510272,0
164,581622960,337732736,0
165,585986880,338908032,0
166,590340480,340233216,0
167,594688720,341813888,0
168,600380160,346246528,0
169,604817920,347892224,0
170,609243280,349370048,0
171,613660880,350802496,0
172,618077680,352157312,0
173,622481040,353420864,0
174,626904160,354841344,0
175,631320080,356411072,0
176,636714160,360070400,0
177,641190160,361660416,0
178,645657200,363381056,0
179,650117840,364796736,0
180,654582960,366309376,0
181,659040640,367786240,0
182,663494960,369076352,0
183,667940480,370375168,0
184,672407760,372067136,0
185,677945520,376502976,0
186,682452320,378169088,0
187,686947840,379607808,0
188,691455520,381166528,0
189,695976960,382854528,0
190,700470560,384286400,0
191,704973600,385659072,0
192,709479600,387160512,0
193,713975600,388738752,0
194,719379520,393005952,0
195,723891360,394617088,0
196,728418160,396196032,0
197,733046560,398220992,0
198,737552320,399614208,0
199,742059920,401048192,0
200,746565200,402506624,0
201,751068240,404120960,0
202,756597920,407944192,0
203,761152720,409844800,0
204,765717600,411457408,0
205,770268080,413063040,0
206,774825040,414543680,0
207,779375040,415978112,0
208,783926480,417670784,0
209,788483920,419222848,0
