Backup ID, Online Delta_save, Offline Delta_save, Offline delta time, Offline dedelta time, Offline delete time, Offline Delta chunk num
0,47883,0,0,0,0,0
1,74166244,0,0,0,0,0
2,156166276,0,0,0,0,0
3,236544697,0,0,0,0,0
4,316948382,0,0,0,0,0
5,397923824,0,0,0,0,0
6,482173073,0,0,0,0,0
7,564789230,0,0,0,0,0
8,654275829,0,0,0,0,0
9,745197892,0,0,0,0,0
10,834298016,0,0,0,0,0
11,921842198,0,0,0,0,0
12,1006974625,0,0,0,0,0
13,1091588458,0,0,0,0,0
14,1171412956,0,0,0,0,0
15,1259905860,0,0,0,0,0
16,1333774701,0,0,0,0,0
17,1399522253,0,0,0,0,0
18,1489467411,0,0,0,0,0
19,1591399134,0,0,0,0,0
20,1702748086,0,0,0,0,0
21,1818505476,0,0,0,0,0
22,1941316335,0,0,0,0,0
23,2071810074,0,0,0,0,0
24,2204376014,0,0,0,0,0
25,2334787830,0,0,0,0,0
26,2464274133,0,0,0,0,0
27,2600089900,0,0,0,0,0
28,2743430853,0,0,0,0,0
29,2880901386,0,0,0,0,0
30,2927699294,0,0,0,0,0
31,3098822923,0,0,0,0,0
32,3282248659,0,0,0,0,0
33,3472601189,0,0,0,0,0
34,3663988290,0,0,0,0,0
35,3854742972,0,0,0,0,0
36,4046854186,0,0,0,0,0
37,4233867080,0,0,0,0,0
38,4430964557,0,0,0,0,0
39,4615170372,0,0,0,0,0
40,4748756741,0,0,0,0,0
41,4880380849,0,0,0,0,0
42,5013403715,0,0,0,0,0
43,5147741231,0,0,0,0,0
44,5282620044,0,0,0,0,0
45,5423601068,0,0,0,0,0
46,5568347269,0,0,0,0,0
47,5722239887,0,0,0,0,0
48,5886466463,0,0,0,0,0
49,6066364475,0,0,0,0,0
50,6160375198,0,0,0,0,0
51,6386968314,0,0,0,0,0
52,6621597475,0,0,0,0,0
53,6875654666,0,0,0,0,0
54,7116712229,0,0,0,0,0
55,7371012793,0,0,0,0,0
56,7618940216,0,0,0,0,0
57,7856924876,0,0,0,0,0
58,8096697588,0,0,0,0,0
59,8330364132,0,0,0,0,0
60,8511829142,0,0,0,0,0
61,8745879889,0,0,0,0,0
62,8924038720,0,0,0,0,0
63,9102372732,0,0,0,0,0
64,9285896688,0,0,0,0,0
65,9472724971,0,0,0,0,0
66,9655883026,0,0,0,0,0
67,9845838088,0,0,0,0,0
68,10037623723,0,0,0,0,0
69,10244045595,0,0,0,0,0
70,10464672306,0,0,0,0,0
71,10570110730,0,0,0,0,0
72,10856258086,0,0,0,0,0
73,11158010446,0,0,0,0,0
74,11469005350,0,0,0,0,0
75,11697373892,0,0,0,0,0
76,11902551230,0,0,0,0,0
77,12137822454,0,0,0,0,0
78,12380770016,0,0,0,0,0
79,12623612612,0,0,0,0,0
80,12871970466,0,0,0,0,0
81,13124063142,0,0,0,0,0
82,13381645146,0,0,0,0,0
83,13401738276,0,0,0,0,0
84,13640775697,0,0,0,0,0
85,13927702449,0,0,0,0,0
86,14215964808,0,0,0,0,0
87,14505160597,0,0,0,0,0
88,14790485165,0,0,0,0,0
89,15073609567,0,0,0,0,0
90,15357335515,0,0,0,0,0
91,15639604153,0,0,0,0,0
92,15896189684,0,0,0,0,0
93,16177373245,0,0,0,0,0
94,16455426911,0,0,0,0,0
95,16730157405,0,0,0,0,0
96,16994608316,0,0,0,0,0
97,17266660362,0,0,0,0,0
98,17536883663,0,0,0,0,0
99,17800836107,0,0,0,0,0
100,18044555067,0,0,0,0,0
101,18302727199,0,0,0,0,0
102,18564173654,0,0,0,0,0
103,18821921950,0,0,0,0,0
104,19076828106,0,0,0,0,0
105,19335986426,0,0,0,0,0
106,19588346859,0,0,0,0,0
107,19843685214,0,0,0,0,0
108,20096353578,0,0,0,0,0
109,20331837012,0,0,0,0,0
110,20587334387,0,0,0,0,0
111,20838803514,0,0,0,0,0
112,21091029726,0,0,0,0,0
113,21337676584,0,0,0,0,0
114,21580022045,0,0,0,0,0
115,21795970148,0,0,0,0,0
116,22039412504,0,0,0,0,0
117,22281227298,0,0,0,0,0
118,22524849975,0,0,0,0,0
119,22766977372,0,0,0,0,0
120,23008172019,0,0,0,0,0
121,23247669827,0,0,0,0,0
122,23484157619,0,0,0,0,0
123,23719767121,0,0,0,0,0
124,23951410721,0,0,0,0,0
125,24183792863,0,0,0,0,0
126,24419782169,0,0,0,0,0
127,24658110321,0,0,0,0,0
128,24887066131,0,0,0,0,0
129,25113117625,0,0,0,0,0
130,25343419327,0,0,0,0,0
131,25570241336,0,0,0,0,0
132,25792691284,0,0,0,0,0
133,26022999740,0,0,0,0,0
134,26248180515,0,0,0,0,0
135,26476163648,0,0,0,0,0
136,26701011015,0,0,0,0,0
137,26923241652,0,0,0,0,0
138,27149484450,0,0,0,0,0
139,27369502331,0,0,0,0,0
140,27587162678,0,0,0,0,0
141,27802978052,0,0,0,0,0
142,28024860826,0,0,0,0,0
143,28245156321,0,0,0,0,0
144,28462168364,0,0,0,0,0
145,28675837021,0,0,0,0,0
146,28892201183,0,0,0,0,0
147,29105280988,0,0,0,0,0
148,29316240432,0,0,0,0,0
149,29525096100,0,0,0,0,0
150,29723922913,0,0,0,0,0
151,29940686215,0,0,0,0,0
152,30153181541,0,0,0,0,0
153,30357635063,0,0,0,0,0
154,30566594546,0,0,0,0,0
155,30773732386,0,0,0,0,0
156,30978019350,0,0,0,0,0
157,31182637628,0,0,0,0,0
158,31382867034,0,0,0,0,0
159,31591539268,0,0,0,0,0
160,31802164996,0,0,0,0,0
161,32009543408,0,0,0,0,0
162,32211536289,0,0,0,0,0
163,32416220138,0,0,0,0,0
164,32618408773,0,0,0,0,0
165,32821408464,0,0,0,0,0
166,33022600477,0,0,0,0,0
167,33217013137,0,0,0,0,0
168,33425508995,0,0,0,0,0
169,33628669449,0,0,0,0,0
170,33830621138,0,0,0,0,0
171,34030584316,0,0,0,0,0
172,34231529378,0,0,0,0,0
173,34429516992,0,0,0,0,0
174,34627147737,0,0,0,0,0
175,34818121579,0,0,0,0,0
176,35020344768,0,0,0,0,0
177,35220515739,0,0,0,0,0
178,35418972160,0,0,0,0,0
179,35615769675,0,0,0,0,0
180,35808410127,0,0,0,0,0
181,35997851023,0,0,0,0,0
182,36192461214,0,0,0,0,0
183,36383170197,0,0,0,0,0
184,36566100084,0,0,0,0,0
185,36762860468,0,0,0,0,0
186,36955566708,0,0,0,0,0
187,37148656081,0,0,0,0,0
188,37338929253,0,0,0,0,0
189,37522509013,0,0,0,0,0
190,37709496826,0,0,0,0,0
191,37895480233,0,0,0,0,0
192,38078503895,0,0,0,0,0
193,38259788206,0,0,0,0,0
194,38440310115,0,0,0,0,0
195,38627691459,0,0,0,0,0
196,38814125305,0,0,0,0,0
197,38991989459,0,0,0,0,0
198,39175245456,0,0,0,0,0
199,39355616198,0,0,0,0,0
200,39534318127,0,0,0,0,0
201,39710302659,0,0,0,0,0
202,39897793650,0,0,0,0,0
203,40079204410,0,0,0,0,0
204,40263115523,0,0,0,0,0
205,40444613098,0,0,0,0,0
206,40628415301,0,0,0,0,0
207,40807113101,0,0,0,0,0
208,40979413585,0,0,0,0,0
209,41156114333,0,0,0,0,0
