BackupID, OnlineSpeed(MB/s), Encalve ProcessTime(s), BackupSize, OnlineSize, OfflineSize, OfflineTime(s)
0, 99.8905, 1.98821, 208250880, 100627622, 100627622, 2e-05
1, 141.567, 1.43304, 212725760, 132159606, 132159606, 2.7e-05
2, 145.183, 1.4414, 219432960, 159828363, 159828363, 2.1e-05
3, 146.238, 1.46139, 224092160, 187651472, 187651472, 3.4e-05
4, 140.36, 1.55021, 228157440, 220389263, 220389263, 2.4e-05
5, 135.638, 1.64493, 233953280, 256881827, 256881827, 2e-05
6, 132.535, 1.70253, 236605440, 292778750, 292778750, 3.4e-05
7, 130.068, 1.76073, 240138240, 332512368, 332512368, 2.9e-05
8, 126.209, 1.86238, 246466560, 373972290, 373972290, 2e-05
9, 129.299, 1.84627, 250316800, 407853684, 407853684, 2.6e-05
10, 127.339, 1.90528, 254402560, 444579408, 444579408, 2.7e-05
11, 126.253, 1.98603, 262922240, 486228257, 486228257, 2.5e-05
12, 125.26, 2.01534, 264704000, 529945914, 529945914, 2.7e-05
13, 113.595, 2.29056, 272834560, 584821162, 584821162, 2.6e-05
14, 115.834, 2.34357, 284651520, 643386828, 643386828, 2.4e-05
15, 118.96, 2.32146, 289576960, 698002392, 698002392, 2.3e-05
16, 115.701, 2.42188, 293826560, 761988986, 761988986, 2.8e-05
17, 116.275, 2.54473, 310261760, 832924734, 832924734, 2.3e-05
18, 112.259, 2.85595, 336179200, 903576487, 903576487, 2.4e-05
19, 120.434, 2.79645, 353146880, 971590571, 971590571, 2.6e-05
20, 125.47, 2.7797, 365711360, 1035124034, 1035124034, 2.1e-05
21, 118.787, 3.07002, 382392320, 1104157003, 1104157003, 3.4e-05
22, 121.082, 3.11192, 395100160, 1171600734, 1171600734, 2e-05
23, 126.338, 3.05473, 404674560, 1234956248, 1234956248, 2.6e-05
24, 121.656, 3.23675, 412897280, 1300251582, 1300251582, 2.1e-05
25, 120.697, 3.26845, 413655040, 1364946043, 1364946043, 2.7e-05
26, 116.569, 3.52895, 431349760, 1440655362, 1440655362, 2.6e-05
27, 122.802, 3.42085, 440494080, 1507458803, 1507458803, 2e-05
28, 114.549, 3.74311, 449597440, 1578985976, 1578985976, 3.6e-05
29, 120.623, 3.56557, 450979840, 1646778695, 1646778695, 2.1e-05
30, 92.4617, 5.37955, 521564160, 1840771341, 1840771341, 2.7e-05
31, 134.839, 3.77773, 534128640, 1912326421, 1912326421, 2e-05
32, 136.17, 3.80971, 543969280, 1980048806, 1980048806, 2.4e-05
33, 138.068, 3.79774, 549816320, 2045567922, 2045567922, 2.5e-05
34, 136.336, 3.9176, 560056320, 2115143399, 2115143399, 2e-05
35, 135.457, 4.02372, 571514880, 2190469733, 2190469733, 2.2e-05
36, 134.721, 4.09628, 578662400, 2264155813, 2264155813, 2.7e-05
37, 132.088, 4.16308, 576604160, 2340487033, 2340487033, 2.7e-05
38, 133.208, 4.15541, 580423680, 2412721034, 2412721034, 2.1e-05
39, 128.288, 4.34478, 584458240, 2492358689, 2492358689, 2.5e-05
40, 117.179, 3.69876, 454471680, 2561042610, 2561042610, 2.5e-05
41, 115.99, 3.78964, 460912640, 2633672456, 2633672456, 2.7e-05
42, 117.628, 3.7788, 466083840, 2704607281, 2704607281, 4e-05
43, 117.866, 3.82363, 472565760, 2777756484, 2777756484, 2.6e-05
44, 120.213, 3.80574, 479723520, 2850329112, 2850329112, 2.5e-05
45, 122.451, 3.81005, 489205760, 2917980409, 2917980409, 2.8e-05
46, 125.789, 3.7834, 499025920, 2987849948, 2987849948, 4e-05
47, 128.707, 3.74677, 505661440, 3052076540, 3052076540, 2.6e-05
48, 139.626, 3.50958, 513832960, 3106844530, 3106844530, 0.000102
49, 128.586, 4.37579, 589998080, 3185755352, 3185755352, 2.3e-05
50, 101.303, 6.71319, 713103360, 3414972090, 3414972090, 1.9e-05
51, 133.54, 5.15815, 722278400, 3506687396, 3506687396, 2.6e-05
52, 137.89, 5.39281, 779735040, 3606126194, 3606126194, 2.7e-05
53, 144.876, 5.38485, 818032640, 3695538276, 3695538276, 6.3e-05
54, 149.816, 5.252, 825057280, 3787897668, 3787897668, 2.6e-05
55, 143.095, 5.56068, 834355200, 3881605457, 3881605457, 2.2e-05
56, 145.668, 5.47282, 835942400, 3975393355, 3975393355, 2e-05
57, 149.071, 5.33428, 833812480, 4072475208, 4072475208, 2.2e-05
58, 144.984, 5.45912, 829931520, 4165591290, 4165591290, 2.7e-05
59, 139.975, 5.7194, 839464960, 4265176863, 4265176863, 2.1e-05
60, 120.902, 4.70068, 595927040, 4346307831, 4346307831, 2.6e-05
61, 141.912, 5.74425, 854773760, 4447496073, 4447496073, 2.8e-05
62, 122.339, 4.91853, 630958080, 4535818844, 4535818844, 2.7e-05
63, 124.237, 4.91925, 640839680, 4620914171, 4620914171, 2.7e-05
64, 125.125, 4.94161, 648355840, 4706408217, 4706408217, 2.4e-05
65, 126.729, 4.95204, 658053120, 4790043354, 4790043354, 2.2e-05
66, 125.378, 5.0674, 666204160, 4878927613, 4878927613, 2.8e-05
67, 129.923, 4.96922, 676976640, 4963050152, 4963050152, 2.1e-05
68, 133.7, 4.90012, 686970880, 5045690775, 5045690775, 2.1e-05
69, 144.838, 4.58001, 695582720, 5117233615, 5117233615, 2.8e-05
70, 139.055, 5.92074, 863303680, 5224526578, 5224526578, 2.6e-05
71, 109.009, 8.917, 1019248640, 5519108735, 5519108735, 2e-05
72, 161.554, 6.28224, 1064222720, 5621218414, 5621218414, 2.1e-05
73, 153.687, 6.64168, 1070325760, 5709091259, 5709091259, 2.8e-05
74, 151.758, 6.86098, 1091788800, 5804053132, 5804053132, 2e-05
75, 121.289, 6.8537, 871659520, 5907208774, 5907208774, 3.1e-05
76, 120.494, 6.8955, 871229440, 6021641195, 6021641195, 2.4e-05
77, 126.583, 6.88105, 913336320, 6120191154, 6120191154, 3.1e-05
78, 134.855, 6.63438, 938137600, 6215699958, 6215699958, 2.4e-05
79, 148.766, 6.07524, 947691520, 6312567791, 6312567791, 2.3e-05
80, 153.872, 5.93513, 957614080, 6404247434, 6404247434, 2.1e-05
81, 151.465, 6.08084, 965775360, 6495693972, 6495693972, 2.6e-05
82, 156.452, 5.99737, 983879680, 6588379497, 6588379497, 2.2e-05
83, 145.401, 6.63116, 1011015680, 6810551540, 6810551540, 2.1e-05
84, 190.312, 5.10947, 1019627520, 6880748476, 6880748476, 2.5e-05
85, 213.095, 4.55993, 1018900480, 6911973036, 6911973036, 2e-05
86, 212.328, 4.57664, 1018951680, 6942371201, 6942371201, 2.1e-05
87, 210.015, 4.62756, 1019064320, 6972233180, 6972233180, 3.3e-05
88, 210.674, 4.61339, 1019136000, 7004057914, 7004057914, 2.4e-05
89, 207.772, 4.67816, 1019207680, 7036377878, 7036377878, 2.8e-05
90, 208.912, 4.65268, 1019217920, 7068718381, 7068718381, 2.5e-05
91, 207.294, 4.68909, 1019238400, 7102131572, 7102131572, 3e-05
92, 194.972, 5.20391, 1063905280, 7162717155, 7162717155, 2.4e-05
93, 211.753, 4.79153, 1063905280, 7197962781, 7197962781, 2e-05
94, 210.819, 4.81299, 1063956480, 7234662060, 7234662060, 2.1e-05
95, 209.211, 4.85038, 1064048640, 7272854350, 7272854350, 2.5e-05
96, 208.323, 4.87122, 1064079360, 7315227255, 7315227255, 2.7e-05
97, 205.358, 4.94178, 1064130560, 7354370950, 7354370950, 2.5e-05
98, 207.778, 4.8845, 1064192000, 7394190381, 7394190381, 2.4e-05
99, 204.638, 4.95956, 1064212480, 7437738706, 7437738706, 2.5e-05
100, 191.451, 5.33034, 1070069760, 7503992454, 7503992454, 2.7e-05
101, 203.133, 5.02398, 1070110720, 7550549812, 7550549812, 2.6e-05
102, 204.326, 4.99493, 1070172160, 7596081645, 7596081645, 2.2e-05
103, 202.865, 5.03097, 1070182400, 7642941436, 7642941436, 2.1e-05
104, 200.617, 5.08769, 1070254080, 7690869868, 7690869868, 2.8e-05
105, 201.344, 5.06935, 1070264320, 7736619236, 7736619236, 2.1e-05
106, 199.8, 5.10873, 1070305280, 7785444670, 7785444670, 2.8e-05
107, 200.769, 5.08413, 1070315520, 7832974977, 7832974977, 2.1e-05
108, 199.835, 5.10787, 1070315520, 7882018859, 7882018859, 2.8e-05
109, 188.317, 5.52742, 1091471360, 7955948838, 7955948838, 2.5e-05
110, 200.341, 5.19582, 1091502080, 8005480073, 8005480073, 2.6e-05
111, 201.673, 5.16165, 1091532800, 8056260393, 8056260393, 2.2e-05
112, 199.069, 5.22977, 1091655680, 8106910581, 8106910581, 1.8e-05
113, 198.869, 5.23518, 1091686400, 8159720372, 8159720372, 2.6e-05
114, 194.061, 5.36501, 1091717120, 8214516564, 8214516564, 2.3e-05
115, 194.158, 5.36259, 1091768320, 8281478467, 8281478467, 2.2e-05
116, 200.478, 5.1936, 1091778560, 8336095586, 8336095586, 2e-05
117, 164.053, 6.54887, 1126553600, 8445171341, 8445171341, 2.4e-05
118, 197.385, 5.44299, 1126553600, 8502838530, 8502838530, 2.4e-05
119, 190.483, 5.64043, 1126594560, 8560425627, 8560425627, 2e-05
120, 195.278, 5.50221, 1126656000, 8618397755, 8618397755, 2.5e-05
121, 198.769, 5.40578, 1126696960, 8676931095, 8676931095, 2.3e-05
122, 197.173, 5.44964, 1126717440, 8736477520, 8736477520, 2.6e-05
123, 189.82, 5.66078, 1126727680, 8796318447, 8796318447, 2.6e-05
124, 196.806, 5.45989, 1126737920, 8859457401, 8859457401, 2e-05
125, 171.499, 6.32134, 1136762880, 8964444705, 8964444705, 2.5e-05
126, 198.616, 5.45846, 1136803840, 9026258981, 9026258981, 2.6e-05
127, 194.516, 5.57377, 1136855040, 9087660642, 9087660642, 2.6e-05
128, 193.282, 5.60962, 1136906240, 9153260389, 9153260389, 2.6e-05
129, 194.589, 5.57209, 1136936960, 9219211055, 9219211055, 2e-05
130, 194.66, 5.57025, 1136977920, 9283477048, 9283477048, 4.4e-05
131, 192.362, 5.63696, 1137008640, 9349207908, 9349207908, 2.2e-05
132, 196.502, 5.51824, 1137018880, 9417757567, 9417757567, 2.7e-05
133, 167.063, 6.57517, 1151825920, 9530505786, 9530505786, 2.7e-05
134, 192.135, 5.71743, 1151877120, 9599228768, 9599228768, 3e-05
135, 190.279, 5.77297, 1151836160, 9666770979, 9666770979, 2.1e-05
136, 192.762, 5.69887, 1151887360, 9735228679, 9735228679, 2.5e-05
137, 191.883, 5.72529, 1151948800, 9805479916, 9805479916, 2.6e-05
138, 190.827, 5.75712, 1151979520, 9872998844, 9872998844, 2.7e-05
139, 181.917, 6.0392, 1152000000, 9943091053, 9943091053, 2.8e-05
140, 189.938, 5.78427, 1152020480, 10013900360, 10013900360, 2.8e-05
141, 168.715, 6.51194, 1152030720, 10086221778, 10086221778, 2.2e-05
142, 168.487, 6.56358, 1159598080, 10198825861, 10198825861, 2.5e-05
143, 187.686, 5.89259, 1159680000, 10271774508, 10271774508, 2.5e-05
144, 189.771, 5.82822, 1159751680, 10345548869, 10345548869, 2.7e-05
145, 187.541, 5.8976, 1159772160, 10420329768, 10420329768, 2.2e-05
146, 187.581, 5.89646, 1159792640, 10494069578, 10494069578, 2.4e-05
147, 187.715, 5.8924, 1159823360, 10569319900, 10569319900, 2.6e-05
148, 187.395, 5.90263, 1159854080, 10645183920, 10645183920, 2.8e-05
149, 186.127, 5.94316, 1159915520, 10721845462, 10721845462, 2.1e-05
150, 188.368, 5.87244, 1159915520, 10802932730, 10802932730, 2.5e-05
151, 166.496, 6.9599, 1215088640, 10929661537, 10929661537, 2.7e-05
152, 190.496, 6.0832, 1215119360, 11009483457, 11009483457, 2.5e-05
153, 190.088, 6.09638, 1215139840, 11090223485, 11090223485, 2.4e-05
154, 189.393, 6.11885, 1215160320, 11168487449, 11168487449, 2.1e-05
155, 189.938, 6.10146, 1215191040, 11248326029, 11248326029, 2.2e-05
156, 190.629, 6.07949, 1215221760, 11328734308, 11328734308, 2.4e-05
157, 188.295, 6.155, 1215252480, 11408787199, 11408787199, 2.4e-05
158, 189.682, 6.11015, 1215283200, 11491450679, 11491450679, 2.1e-05
159, 165.574, 7.30904, 1268971520, 11626285911, 11626285911, 2.2e-05
160, 195.58, 6.18791, 1269022720, 11706640014, 11706640014, 3.5e-05
161, 190.315, 6.35925, 1269053440, 11787690362, 11787690362, 2.5e-05
162, 191.557, 6.31835, 1269114880, 11872056871, 11872056871, 2.5e-05
163, 193.769, 6.24635, 1269145600, 11954595753, 11954595753, 3.8e-05
164, 193.22, 6.26431, 1269186560, 12038238974, 12038238974, 2.7e-05
165, 190.176, 6.36492, 1269258240, 12122043573, 12122043573, 2.7e-05
166, 192.377, 6.29232, 1269299200, 12206221293, 12206221293, 2.4e-05
167, 190.426, 6.3568, 1269299200, 12293724852, 12293724852, 2.7e-05
168, 168.714, 7.57535, 1340149760, 12433602734, 12433602734, 2.8e-05
169, 200.825, 6.3646, 1340262400, 12520687223, 12520687223, 2.6e-05
170, 196.173, 6.51575, 1340303360, 12607827096, 12607827096, 2.7e-05
171, 192.502, 6.64019, 1340344320, 12695218237, 12695218237, 2.5e-05
172, 196.945, 6.49056, 1340375040, 12782241214, 12782241214, 2.3e-05
173, 194.486, 6.57261, 1340375040, 12870057148, 12870057148, 2.7e-05
174, 196.547, 6.5038, 1340395520, 12958799015, 12958799015, 2.7e-05
175, 196.646, 6.50063, 1340416000, 13049956720, 13049956720, 2.5e-05
176, 174.483, 7.42231, 1357977600, 13183535003, 13183535003, 3e-05
177, 197.933, 6.5431, 1358008320, 13273259689, 13273259689, 2.2e-05
178, 194.777, 6.64947, 1358080000, 13363290583, 13363290583, 2.6e-05
179, 194.953, 6.64384, 1358151680, 13453814516, 13453814516, 2e-05
180, 195.469, 6.62655, 1358202880, 13546335411, 13546335411, 2.2e-05
181, 196.213, 6.60163, 1358243840, 13639795446, 13639795446, 2.4e-05
182, 188.702, 6.86455, 1358274560, 13731058202, 13731058202, 2.6e-05
183, 191.157, 6.77648, 1358295040, 13823442851, 13823442851, 2.7e-05
184, 195.025, 6.64222, 1358325760, 13920137936, 13920137936, 2.2e-05
185, 172.659, 7.57176, 1370839040, 14060252432, 14060252432, 2.7e-05
186, 196.37, 6.65762, 1370859520, 14153482082, 14153482082, 2e-05
187, 193.621, 6.75277, 1370992640, 14246721026, 14246721026, 2.5e-05
188, 193.67, 6.75117, 1371013120, 14341617636, 14341617636, 2.2e-05
189, 193.304, 6.76416, 1371054080, 14439850506, 14439850506, 2.4e-05
190, 193.18, 6.76866, 1371084800, 14535630761, 14535630761, 2.5e-05
191, 192.506, 6.79256, 1371125760, 14632314402, 14632314402, 2.4e-05
192, 191.795, 6.81789, 1371156480, 14730307331, 14730307331, 2e-05
193, 193.525, 6.75704, 1371176960, 14828683707, 14828683707, 2.2e-05
194, 170.837, 7.68597, 1376829440, 14971973819, 14971973819, 3.3e-05
195, 195.225, 6.71873, 1375375360, 15068206507, 15068206507, 2.4e-05
196, 190.05, 6.90174, 1375395840, 15165733309, 15165733309, 2.9e-05
197, 186.676, 7.02698, 1375488000, 15270849924, 15270849924, 2e-05
198, 186.098, 7.04892, 1375508480, 15368575200, 15368575200, 2.6e-05
199, 191.525, 6.84933, 1375539200, 15467765961, 15467765961, 2.7e-05
200, 193.375, 6.784, 1375580160, 15567512417, 15567512417, 2.6e-05
201, 191.103, 6.86472, 1375590400, 15668437194, 15668437194, 2.7e-05
202, 169.216, 7.87796, 1397831680, 15812605886, 15812605886, 2.5e-05
203, 194.102, 6.86801, 1397852160, 15912939215, 15912939215, 2.7e-05
204, 189.9, 7.02028, 1397913600, 16012875536, 16012875536, 2.1e-05
205, 193.081, 6.90488, 1397964800, 16113155731, 16113155731, 2.2e-05
206, 193.891, 6.87631, 1398016000, 16212756421, 16212756421, 2.5e-05
207, 188.566, 7.07068, 1398056960, 16314348377, 16314348377, 2.6e-05
208, 194.275, 6.8631, 1398097920, 16418797812, 16418797812, 2.4e-05
209, 191.075, 6.9783, 1398149120, 16521714071, 16521714071, 2.7e-05
