Backup ID, Ecall, Inline_Ocall, Offline_Ocall, _Inline_FPOcall, _Inline_SFOcall, _Inline_LocalOcall, _Inline_LoadOcall, _Inline_DeltaOcall, _Inline_RecipeOcall, _Inline_Write_ContainerOcall, _inline_have_similar_chunk_num, _inline_need_load_container_num
0,195,425,0,0,0,0,0,0,24,27,0,0,
1,394,9008,0,0,0,0,0,0,48,36,0,0,
2,599,18421,0,0,0,0,0,0,73,45,0,0,
3,808,27632,0,0,0,0,0,0,98,54,0,0,
4,1020,36910,0,0,0,0,0,0,124,64,0,0,
5,1238,46303,0,0,0,0,0,0,150,75,0,0,
6,1458,56055,0,0,0,0,0,0,177,86,0,0,
7,1681,65721,0,0,0,0,0,0,204,98,0,0,
8,1910,76188,0,0,0,0,0,0,232,110,0,0,
9,2141,86661,0,0,0,0,0,0,260,120,0,0,
10,2377,97051,0,0,0,0,0,0,289,131,0,0,
11,2620,107257,0,0,0,0,0,0,319,143,0,0,
12,2865,117242,0,0,0,0,0,0,349,156,0,0,
13,3117,127356,0,0,0,0,0,0,380,172,0,0,
14,3379,136871,0,0,0,0,0,0,412,189,0,0,
15,3646,147307,0,0,0,0,0,0,445,205,0,0,
16,3917,156180,0,0,0,0,0,0,478,223,0,0,
17,4216,164406,0,0,0,0,0,0,515,243,0,0,
18,4526,175232,0,0,0,0,0,0,553,263,0,0,
19,4851,187259,0,0,0,0,0,0,593,282,0,0,
20,5187,200221,0,0,0,0,0,0,634,300,0,0,
21,5539,213812,0,0,0,0,0,0,677,319,0,0,
22,5903,228193,0,0,0,0,0,0,722,338,0,0,
23,6275,243395,0,0,0,0,0,0,768,356,0,0,
24,6655,258811,0,0,0,0,0,0,815,374,0,0,
25,7037,274063,0,0,0,0,0,0,862,392,0,0,
26,7435,289400,0,0,0,0,0,0,911,413,0,0,
27,7841,305273,0,0,0,0,0,0,961,432,0,0,
28,8256,322210,0,0,0,0,0,0,1012,453,0,0,
29,8672,338478,0,0,0,0,0,0,1063,472,0,0,
30,9153,345325,0,0,0,0,0,0,1122,522,0,0,
31,9644,364899,0,0,0,0,0,0,1183,543,0,0,
32,10144,385789,0,0,0,0,0,0,1245,563,0,0,
33,10650,407587,0,0,0,0,0,0,1307,582,0,0,
34,11165,429461,0,0,0,0,0,0,1371,602,0,0,
35,11691,451394,0,0,0,0,0,0,1436,623,0,0,
36,12223,473438,0,0,0,0,0,0,1502,644,0,0,
37,12754,495039,0,0,0,0,0,0,1568,665,0,0,
38,13288,517841,0,0,0,0,0,0,1634,685,0,0,
39,13825,539310,0,0,0,0,0,0,1700,707,0,0,
40,14245,555260,0,0,0,0,0,0,1752,727,0,0,
41,14670,571149,0,0,0,0,0,0,1804,748,0,0,
42,15100,587246,0,0,0,0,0,0,1857,768,0,0,
43,15537,603463,0,0,0,0,0,0,1911,789,0,0,
44,15980,619683,0,0,0,0,0,0,1966,810,0,0,
45,16431,636508,0,0,0,0,0,0,2022,829,0,0,
46,16891,653696,0,0,0,0,0,0,2079,849,0,0,
47,17357,671734,0,0,0,0,0,0,2136,868,0,0,
48,17830,690597,0,0,0,0,0,0,2194,884,0,0,
49,18373,711721,0,0,0,0,0,0,2261,907,0,0,
50,19025,724436,0,0,0,0,0,0,2342,967,0,0,
51,19685,750407,0,0,0,0,0,0,2424,992,0,0,
52,20394,777640,0,0,0,0,0,0,2512,1020,0,0,
53,21133,806758,0,0,0,0,0,0,2604,1046,0,0,
54,21878,834366,0,0,0,0,0,0,2696,1072,0,0,
55,22631,863692,0,0,0,0,0,0,2789,1098,0,0,
56,23385,892267,0,0,0,0,0,0,2882,1124,0,0,
57,24136,919761,0,0,0,0,0,0,2975,1151,0,0,
58,24884,947552,0,0,0,0,0,0,3068,1177,0,0,
59,25641,974786,0,0,0,0,0,0,3162,1205,0,0,
60,26189,996341,0,0,0,0,0,0,3230,1228,0,0,
61,26958,1023674,0,0,0,0,0,0,3325,1256,0,0,
62,27537,1044918,0,0,0,0,0,0,3397,1280,0,0,
63,28125,1066217,0,0,0,0,0,0,3470,1303,0,0,
64,28720,1088151,0,0,0,0,0,0,3544,1327,0,0,
65,29322,1110323,0,0,0,0,0,0,3618,1350,0,0,
66,29932,1132128,0,0,0,0,0,0,3693,1374,0,0,
67,30551,1154564,0,0,0,0,0,0,3770,1397,0,0,
68,31180,1177061,0,0,0,0,0,0,3848,1420,0,0,
69,31816,1200787,0,0,0,0,0,0,3927,1440,0,0,
70,32593,1226891,0,0,0,0,0,0,4023,1470,0,0,
71,33504,1241659,0,0,0,0,0,0,4136,1547,0,0,
72,34451,1274252,0,0,0,0,0,0,4254,1576,0,0,
73,35404,1308406,0,0,0,0,0,0,4372,1601,0,0,
74,36375,1343784,0,0,0,0,0,0,4493,1629,0,0,
75,37160,1370993,0,0,0,0,0,0,4590,1657,0,0,
76,37943,1395699,0,0,0,0,0,0,4687,1689,0,0,
77,38761,1423572,0,0,0,0,0,0,4788,1717,0,0,
78,39600,1452303,0,0,0,0,0,0,4892,1744,0,0,
79,40450,1481202,0,0,0,0,0,0,4997,1771,0,0,
80,41308,1510416,0,0,0,0,0,0,5103,1797,0,0,
81,42173,1539984,0,0,0,0,0,0,5210,1823,0,0,
82,43055,1570075,0,0,0,0,0,0,5319,1849,0,0,
83,44077,1574516,0,0,0,0,0,0,5446,1908,0,0,
84,45108,1610819,0,0,0,0,0,0,5574,1930,0,0,
85,46138,1654632,0,0,0,0,0,0,5702,1942,0,0,
86,47168,1698720,0,0,0,0,0,0,5830,1953,0,0,
87,48199,1743021,0,0,0,0,0,0,5958,1964,0,0,
88,49230,1786832,0,0,0,0,0,0,6086,1976,0,0,
89,50261,1830349,0,0,0,0,0,0,6214,1988,0,0,
90,51292,1873932,0,0,0,0,0,0,6342,2000,0,0,
91,52323,1917389,0,0,0,0,0,0,6470,2012,0,0,
92,53391,1956732,0,0,0,0,0,0,6603,2031,0,0,
93,54459,2000005,0,0,0,0,0,0,6736,2044,0,0,
94,55527,2042854,0,0,0,0,0,0,6869,2057,0,0,
95,56595,2085178,0,0,0,0,0,0,7002,2071,0,0,
96,57663,2125961,0,0,0,0,0,0,7135,2086,0,0,
97,58731,2167886,0,0,0,0,0,0,7268,2100,0,0,
98,59799,2209587,0,0,0,0,0,0,7401,2114,0,0,
99,60868,2250471,0,0,0,0,0,0,7534,2129,0,0,
100,61942,2288021,0,0,0,0,0,0,7667,2150,0,0,
101,63016,2327955,0,0,0,0,0,0,7800,2166,0,0,
102,64090,2368468,0,0,0,0,0,0,7933,2181,0,0,
103,65164,2408397,0,0,0,0,0,0,8066,2197,0,0,
104,66238,2447851,0,0,0,0,0,0,8199,2213,0,0,
105,67312,2487993,0,0,0,0,0,0,8332,2229,0,0,
106,68386,2526955,0,0,0,0,0,0,8465,2245,0,0,
107,69460,2566547,0,0,0,0,0,0,8598,2261,0,0,
108,70534,2605844,0,0,0,0,0,0,8731,2277,0,0,
109,71627,2642245,0,0,0,0,0,0,8867,2300,0,0,
110,72720,2681792,0,0,0,0,0,0,9003,2317,0,0,
111,73813,2720804,0,0,0,0,0,0,9139,2334,0,0,
112,74906,2760038,0,0,0,0,0,0,9275,2351,0,0,
113,75999,2798404,0,0,0,0,0,0,9411,2368,0,0,
114,77092,2836104,0,0,0,0,0,0,9547,2386,0,0,
115,78186,2870340,0,0,0,0,0,0,9683,2406,0,0,
116,79279,2908395,0,0,0,0,0,0,9819,2424,0,0,
117,80400,2945660,0,0,0,0,0,0,9958,2456,0,0,
118,81521,2983511,0,0,0,0,0,0,10097,2475,0,0,
119,82642,3021235,0,0,0,0,0,0,10236,2494,0,0,
120,83763,3058945,0,0,0,0,0,0,10375,2513,0,0,
121,84884,3096330,0,0,0,0,0,0,10514,2531,0,0,
122,86005,3133316,0,0,0,0,0,0,10653,2549,0,0,
123,87126,3170098,0,0,0,0,0,0,10792,2567,0,0,
124,88248,3206456,0,0,0,0,0,0,10931,2587,0,0,
125,89380,3242453,0,0,0,0,0,0,11072,2618,0,0,
126,90512,3279298,0,0,0,0,0,0,11213,2637,0,0,
127,91644,3316581,0,0,0,0,0,0,11354,2656,0,0,
128,92776,3352530,0,0,0,0,0,0,11495,2676,0,0,
129,93908,3388010,0,0,0,0,0,0,11636,2696,0,0,
130,95040,3424079,0,0,0,0,0,0,11777,2716,0,0,
131,96172,3459745,0,0,0,0,0,0,11918,2736,0,0,
132,97304,3494877,0,0,0,0,0,0,12059,2757,0,0,
133,98451,3530478,0,0,0,0,0,0,12202,2789,0,0,
134,99598,3565878,0,0,0,0,0,0,12345,2810,0,0,
135,100745,3601731,0,0,0,0,0,0,12488,2830,0,0,
136,101892,3637147,0,0,0,0,0,0,12631,2851,0,0,
137,103040,3672106,0,0,0,0,0,0,12774,2872,0,0,
138,104187,3707705,0,0,0,0,0,0,12917,2892,0,0,
139,105334,3742409,0,0,0,0,0,0,13060,2913,0,0,
140,106481,3776911,0,0,0,0,0,0,13203,2934,0,0,
141,107628,3811161,0,0,0,0,0,0,13346,2955,0,0,
142,108784,3845484,0,0,0,0,0,0,13490,2987,0,0,
143,109940,3880093,0,0,0,0,0,0,13634,3009,0,0,
144,111096,3914362,0,0,0,0,0,0,13778,3031,0,0,
145,112252,3948139,0,0,0,0,0,0,13922,3053,0,0,
146,113408,3982410,0,0,0,0,0,0,14066,3075,0,0,
147,114564,4016151,0,0,0,0,0,0,14210,3098,0,0,
148,115720,4049551,0,0,0,0,0,0,14354,3121,0,0,
149,116876,4082738,0,0,0,0,0,0,14498,3144,0,0,
150,118032,4114570,0,0,0,0,0,0,14642,3168,0,0,
151,119233,4148529,0,0,0,0,0,0,14791,3203,0,0,
152,120434,4182261,0,0,0,0,0,0,14940,3227,0,0,
153,121635,4214962,0,0,0,0,0,0,15089,3251,0,0,
154,122836,4248430,0,0,0,0,0,0,15238,3274,0,0,
155,124037,4281603,0,0,0,0,0,0,15387,3298,0,0,
156,125238,4314310,0,0,0,0,0,0,15536,3322,0,0,
157,126439,4347082,0,0,0,0,0,0,15685,3346,0,0,
158,127640,4379359,0,0,0,0,0,0,15834,3370,0,0,
159,128885,4411922,0,0,0,0,0,0,15989,3408,0,0,
160,130130,4445530,0,0,0,0,0,0,16144,3432,0,0,
161,131375,4478826,0,0,0,0,0,0,16299,3456,0,0,
162,132620,4511342,0,0,0,0,0,0,16454,3481,0,0,
163,133865,4544215,0,0,0,0,0,0,16609,3506,0,0,
164,135110,4576717,0,0,0,0,0,0,16764,3531,0,0,
165,136355,4609322,0,0,0,0,0,0,16919,3556,0,0,
166,137600,4641778,0,0,0,0,0,0,17074,3581,0,0,
167,138845,4673246,0,0,0,0,0,0,17229,3607,0,0,
168,140147,4706433,0,0,0,0,0,0,17391,3646,0,0,
169,141449,4739147,0,0,0,0,0,0,17553,3672,0,0,
170,142751,4771805,0,0,0,0,0,0,17715,3698,0,0,
171,144054,4804196,0,0,0,0,0,0,17877,3724,0,0,
172,145357,4836713,0,0,0,0,0,0,18039,3750,0,0,
173,146659,4868866,0,0,0,0,0,0,18201,3776,0,0,
174,147962,4900874,0,0,0,0,0,0,18363,3802,0,0,
175,149265,4931860,0,0,0,0,0,0,18525,3829,0,0,
176,150584,4963911,0,0,0,0,0,0,18689,3866,0,0,
177,151903,4996309,0,0,0,0,0,0,18853,3892,0,0,
178,153222,5028478,0,0,0,0,0,0,19017,3918,0,0,
179,154541,5060491,0,0,0,0,0,0,19181,3945,0,0,
180,155861,5091747,0,0,0,0,0,0,19345,3972,0,0,
181,157180,5122645,0,0,0,0,0,0,19509,3999,0,0,
182,158499,5154313,0,0,0,0,0,0,19673,4026,0,0,
183,159819,5185515,0,0,0,0,0,0,19837,4053,0,0,
184,161139,5215507,0,0,0,0,0,0,20001,4081,0,0,
185,162471,5246758,0,0,0,0,0,0,20167,4120,0,0,
186,163803,5278046,0,0,0,0,0,0,20333,4147,0,0,
187,165135,5309557,0,0,0,0,0,0,20499,4174,0,0,
188,166467,5340637,0,0,0,0,0,0,20665,4202,0,0,
189,167799,5370694,0,0,0,0,0,0,20831,4231,0,0,
190,169131,5401290,0,0,0,0,0,0,20997,4259,0,0,
191,170463,5431840,0,0,0,0,0,0,21163,4287,0,0,
192,171795,5461907,0,0,0,0,0,0,21329,4316,0,0,
193,173127,5491697,0,0,0,0,0,0,21495,4345,0,0,
194,174465,5520601,0,0,0,0,0,0,21661,4385,0,0,
195,175801,5551166,0,0,0,0,0,0,21827,4413,0,0,
196,177137,5581693,0,0,0,0,0,0,21993,4442,0,0,
197,178474,5610888,0,0,0,0,0,0,22159,4472,0,0,
198,179810,5641008,0,0,0,0,0,0,22325,4501,0,0,
199,181146,5670641,0,0,0,0,0,0,22491,4529,0,0,
200,182482,5700053,0,0,0,0,0,0,22657,4557,0,0,
201,183818,5729109,0,0,0,0,0,0,22823,4586,0,0,
202,185174,5759288,0,0,0,0,0,0,22992,4626,0,0,
203,186530,5788946,0,0,0,0,0,0,23161,4654,0,0,
204,187886,5819096,0,0,0,0,0,0,23330,4683,0,0,
205,189242,5848918,0,0,0,0,0,0,23499,4711,0,0,
206,190598,5879078,0,0,0,0,0,0,23668,4740,0,0,
207,191954,5908519,0,0,0,0,0,0,23837,4769,0,0,
208,193310,5936985,0,0,0,0,0,0,24006,4798,0,0,
209,194667,5966355,0,0,0,0,0,0,24175,4828,0,0,
