Backup ID, Logical chunk num, Unique chunk num, Base chunk num, Delta chunk num, Logical chunk size, Unique chunk size, Base chunk size, Delta chunk size, LZ4_save size, Delta_save size, 
0,24641,24495,24461,34,208250880,207122891,100522795,132661,106250527,216908
1,49838,39626,31436,8190,420976640,343883169,130445276,1751231,137248341,74438321
2,75769,54678,37457,17221,640409600,480951594,155751877,3861476,164222580,157115661
3,102154,69374,43213,26161,864501760,615776387,180400570,6274683,189794195,239306939
4,128934,85204,49860,35344,1092659200,760639837,208852252,8759843,219530607,323497135
5,156457,101934,57066,44868,1326612480,913110906,239641152,11921052,251494893,410053809
6,184290,118788,63809,54979,1563217920,1067086366,268487984,15256714,281207099,502134569
7,212510,136407,71202,65205,1803356160,1227283855,300123015,19084782,313988578,594087480
8,241451,155151,78852,76299,2049822720,1397466120,332783338,23054172,347516865,694111745
9,270745,172102,84504,87598,2300139520,1554665685,357052242,26225687,373154373,798233383
10,300593,189672,90675,98997,2554542080,1715971804,383056563,29842954,400751649,902320638
11,331389,208165,97780,110385,2817464320,1885698253,412996993,33961113,432488762,1006251385
12,362473,226816,105144,121672,3082168320,2056620195,444423208,38110098,465139987,1108946902
13,394467,248136,114662,133474,3355002880,2249505687,485190885,43608316,507214095,1213492391
14,427730,269719,124924,144795,3639654400,2446105951,529240453,48294186,553222292,1315349020
15,461573,291289,134169,157120,3929231360,2642868685,568715116,53554020,594549254,1426050295
16,495907,313484,145550,167934,4223057920,2845343213,617506339,58500311,646070456,1523266107
17,533891,338250,160105,178145,4533319680,3055374134,673922836,63475530,706598739,1611377029
18,573226,363914,172940,190974,4869498880,3288730076,728409910,68873140,765564454,1725882572
19,614460,390057,184908,205149,5222645760,3527677934,779085227,74108430,819893003,1854591274
20,657190,416136,195881,220255,5588357120,3767058441,825102533,79125023,869629872,1993201013
21,701984,444128,208044,236084,5970749440,4022803683,875773374,84527161,925191115,2137312033
22,748244,472329,219450,252879,6365849600,4281805935,923685725,90462717,977185915,2290471578
23,795533,500237,229507,270730,6770524160,4539452538,965839046,97040298,1022771975,2453801219
24,843831,528928,239919,289009,7183421440,4803542209,1008993352,102770723,1070002878,2621775256
25,892453,557325,250023,307302,7597076480,5064122709,1050523022,108833044,1115260535,2789506108
26,943081,588339,262541,325798,8028426240,5347599334,1102160232,115806956,1172509248,2957122898
27,994732,617593,272532,345061,8468920320,5618093235,1143775760,121638357,1217852313,3134826805
28,1047519,648825,283228,365597,8918517760,5905656166,1188380139,128519284,1266804365,3321952378
29,1100481,678191,292562,385629,9369497600,6177498332,1227395888,143707917,1308548172,3497846355
30,1161683,730293,332630,397663,9891061760,6631310292,1390446283,158605637,1490944521,3591313851
31,1224165,764459,344693,419766,10425190400,6949135668,1440842606,164121977,1547188950,3796982135
32,1287906,799067,356244,442823,10969159680,7270247371,1488575182,169645548,1599883637,4012143004
33,1352398,833924,366709,467215,11518976000,7592912324,1531574959,176167986,1647520332,4237649047
34,1418053,869731,377781,491950,12079032320,7925229976,1576851986,183295778,1698359471,4466722741
35,1485051,906885,389701,517184,12650547200,8269312100,1625485883,190837192,1753535423,4699453602
36,1552883,943650,400829,542821,13229209600,8610980264,1670772777,198641369,1804829314,4936736804
37,1620506,980487,411937,568550,13805813760,8953041890,1715973058,206375698,1856068368,5174624766
38,1688546,1017268,421686,595582,14386237440,9294603528,1756119409,214022576,1900351934,5424109609
39,1757006,1054333,432478,621855,14970695680,9640069539,1800719935,222809145,1950326460,5666213999
40,1810412,1083547,440991,642556,15425167360,9911406345,1836429235,232292030,1989539883,5853145197
41,1864540,1113534,449694,663840,15886080000,10189212551,1872855646,240493435,2029421350,6046442120
42,1919273,1143338,457738,685600,16352163840,10465661096,1906497323,248930897,2066787062,6243445814
43,1974837,1173737,465972,707765,16824729600,10747386683,1940924533,258529523,2104566256,6443366371
44,2031182,1204027,473946,730081,17304453120,11028976023,1974104821,267831431,2141305325,6645734446
45,2088613,1233728,480686,753042,17793658880,11306693526,2002092822,276016332,2172418563,6856165809
46,2147190,1264387,487932,776455,18292684800,11593204633,2032230876,285223787,2206458228,7069291742
47,2206496,1294554,493929,800625,18798346240,11876362472,2057272120,294118476,2234390981,7290580895
48,2266715,1323504,498385,825119,19312179200,12150398334,2075706006,301763575,2255131941,7517796812
49,2335940,1359838,508429,851409,19902177280,12489094108,2116968665,323904432,2301902578,7746318433
50,2419066,1426420,555311,871109,20615280640,13077690238,2303198111,344818650,2524539798,7905133679
51,2503193,1471068,569566,901502,21337559040,13492750308,2361903547,353895194,2590785339,8186166228
52,2593570,1520912,588475,932437,22117294080,13956496725,2429704541,363364010,2691518411,8471909763
53,2687808,1568890,603309,965581,22935326720,14407514754,2486024196,372735699,2768869853,8779885006
54,2782874,1615142,617329,997813,23760384000,14838437071,2542429618,387007070,2833702225,9075298158
55,2878878,1662942,630891,1032051,24594739200,15284296250,2597770476,398868939,2897256494,9390400341
56,2975128,1710128,644167,1065961,25430681600,15725714597,2651140252,410694486,2960068430,9703811429
57,3070965,1757037,658039,1098998,26264494080,16164609531,2707014611,421246890,3026075579,10010272451
58,3166442,1803100,670530,1132570,27094425600,16595252208,2757880703,432812947,3084759112,10319799446
59,3262959,1849992,683833,1166159,27933890560,17033027647,2811973226,445045816,3146590154,10629418451
60,3332759,1886832,693066,1193766,28529817600,17377600787,2850447771,453983274,3189712794,10883456948
61,3430872,1934164,706524,1227640,29384591360,17821510252,2904835283,468487567,3254260764,11193926638
62,3504712,1972423,716257,1256166,30015549440,18178220181,2944972134,478022726,3298989714,11456235607
63,3579605,2009807,724629,1285178,30656389120,18529206646,2979619021,487945888,3338205278,11723436459
64,3655420,2047926,732927,1314999,31304744960,18886528805,3013566431,499695856,3376819680,11996446838
65,3732183,2085663,740193,1345470,31962798080,19242462056,3043861897,510137990,3410824125,12277638044
66,3809922,2124329,748220,1376109,32629002240,19606090117,3077491016,521730399,3448443689,12558425013
67,3888789,2162403,754886,1407517,33305978880,19966345083,3105364688,531672007,3479518533,12849789855
68,3968924,2200450,761526,1438924,33992949760,20325995601,3132814008,542753710,3510197883,13140230000
69,4050053,2237353,766642,1470711,34688532480,20677381896,3153982344,552560140,3534128006,13436711406
70,4149217,2284535,780613,1503922,35551836160,21119663880,3210183818,589571962,3601108418,13718799682
71,4265450,2371143,842886,1528257,36571084800,21893659608,3446350396,640731044,3912730877,13893847291
72,4386386,2425654,860340,1565314,37635307520,22408755401,3511995800,651462816,4003046098,14242250687
73,4508081,2477154,873840,1603314,38705633280,22895215145,3566194027,663363471,4067178618,14598479029
74,4632072,2531806,889064,1642742,39797422080,23410168790,3625570006,675500960,4142109187,14966988637
75,4732223,2578458,900115,1678343,40669081600,23848856535,3671326802,672908627,4194136572,15310484534
76,4832181,2625447,913917,1711530,41540311040,24291221580,3726780396,711721824,4259701832,15593017528
77,4936619,2671964,924591,1747373,42453647360,24729783746,3770041920,726707270,4309594691,15923439865
78,5043629,2718584,934416,1784168,43391784960,25170334985,3809733885,739807248,4356020420,16264773432
79,5152164,2765822,944353,1821469,44339476480,25614745161,3848968307,752907552,4402593432,16610275870
80,5261707,2811976,952585,1859391,45297090560,26053001409,3882081364,765076885,4441447380,16964395780
81,5372102,2858319,960483,1897836,46262865920,26494109032,3914203852,777498099,4478725391,17323681690
82,5484739,2905801,968627,1937174,47246745600,26944336428,3946628039,791618915,4516851199,17689238275
83,5615274,2974727,1027445,1947282,48257761280,27443678836,4135328513,809051340,4735080491,17764218492
84,5746948,3029093,1044878,1984215,49277388800,27828197717,4186668706,817915339,4796476697,18027136975
85,5878524,3079049,1052144,2026905,50296289280,28176859675,4205440928,825076076,4820825919,18325516752
86,6010103,3128955,1057731,2071224,51315240960,28525163481,4219731605,830449532,4839724246,18635258098
87,6141701,3178812,1062297,2116515,52334305280,28872958077,4231433197,832458892,4855201393,18953864595
88,6273302,3228688,1066316,2162372,53353441280,29220978790,4242088230,834739246,4869174908,19274976406
89,6404919,3278502,1070655,2207847,54372648960,29568467799,4253451161,838425657,4884551751,19592039230
90,6536540,3328324,1074489,2253835,55391866880,29916062621,4263283925,841722593,4897745675,19913310428
91,6668160,3378140,1077753,2300387,56411105280,30263561394,4271507211,872592231,4909195759,20210266193
92,6804565,3431960,1088235,2343725,57475010560,30644138614,4303617807,868118011,4947039073,20525363723
93,6940979,3482283,1092007,2390276,58538915840,30995265413,4313222668,870521349,4959739569,20851781827
94,7077386,3532627,1095454,2437173,59602872320,31346808615,4322054496,873878554,4971571258,21179304307
95,7213812,3582970,1098879,2484091,60666920960,31698289312,4330742848,878472857,4983337121,21505736486
96,7350241,3633269,1102903,2530366,61731000320,32049460760,4341115592,882218694,4997500100,21828626374
97,7486674,3683528,1105780,2577748,62795130880,32400320490,4348418599,885973893,5007464483,22158463515
98,7623116,3733785,1108495,2625290,63859322880,32751090403,4355275199,890053339,5016886109,22488875756
99,7759591,3784184,1111822,2672362,64923535360,33102591715,4363587205,939101047,5028423112,22771480351
100,7896734,3837918,1121159,2716759,65993605120,33482551991,4392250586,961823829,5061970850,23066506726
101,8033918,3888530,1125264,2763266,67063715840,33836062449,4402771104,940734626,5076736965,23415819754
102,8171098,3939120,1128543,2810577,68133888000,34189542680,4411286290,938780926,5088099651,23751375813
103,8308293,3989691,1131468,2858223,69204070400,34542631238,4418846950,940881146,5098201107,24084702035
104,8445492,4040213,1134519,2905694,70274324480,34895496730,4426437197,944205272,5108701934,24416152327
105,8582680,4090615,1136864,2953751,71344588800,35247383444,4432228436,947515521,5116790229,24750849258
106,8719869,4141100,1140106,3000994,72414894080,35599950429,4440102591,951319645,5127725348,25080802845
107,8857075,4191540,1142279,3049261,73485209600,35952016244,4445397702,954856423,5135174957,25416587162
108,8994276,4241970,1144518,3097452,74555525120,36304049595,4450639788,1018052547,5143013515,25692343745
109,9133868,4296766,1153971,3142795,75646996480,36692624072,4480284338,996809829,5177841688,26037688217
110,9273476,4347897,1157284,3190613,76738498560,37049737902,4488729581,998374750,5188963333,26373670238
111,9413087,4398892,1159977,3238915,77830031360,37405820556,4495499934,1001110374,5198300726,26710909522
112,9552710,4449914,1162325,3287589,78921687040,37762308541,4501581110,1004574210,5206507046,27049646175
113,9692345,4500877,1164833,3336044,80013373440,38118104505,4507936987,1008368555,5215125692,27386673271
114,9831983,4551835,1167413,3384422,81105090560,38473884103,4514438613,1012286043,5224008486,27723150961
115,9971637,4602922,1172408,3430514,82196858880,38830540205,4529032426,1016222498,5242229341,28043055940
116,10111284,4653852,1175098,3478754,83288637440,39186071420,4535674254,1090834644,5251736624,28307825898
117,10254480,4719071,1190523,3528548,84415191040,39665633935,4584666435,1067051487,5318733933,28695182080
118,10397681,4770973,1194086,3576887,85541744640,40028724542,4593903526,1067019787,5330799574,29037001655
119,10540871,4822680,1196903,3625777,86668339200,40390617824,4601226684,1069721299,5340641708,29379028133
120,10684073,4874361,1199430,3674931,87794995200,40752012280,4607824246,1073109527,5349327119,29721751388
121,10827281,4926037,1202290,3723747,88921692160,41113288654,4615070537,1077661765,5359274829,30061281523
122,10970483,4977636,1204622,3773014,90048409600,41473895648,4621060597,1080752386,5367438958,30404643707
123,11113686,5029199,1206990,3822209,91175137280,41834152531,4626993016,1085486614,5375527211,30746145690
124,11256922,5081046,1209528,3871518,92301875200,42196440001,4633327521,1170584950,5384504732,31008022798
125,11401515,5143663,1222115,3921548,93438638080,42646913920,4674885241,1135419872,5431889622,31404719185
126,11546098,5195868,1225500,3970368,94575441920,43011697796,4683570610,1134315296,5443397615,31750414275
127,11690685,5248179,1227985,4020194,95712296960,43377614779,4689887127,1136681147,5451749532,32099296973
128,11835284,5300501,1230866,4069635,96849203200,43743443888,4697728169,1139961911,5461675356,32444078452
129,11979903,5352677,1233607,4119070,97986140160,44107982046,4704585043,1144736847,5471222792,32787437364
130,12124509,5404840,1235960,4168880,99123118080,44472661525,4710434649,1147814652,5479291545,33135120679
131,12269135,5456984,1237927,4219057,100260126720,44837198007,4715393995,1152634872,5486050771,33483118369
132,12413757,5509206,1240397,4268809,101397145600,45202159037,4721350549,1249157392,5494765352,33736885744
133,12560306,5573743,1253624,4320119,102548971520,45669972107,4764559958,1208495932,5546592090,34150324127
134,12706853,5626534,1256667,4369867,103700848640,46039405097,4772656908,1207379894,5557073740,34502294555
135,12853388,5679316,1259488,4419828,104852684800,46408795222,4779910310,1211103214,5566733856,34851047842
136,12999928,5732016,1261806,4470210,106004572160,46777402158,4785911344,1214573210,5574809293,35202108311
137,13146491,5784871,1264098,4520773,107156520960,47147233419,4791685348,1218746519,5582662120,35554139432
138,13293046,5837477,1266186,4571291,108308500480,47515049838,4796927528,1222401821,5589862178,35905858311
139,13439601,5890056,1268606,4621450,109460500480,47882533659,4802830771,1226441861,5598134776,36255126251
140,13586157,5942529,1270526,4672003,110612520960,48249044660,4807556301,1230781230,5604614252,36606092877
141,13732717,5995056,1272790,4722266,111764551680,48616124200,4812934549,1342269516,5612622128,36848298007
142,13880344,6058499,1285006,4773493,112924149760,49073860100,4853204646,1289395854,5659221167,37272038433
143,14027988,6111925,1288478,4823447,114083829760,49447891995,4862061514,1288051137,5671065956,37626713388
144,14175645,6165186,1291209,4873977,115243581440,49820445302,4868968037,1291484506,5680364415,37979628344
145,14323303,6218305,1293619,4924686,116403353600,50191733991,4875022664,1295522764,5688553706,38332634857
146,14470960,6271425,1295916,4975509,117563146240,50563113252,4880941239,1299974815,5696552708,38685644490
147,14618628,6324581,1298301,5026280,118722969600,50934898919,4886896187,1303821866,5704875777,39039305089
148,14766300,6377676,1300658,5077018,119882823680,51306102127,4892864109,1307874130,5713049057,39392314831
149,14913989,6430735,1303153,5127582,121042739200,51676783287,4899016994,1312999383,5721656899,39743110011
150,15061697,6483725,1306589,5177136,122202654720,52046653921,4907728763,1433696464,5733805644,39971423050
151,15215081,6551594,1322302,5229292,123417743360,52542126172,4956361610,1382986548,5802202508,40400575506
152,15368526,6606120,1326459,5279661,124632862720,52923284157,4967288712,1384027292,5816254841,40755713312
153,15521904,6659947,1329706,5330241,125848002560,53299309398,4975990299,1384407122,5827889710,41111022267
154,15675282,6713636,1331930,5381706,127063162880,53674073370,4981594082,1388481966,5835696758,41468300564
155,15828675,6767498,1334567,5432931,128278353920,54050239508,4988333654,1392854836,5844922849,41824128169
156,15982054,6821147,1336767,5484380,129493575680,54424765409,4993782280,1395538016,5852526165,42182918948
157,16135440,6874760,1339023,5535737,130708828160,54798978754,4999237575,1399784377,5860255580,42539701222
158,16288844,6928446,1341607,5586839,131924111360,55173626794,5005366553,1524462840,5869419205,42774378196
159,16447881,6997829,1358361,5639468,133193082880,55683897240,5055939158,1472264442,5944859265,43210834375
160,16606926,7052409,1361569,5690840,134462105600,56065143765,5064119114,1469114126,5955939521,43575971004
161,16765974,7106802,1364108,5742694,135731159040,56444802879,5070465417,1470694522,5964646108,43938996832
162,16925032,7161385,1367119,5794266,137000273920,56826044878,5078389290,1476062121,5975284011,44296309456
163,17084103,7215812,1369799,5846013,138269419520,57205869603,5085157655,1480291056,5984479174,44655941718
164,17243196,7270287,1371976,5898311,139538606080,57586041595,5090633416,1482794862,5992087182,45020526135
165,17402274,7324836,1373923,5950913,140807864320,57967173406,5095616194,1486006428,5998963680,45386587104
166,17561357,7379256,1376132,6003124,142077163520,58347083586,5101131719,1492980353,6006635887,45746335627
167,17720447,7433609,1378641,6054968,143346462720,58726475359,5106915509,1629914631,6015331857,45974313362
168,17886817,7504752,1396109,6108643,144686612480,59254482293,5158330690,1712884198,6099417351,46283850054
169,18053209,7560224,1399808,6160416,146026874880,59642371034,5167656966,1733115332,6112123979,46629474757
170,18219602,7615541,1402602,6212939,147367178240,60028979932,5174789897,1744900496,6121824108,46987465431
171,18386010,7670761,1405194,6265567,148707522560,60414563771,5181268603,1755278528,6130820362,47347196278
172,18552417,7725971,1407434,6318537,150047897600,60800172108,5186818873,1762006947,6138577876,47712768412
173,18718807,7781013,1409547,6371466,151388272640,61184458625,5191971606,1768667979,6145896132,48077922908
174,18885225,7836302,1412110,6424192,152728668160,61570577496,5198128882,1776377762,6154661781,48441409071
175,19051640,7891501,1414901,6476600,154069084160,61956043340,5204849888,1816792740,6164418043,48769982669
176,19220179,7958927,1427836,6531091,155427061760,62443904441,5246037694,1825321345,6215725250,49156820152
177,19388737,8014877,1430965,6583912,156785070080,62834909536,5254224941,1829319138,6226526754,49524838703
178,19557303,8070715,1434096,6636619,158143150080,63225012328,5261981482,1836309182,6237331069,49889390595
179,19725862,8126473,1436551,6689922,159501301760,63614575920,5268163407,1840930047,6245866471,50259615995
180,19894446,8182287,1439239,6743048,160859504640,64004795765,5274744261,1847764298,6255191957,50627095249
181,20063015,8238008,1441561,6796447,162217748480,64394128344,5280634298,1851877337,6263492251,50998124458
182,20231579,8293687,1443672,6850015,163576023040,64783161592,5285922244,1857501905,6270742672,51368994771
183,20400159,8349256,1445505,6903751,164934318080,65171073852,5290396953,1863560390,6277088310,51740028199
184,20568769,8405097,1448639,6956458,166292643840,65560730580,5298258061,1929181250,6288154874,52045136395
185,20738884,8474319,1464520,7009799,167663482880,66060826530,5346725340,1924439184,6351310231,52438351775
186,20909007,8530654,1467957,7062697,169034342400,66453771629,5354924712,1927610558,6363367606,52807868753
187,21079149,8586848,1470425,7116423,170405335040,66846099255,5360997757,1931507643,6371818868,53181774987
188,21249296,8643194,1473213,7169981,171776348160,67239456128,5367958012,1937984970,6381537651,53551975495
189,21419516,8699712,1476627,7223085,173147402240,67633595012,5376647094,1947347767,6393300810,53916299341
190,21589668,8755882,1478922,7276960,174518487040,68025605366,5382353761,1949464176,6401323379,54292464050
191,21759830,8812170,1481072,7331098,175889612800,68418780233,5387726635,1952964012,6408758276,54669331310
192,21930000,8868495,1483452,7385043,177260769280,68811767293,5393741507,1958576220,6417097841,55042351725
193,22100177,8924695,1486005,7438690,178631946240,69203938386,5399727840,2040080422,6426022510,55338107614
194,22271074,8992244,1500083,7492161,180008775680,69690705773,5445019033,2024023782,6479981340,55741681618
195,22441790,9048642,1503365,7545277,181384151040,70084352759,5453347287,2023574376,6491177921,56116253175
196,22612511,9105227,1506279,7598948,182759546880,70479646678,5460859626,2028763082,6501250718,56488773252
197,22783370,9163082,1511247,7651835,184135034880,70884113696,5474191388,2040428245,6519002438,56850491625
198,22954098,9219404,1513334,7706070,185510543360,71277231023,5479358392,2040996074,6526390496,57230486061
199,23124824,9275749,1515528,7760221,186886082560,71670617640,5484924373,2045014616,6534059492,57606619159
200,23295551,9332065,1517816,7814249,188261662720,72063721272,5490640954,2050274166,6542009523,57980796629
201,23466280,9388353,1520409,7867944,189637253120,72456450053,5496879849,2142745711,6551099630,58265724863
202,23639562,9457474,1534240,7923234,191035084800,72958078126,5540374959,2119383620,6608380355,58689939192
203,23812842,9514409,1537988,7976421,192432936960,73355640238,5549452015,2117373144,6621211451,59067603628
204,23986132,9571470,1540919,8030551,193830850560,73754512241,5556695438,2122911971,6631364507,59443540325
205,24159416,9628351,1543572,8084779,195228815360,74151741452,5563354742,2127863803,6640565586,59819957321
206,24332721,9685313,1545905,8139408,196626831360,74549606383,5569265905,2134843704,6648671773,60196825001
207,24506020,9742188,1547924,8194264,198024888320,74946933668,5574288028,2136071663,6655803464,60580770513
208,24679332,9799081,1550691,8248390,199422986240,75344383951,5581319546,2141043583,6665608259,60956412563
209,24852683,9856049,1553229,8302820,200821135360,75742099691,5587408517,2249404998,6674589450,61230696726
