Backup ID, FPindex, SFindex, Deltaindex
0,1959600,4687040,1728
1,3170080,6024896,522144
2,4374240,7179968,938976
3,5549920,8281664,1321216
4,6816320,9546112,1711872
5,8154720,10920320,2121248
6,9503040,12205120,2557248
7,10912560,13612928,2991392
8,12412080,15070336,3473248
9,13768160,16145152,3952000
10,15173760,17314176,4415520
11,16653200,18665088,4878656
12,18145280,20064896,5348384
13,19850880,21879296,5845440
14,21577520,23834112,6325760
15,23303120,25592704,6862272
16,25078720,27764352,7324256
17,27060000,30537344,7775520
18,29113120,32971264,8335136
19,31204560,35250624,8962752
20,33290880,37341632,9605696
21,35530240,39657600,10265472
22,37786320,41826944,10969952
23,40018960,43733824,11712448
24,42314240,45715712,12463520
25,44586000,47635456,13204224
26,47067120,50018368,13951136
27,49407440,51915968,14740544
28,51906000,53949440,15566688
29,54255280,55725376,16368896
30,58423440,63403392,16858112
31,61156720,65712128,18061728
32,63925360,67917440,19016992
33,66713920,69908096,19989440
34,69578480,72009408,20965920
35,72550800,74275264,21961696
36,75492000,76383744,22969344
37,78438960,78492544,23972896
38,81381440,80341440,25035808
39,84346640,82388928,26043584
40,86683760,83986880,26836864
41,89082720,85620416,27655872
42,91467040,87129216,28496704
43,93898960,88671680,29342176
44,96322160,90164352,30191616
45,98698240,91417728,31062144
46,101150960,92768832,31932192
47,103564320,93872832,32831776
48,105880320,94677568,33718688
49,108787040,96572928,34726720
50,114113600,105525952,35503136
51,117685440,108245632,37060128
52,121672960,111821888,38318976
53,125511200,114638208,39642528
54,129211360,117297472,40892384
55,133035360,119859776,42239136
56,136810240,122374208,43553120
57,140562960,125009472,44835072
58,144248000,127372480,46145888
59,147999360,129892288,47438432
60,150946560,131615680,48470016
61,154733120,134161728,49771168
62,157793840,135977472,50850336
63,160784560,137535296,51936256
64,163834080,139081024,53041248
65,166853040,140425344,54160640
66,169946320,141908352,55276192
67,172992240,143132352,56416064
68,176036000,144353472,57541216
69,178988240,145275648,58668128
70,182762800,147916160,59942368
71,189691440,159801600,60942880
72,194052320,163131392,62915072
73,198172320,165701952,64440832
74,202544480,168592832,65967168
75,206276640,170642560,67304992
76,210035760,173217920,68550016
77,213757120,175203392,69950304
78,217486720,177029056,71311008
79,221265760,178875648,72681536
80,224958080,180397568,74061664
81,228665520,181857600,75444736
82,232464080,183355584,76857024
83,237978160,194617344,77315072
84,242327440,197956928,79532800
85,246323920,199280832,81279552
86,250316400,200311488,82864704
87,254304960,201109824,84434912
88,258295040,201808128,86010944
89,262280160,202553792,87554496
90,266265920,203196096,89114528
91,270251200,203744896,90676352
92,274556800,205676096,92175296
93,278582640,206329216,93879264
94,282610160,206924288,95466592
95,286637600,207516672,97040032
96,290661520,208224576,98592736
97,294682240,208711168,100173152
98,298702800,209163200,101753984
99,302734720,209723456,103321792
100,307033440,211456320,104829344
101,311082400,212182592,106500352
102,315129600,212738816,108095456
103,319175280,213223552,109687136
104,323217040,213723200,111267136
105,327249200,214108096,112861504
106,331288000,214658176,114423584
107,335323200,215007360,116019264
108,339357600,215380544,117606720
109,343741280,217132416,119140096
110,347831760,217696896,120859904
111,351911360,218138112,122474368
112,355993120,218526912,124091136
113,360070160,218937088,125692800
114,364146800,219361792,127293088
115,368233760,220231040,128856160
116,372308160,220755712,130446624
117,377525680,223616768,132181824
118,381677840,224210176,133928064
119,385814400,224669888,135570368
120,389948880,225080000,137200832
121,394082960,225541248,138819776
122,398210880,225916864,140450368
123,402335920,226300096,142073120
124,406483680,226713152,143704992
125,411493040,229054656,145419328
126,415669440,229641216,147149888
127,419854320,230046976,148811616
128,424040080,230522112,150454208
129,428214160,230987904,152092768
130,432387200,231370944,153738688
131,436558720,231679232,155391040
132,440736480,232086656,157030816
133,445899440,234547008,158791264
134,450122720,235049472,160563616
135,454345280,235519232,162230880
136,458561280,235899136,163902144
137,462789680,236263360,165572768
138,466998160,236587520,167237440
139,471204480,236979200,168885408
140,475402320,237272192,170549888
141,479604480,237651840,172195040
142,484679920,239926144,173943904
143,488954000,240523648,175717728
144,493214880,240989056,177401280
145,497464400,241379456,179081888
146,501714000,241751424,180756192
147,505966480,242138752,182427968
148,510214080,242511424,184098016
149,514458800,242931072,185761920
150,518698000,243522688,187398208
151,524127520,246440576,189200032
152,528489600,247168768,191016832
153,532795760,247714304,192712640
154,537090880,248088576,194422016
155,541399840,248517632,196119168
156,545691760,248863040,197814752
157,549980800,249215872,199507616
158,554275680,249634176,201190368
159,559826320,252769472,203006784
160,564192720,253307648,204847872
161,568544160,253718400,206574432
162,572910800,254218880,208284544
163,577264960,254665920,209992288
164,581622960,255009280,211715136
165,585986880,255302464,213444736
166,590340480,255657920,215157888
167,594688720,256058048,216861696
168,600380160,259305472,218716032
169,604817920,259942080,220575104
170,609243280,260401152,222330624
171,613660880,260829248,224071616
172,618077680,261185536,225822784
173,622481040,261521152,227565696
174,626904160,261936512,229296960
175,631320080,262410112,231022240
176,636714160,264807872,232886560
177,641190160,265346752,234752768
178,645657200,265873920,236505568
179,650117840,266269760,238269920
180,654582960,266706304,240025728
181,659040640,267081856,241783136
182,663494960,267425856,243540640
183,667940480,267705536,245303456
184,672407760,268238080,247037280
185,677945520,271211840,248871488
186,682452320,271797568,250755040
187,686947840,272183616,252544768
188,691455520,272636032,254318976
189,695976960,273235328,256077856
190,700470560,273591040,257850784
191,704973600,273936576,259627968
192,709479600,274319936,261402688
193,713975600,274738368,263170272
194,719379520,277330048,265002080
195,723891360,277911936,266890496
196,728418160,278392320,268682560
197,733046560,279266816,270449888
198,737552320,279591616,272240672
199,742059920,279928320,274020576
200,746565200,280289472,275795424
201,751068240,280734080,277559456
202,756597920,283304768,279451968
203,761152720,283942400,281337504
204,765717600,284428480,283140480
205,770268080,284861696,284932032
206,774825040,285225984,286734432
207,779375040,285532032,288541152
208,783926480,285988160,290324544
209,788483920,286425408,292112928
