Backup ID, Online Delta_save, Offline Delta_save, Offline delta time, Offline dedelta time, Offline delete time, Offline Delta chunk num
0,216908,0,0,0,0,0
1,74438321,0,0,0,0,0
2,153174818,3940843,771,328,22,443
3,214780859,24526080,5454,2766,71,2688
4,226681931,96815204,24690,14094,138,10596
5,239456041,170597768,47090,28297,227,18793
6,263913551,238221018,68427,42158,333,26269
7,276982560,317104920,96225,61144,457,35081
8,292929488,401182257,125689,81209,603,44480
9,314131745,484101638,157040,103448,761,53592
10,329339081,572981557,193675,130307,929,63368
11,338541401,667709984,234982,161168,1113,73814
12,355172190,753774712,273931,190604,1306,83327
13,366438758,847053633,317599,223727,1523,93872
14,380472864,934876156,358582,254881,1758,103701
15,396380617,1029669678,401715,287395,2012,114320
16,414068888,1109197219,437973,314716,2274,123257
17,428860528,1182516501,471405,339582,2559,131823
18,438490747,1287391825,518641,375045,2857,143596
19,460068912,1394522362,566494,411018,3174,155476
20,487214723,1505986290,616711,449030,3506,167681
21,507113722,1630198311,675080,493702,3849,181378
22,535232824,1755238754,736379,541236,4218,195143
23,551479420,1902321799,811628,600339,4604,211289
24,577497002,2044278254,884181,657314,4984,226867
25,598604819,2190901289,964843,721859,5404,242984
26,613277182,2343845716,1053547,793638,5844,259909
27,647761841,2487064964,1137002,861542,6274,275460
28,664495565,2657456813,1236906,942681,6790,294225
29,694712218,2803134137,1332103,1021028,7264,311075
30,697951334,2893362517,1400372,1077645,7881,322727
31,835335419,2961646716,1433734,1103472,8295,330262
32,959884982,3052258022,1478794,1138641,8742,340153
33,1034440962,3203208085,1556056,1199531,9242,356525
34,1075308912,3391413829,1653568,1276600,9738,376968
35,1115413300,3584040302,1758972,1361053,10262,397919
36,1151349965,3785386839,1875373,1455590,10803,419783
37,1184119503,3990505263,2001079,1559019,11359,442060
38,1227391534,4196718075,2132804,1668231,11877,464573
39,1258646632,4407567367,2277828,1790194,12470,487634
40,1260497625,4592647572,2437001,1928881,13275,508120
41,1266075677,4780366443,2599216,2070403,14059,528813
42,1276266390,4967179424,2764356,2214875,14830,549481
43,1288075324,5155291047,2935705,2365266,15644,570439
44,1295643826,5350090620,3119117,2527116,16438,592001
45,1308111694,5548054115,3308690,2695045,17251,613645
46,1318351696,5750940046,3511671,2875694,18062,635977
47,1326051345,5964529550,3731502,3072147,18879,659355
48,1338085874,6179710938,3954328,3271709,19660,682619
49,1345433724,6400884709,4166529,3458425,20557,708104
50,1348120726,6557012953,4324784,3597287,21651,727497
51,1484259349,6701906879,4433402,3689903,22457,743499
52,1587092570,6884817193,4562404,3798900,23261,763504
53,1675156830,7104728176,4718357,3930851,24075,787506
54,1724558087,7350740071,4896531,4081941,24976,814590
55,1761785797,7628614544,5091820,4246848,25882,844972
56,1804066673,7899744756,5288526,4414010,26726,874516
57,1844198508,8166073943,5483139,4579652,27525,903487
58,1878474875,8441324571,5692559,4759039,28407,933520
59,1913830901,8715587550,5907673,4944149,29336,963524
60,1915770433,8967686515,6192416,5201483,30587,990933
61,1933884591,9260042047,6436413,5413506,31566,1022907
62,1941353092,9514882515,6726454,5675788,32853,1050666
63,1960622260,9762814199,7016224,5938542,34023,1077682
64,1975235482,10021211356,7322369,6216349,35231,1106020
65,1992087034,10285551010,7639632,6504838,36376,1134794
66,2004743502,10553681511,7975336,6811181,37585,1164155
67,2022798475,10826991380,8316882,7123151,38744,1193731
68,2039497117,11100732883,8679097,7455737,39942,1223360
69,2053353123,11383358283,9060072,7806288,41065,1253784
70,2060875517,11657924165,9355113,8068876,42361,1286237
71,2067021319,11826825972,9522945,8213063,44069,1309882
72,2257603796,11984646891,9620865,8293876,45042,1326989
73,2416119476,12182359553,9746476,8397983,46065,1348493
74,2506329742,12460658895,9909228,8530662,47094,1378566
75,2511896644,12798587890,10246852,8833257,48460,1413595
76,2525184026,13067833502,10516129,9070679,49829,1445450
77,2550399187,13373040678,10780467,9301798,51025,1478669
78,2570427273,13694346159,11060981,9547549,52174,1513432
79,2593752144,14016523726,11354435,9806141,53363,1548294
80,2619586446,14344809334,11662861,10079286,54506,1583575
81,2643839357,14679842333,11990466,10370889,55656,1619577
82,2667003534,15022234741,12331591,10674985,56846,1656606
83,2669138972,15095079520,12368954,10702474,58668,1666480
84,2880371495,15146765480,12380673,10707009,59197,1673664
85,3146368940,15179147812,12390733,10712395,59503,1678338
86,3354610625,15280647473,12432839,10740037,59908,1692802
87,3450115531,15503749064,12548512,10823549,60285,1724963
88,3547168172,15727808234,12690469,10932949,60632,1757520
89,3599261458,15992777772,12889551,11093556,60960,1795995
90,3642681870,16270628558,13126786,11290558,61298,1836228
91,3692070388,16518195805,13391185,11515174,61664,1876011
92,3713717969,16811645754,13679544,11763092,62457,1916452
93,3766892722,17084889105,13971689,12015835,62896,1955854
94,3818700709,17360603598,14292083,12296253,63376,1995830
95,3859186780,17646549706,14656343,12618994,63886,2037349
96,3896574888,17932051486,15046391,12967754,64437,2078637
97,3933540430,18224923085,15476460,13355357,64967,2121103
98,3969027813,18519847943,15940507,13776574,65527,2163933
99,3994053916,18777426435,16443209,14235515,66194,2207694
100,4004283687,19062223039,16953636,14702829,67209,2250807
101,4051696804,19364122950,17425018,15134144,67850,2290874
102,4078783753,19672592060,17968803,15634193,68556,2334610
103,4110319100,19974382935,18536554,16158489,69275,2378065
104,4136868624,20279283703,19140196,16718142,69988,2422054
105,4171401566,20579447692,19762921,17297451,70709,2465470
106,4199575717,20881227128,20423172,17914168,71457,2509004
107,4229625349,21186961813,21116463,18563213,72215,2553250
108,4259145621,21433198124,21842627,19245152,73004,2597475
109,4269227796,21768460421,22571058,19929502,74364,2641556
110,4302189212,22071481026,23279614,20594525,75281,2685089
111,4337411934,22373497588,24014748,21286035,76152,2728713
112,4384737316,22664908859,24745990,21974938,76982,2771052
113,4412384130,22974289141,25557676,22741850,77854,2815826
114,4457599848,23265551113,26343490,23485245,78781,2858245
115,4471563539,23571492401,27131266,24228759,79822,2902507
116,4499104032,23808721866,28018156,25071057,80788,2947099
117,4505814743,24189367337,28913937,25917859,82953,2996078
118,4541428158,24495573497,29753984,26714299,84089,3039685
119,4570751231,24808276902,30637685,27552965,85228,3084720
120,4596470362,25125281026,31569859,28439375,86311,3130484
121,4624215173,25437066350,32514593,29338940,87417,3175653
122,4667365487,25737278220,33439841,30220583,88502,3219258
123,4689823006,26056322684,34471163,31205613,89658,3265550
124,4719219920,26288802878,35496290,32185377,90891,3310913
125,4723605898,26681113287,36568293,33207875,93113,3360418
126,4750561211,26999853064,37604923,34199240,94344,3405683
127,4777281861,27322015112,38674779,35222794,95610,3451985
128,4803983382,27640095070,39746809,36248885,96885,3497924
129,4827098710,27960338654,40872816,37328468,98199,3544348
130,4853684329,28281436350,42026330,38435665,99463,3590665
131,4893033590,28590084779,43163454,39527843,100747,3635611
132,4918347920,28818537824,44363617,40681655,102082,3681962
133,4924049366,29226274761,45599811,41867226,104530,3732585
134,4945204338,29557090217,46788970,43009397,105966,3779573
135,4975552154,29875495688,47978059,44152550,107350,3825509
136,5007297656,30194810655,49193182,45321530,108697,3871652
137,5032000027,30522139405,50469722,46550728,110062,3918994
138,5056587215,30849271096,51781530,47815290,111487,3966240
139,5080932582,31174193669,53116848,49103662,112945,4013186
140,5125602086,31480490791,54389781,50332043,114323,4057738
141,5147004794,31701293213,55793511,51688374,115805,4105137
142,5154538594,32117499839,57201015,53045587,118317,4155428
143,5178706079,32448007309,58553316,54351088,119958,4202228
144,5202088459,32777539885,59947606,55697915,121484,4249691
145,5227353395,33105281462,61362485,57065349,123016,4297136
146,5252853861,33432790629,62805555,58460934,124592,4344621
147,5276790567,33762514522,64274986,59882746,126158,4392240
148,5298611856,34093702975,65776573,61336449,127770,4440124
149,5319758906,34423351105,67312466,62824542,129416,4487924
150,5334980671,34636442379,68866150,64330663,131119,4535487
151,5345746658,35054828848,70394315,65808040,133851,4586275
152,5373273686,35382439626,71848886,67215845,135682,4633041
153,5396224948,35714797319,73339701,68659100,137416,4680601
154,5433830725,36034469839,74837465,70110324,138979,4727141
155,5458317398,36365810771,76404258,71629107,140688,4775151
156,5479113635,36703805313,78030193,73206288,142385,4823905
157,5500640268,37039060954,79670811,74798368,144006,4872443
158,5525445846,37248932350,81306747,76386458,145708,4920289
159,5533069963,37677764412,82960683,77988596,148629,4972087
160,5560483351,38015487653,84542074,79522248,150468,5019826
161,5592032504,38346964328,86147937,81080410,152207,5067527
162,5618593424,38677716032,87774172,82658540,154038,5115632
163,5644838014,39011103704,89442529,84278605,155880,5163924
164,5670736794,39349789341,91163286,85950459,157659,5212827
165,5712491018,39674096086,92829690,87569833,159337,5259857
166,5735418071,40010917556,94626836,89317749,161095,5309087
167,5755455360,40218858002,96444630,91086335,162928,5358295
168,5762554230,40521295824,98246023,92834935,165990,5411088
169,5788149467,40841325290,99961900,94502421,167987,5459479
170,5823407077,41164058354,101668464,96161145,169888,5507319
171,5850969172,41496227106,103439540,97883240,171865,5556300
172,5889556985,41823211427,105169903,99565733,173752,5604170
173,5922285697,42155637211,106982793,101330056,175704,5652737
174,5945263104,42496145967,108866110,103163691,177875,5702419
175,5976562708,42793419961,110715144,104964537,180031,5750607
176,5985930450,43170889702,112624416,106820480,183245,5803936
177,6029647581,43495191122,114388408,108537493,185289,5850915
178,6053103667,43836286928,116271252,110370702,187512,5900550
179,6079467470,44180148525,118178570,112228173,189648,5950397
180,6103364854,44523730395,120124383,114123987,191837,6000396
181,6138756713,44859367745,122030417,115981272,193867,6049145
182,6161908041,45207086730,124059160,117959486,195925,6099674
183,6204147348,45535880851,125988652,119840809,197951,6147843
184,6216437825,45828698570,128075811,121876852,200461,6198959
185,6221686946,46216664829,130120489,123868808,203851,6251681
186,6263671376,46544197377,132011912,125712846,206034,6299066
187,6286677589,46895097398,134040825,127691083,208202,6349742
188,6313354439,47238621056,136068422,129668595,210509,6399827
189,6345996919,47570302422,138072049,131623471,212869,6448578
190,6370635502,47921828548,140191778,133692517,215133,6499261
191,6399591230,48269740080,142311544,135761980,217282,6549564
192,6428102039,48614249686,144437665,137837936,219499,6599729
193,6447813008,48890294606,146649921,139999134,221924,6650787
194,6453477811,49288203807,148712097,142008539,225415,6703558
195,6480245594,49636007581,150787855,144034694,227741,6753161
196,6514160874,49974612378,152853399,146051004,230114,6802395
197,6531874836,50318616789,154962195,148109220,232778,6852975
198,6567736789,50662749272,157082085,150179648,234928,6902437
199,6589819685,51016799474,159318006,152364327,237203,6953679
200,6615973433,51364823196,161524052,154519752,239411,7004300
201,6641695845,51624029018,163778910,156724338,241743,7054572
202,6648029594,52041909598,166068413,158959303,245290,7109110
203,6678157483,52389446145,168196687,161038369,247599,7158318
204,6707695735,52735844590,170391585,163182992,249912,7208593
205,6735402623,53084554698,172631042,165371832,252275,7259210
206,6763651318,53433173683,174900418,167590288,254595,7310130
207,6792777148,53787993365,177192362,169831261,256824,7361101
208,6824581818,54131830745,179460625,172049624,259196,7411001
209,6841387685,54389309041,181876324,174413123,261692,7463201
