BackupID, OnlineSpeed(MB/s), Encalve ProcessTime(s), BackupSize, OnlineSize, OfflineSize, OfflineTime(s)
0, 97.6685, 2.03344, 208250880, 100655456, 100655456, 0.000336
1, 138.513, 1.46464, 212725760, 132196507, 132196507, 0.000306
2, 141.704, 1.47679, 219432960, 161329521, 159613353, 1.41468
3, 141.116, 1.51444, 224092160, 195929651, 186675253, 6.37997
4, 130.284, 1.6701, 228157440, 251724586, 217612095, 23.5281
5, 129.839, 1.7184, 233953280, 286079546, 251562204, 25.4332
6, 121.119, 1.863, 236605440, 315317691, 283744698, 24.0504
7, 127.752, 1.79264, 240138240, 356074771, 319207797, 29.4242
8, 122.596, 1.91727, 246466560, 395695219, 355837510, 31.7684
9, 134.119, 1.77992, 250316800, 422390012, 383277929, 32.4718
10, 124.153, 1.95417, 254402560, 454247612, 412899517, 36.5188
11, 128.084, 1.95763, 262922240, 491013218, 446958106, 40.9767
12, 133.699, 1.88813, 264704000, 522329191, 482533306, 39.0969
13, 120.992, 2.15051, 272834560, 571787807, 528799201, 42.2854
14, 121.347, 2.2371, 284651520, 618239010, 577534639, 40.0847
15, 127.25, 2.17023, 289576960, 665819566, 622269136, 42.6833
16, 123.541, 2.26819, 293826560, 712789386, 676006650, 35.97
17, 122.918, 2.40721, 310261760, 770629988, 737398366, 33.9661
18, 119.995, 2.67183, 336179200, 845852575, 797283050, 46.2162
19, 124.392, 2.70746, 353146880, 902861001, 853193657, 47.6369
20, 131.923, 2.64373, 365711360, 956276571, 904227556, 49.771
21, 124.601, 2.92677, 382392320, 1018062498, 960300535, 56.1972
22, 128.063, 2.94227, 395100160, 1071540683, 1014148442, 59.2511
23, 132.643, 2.90953, 404674560, 1130630063, 1062879344, 70.1952
24, 131.146, 3.00252, 412897280, 1177634891, 1111764075, 69.3844
25, 132.602, 2.97501, 413655040, 1227266122, 1159356066, 74.71
26, 129.843, 3.16819, 431349760, 1288085831, 1217967188, 80.8552
27, 133.378, 3.1496, 440494080, 1330997761, 1265414117, 76.9744
28, 129.333, 3.31523, 449597440, 1395660908, 1316899423, 91.0549
29, 134.985, 3.18618, 450979840, 1433401409, 1371103805, 86.3154
30, 102.236, 4.86524, 521564160, 1584885259, 1549051920, 63.056
31, 137.602, 3.70188, 534128640, 1636194091, 1604964583, 35.3379
32, 133.785, 3.87764, 543969280, 1699809631, 1658220730, 44.7209
33, 139.48, 3.7593, 549816320, 1776848785, 1707742945, 72.4554
34, 135.668, 3.93689, 560056320, 1846310940, 1760147764, 90.4418
35, 138.034, 3.94859, 571514880, 1904246437, 1816323075, 96.5968
36, 137.536, 4.01244, 578662400, 1961671345, 1869414146, 105.273
37, 134.709, 4.08207, 576604160, 2016371478, 1922348756, 111.216
38, 140.363, 3.9436, 580423680, 2064440778, 1970141985, 115.745
39, 137.577, 4.05144, 584458240, 2119348829, 2023529080, 124.866
40, 136.827, 3.16764, 454471680, 2152233615, 2068721265, 123.76
41, 135.991, 3.23227, 460912640, 2198940421, 2113349081, 139.356
42, 134.72, 3.29938, 466083840, 2240656274, 2155428220, 139.939
43, 134.41, 3.35297, 472565760, 2284946218, 2199454056, 143.056
44, 136.707, 3.34656, 479723520, 2330214825, 2241936252, 151.425
45, 143.266, 3.25648, 489205760, 2368318384, 2278109154, 156.017
46, 141.902, 3.35379, 499025920, 2409222761, 2317454663, 163.777
47, 144.261, 3.34282, 505661440, 2448385028, 2351390596, 176.741
48, 148.333, 3.30357, 513832960, 2475588474, 2377469581, 178.044
49, 141.984, 3.96289, 589998080, 2534338954, 2440873097, 168.631
50, 109.452, 6.21341, 713103360, 2710843649, 2648016761, 136.971
51, 134.116, 5.13599, 722278400, 2780518056, 2715798741, 99.1681
52, 139.087, 5.34638, 779735040, 2874499849, 2793068551, 113.126
53, 148.085, 5.26816, 818032640, 2958145998, 2858759895, 134.705
54, 150.143, 5.24058, 825057280, 3037780373, 2929436688, 153.523
55, 148.509, 5.35794, 834355200, 3121466066, 2996639415, 169.649
56, 151.349, 5.2674, 835942400, 3182646454, 3061834738, 168.792
57, 152.038, 5.23016, 833812480, 3247587232, 3128261501, 165.911
58, 151.27, 5.23227, 829931520, 3314509991, 3190693650, 177.176
59, 151.852, 5.27209, 839464960, 3379726515, 3257019042, 182.827
60, 140.162, 4.05475, 595927040, 3419315313, 3304431045, 205.988
61, 151.476, 5.38154, 854773760, 3502311659, 3373322850, 202.826
62, 139.13, 4.32494, 630958080, 3538422883, 3422994860, 226.619
63, 140.659, 4.34492, 640839680, 3579499381, 3467564909, 234.774
64, 141.685, 4.36405, 648355840, 3629619989, 3513262287, 243.718
65, 146.012, 4.29806, 658053120, 3673123873, 3553999887, 250.241
66, 146.221, 4.34509, 666204160, 3719845718, 3599221415, 262.412
67, 149.011, 4.33267, 676976640, 3760419107, 3637036695, 266.663
68, 150.266, 4.35991, 686970880, 3798544042, 3675567718, 277.97
69, 153.137, 4.33181, 695582720, 3834036800, 3706542484, 292.001
70, 155.992, 5.27791, 863303680, 3908203224, 3799755780, 234.201
71, 120.625, 8.05832, 1019248640, 4137206281, 4087081440, 152.95
72, 157.992, 6.4239, 1064222720, 4231489066, 4163458616, 96.2244
73, 168.194, 6.06882, 1070325760, 4315320156, 4229557498, 115.864
74, 164.757, 6.31967, 1091788800, 4423283982, 4301070966, 148.612
75, 155.449, 5.34759, 871659520, 4502699214, 4344235429, 252.899
76, 154.349, 5.38304, 871229440, 4542805957, 4438502220, 226.656
77, 160.749, 5.41854, 913336320, 4629495306, 4496749190, 223.857
78, 159.29, 5.61666, 938137600, 4690620459, 4549541133, 232.477
79, 161.722, 5.58853, 947691520, 4743095400, 4601875859, 244.877
80, 164.253, 5.56005, 957614080, 4791297257, 4647158249, 256.303
81, 130.047, 7.08233, 965775360, 4839115973, 4691701951, 272.789
82, 164.441, 5.706, 983879680, 4888244960, 4738246954, 281.669
83, 142.921, 6.74625, 1011015680, 4968379672, 4944379853, 55.8999
84, 169.846, 5.72515, 1019627520, 5027584617, 5004584045, 22.264
85, 196.518, 4.94459, 1018900480, 5044881636, 5030517004, 15.6507
86, 199.176, 4.87884, 1018951680, 5096366347, 5050181137, 50.94
87, 193.069, 5.03372, 1019064320, 5166224337, 5063892089, 118.445
88, 195.279, 4.97711, 1019136000, 5179246489, 5076827476, 132.912
89, 193.891, 5.01309, 1019207680, 5212681474, 5091876818, 175.267
90, 193.184, 5.03148, 1019217920, 5231708748, 5105006518, 203.252
91, 190.732, 5.09628, 1019238400, 5241996437, 5144099442, 219.971
92, 185.921, 5.45726, 1063905280, 5309693373, 5171735818, 240.887
93, 196.15, 5.17268, 1063905280, 5308045918, 5183744017, 240.265
94, 194.166, 5.22578, 1063956480, 5321198283, 5195933050, 258.452
95, 194.938, 5.20554, 1064048640, 5338467351, 5209215705, 288.711
96, 198.268, 5.11825, 1064079360, 5353223703, 5223334286, 310.299
97, 196.464, 5.1655, 1064130560, 5367225113, 5234392492, 338.606
98, 197.229, 5.14574, 1064192000, 5378728015, 5245328538, 364.238
99, 195.221, 5.19878, 1064212480, 5395018560, 5302688252, 390.342
100, 188.954, 5.40078, 1070069760, 5473647970, 5354074415, 401.882
101, 196.006, 5.20665, 1070110720, 5494201718, 5343505730, 370.54
102, 195.668, 5.21595, 1070172160, 5493270429, 5350067216, 415.628
103, 198.381, 5.14468, 1070182400, 5497287696, 5359728096, 431.472
104, 194.623, 5.24438, 1070254080, 5509084721, 5370642469, 457.052
105, 195.6, 5.21822, 1070264320, 5516140493, 5379743957, 467.739
106, 196.088, 5.20544, 1070305280, 5528528196, 5391422236, 491.477
107, 196.042, 5.20671, 1070315520, 5538986943, 5400254125, 514.053
108, 194.813, 5.23954, 1070315520, 5547879701, 5468692335, 538.141
109, 185.934, 5.59827, 1091471360, 5643117540, 5477094167, 540.403
110, 195.497, 5.32458, 1091502080, 5625244937, 5487104331, 533.888
111, 196.355, 5.30145, 1091532800, 5633776573, 5496610308, 545.577
112, 194.812, 5.34405, 1091655680, 5637844123, 5506155320, 538.841
113, 196.225, 5.30572, 1091686400, 5656121755, 5516305542, 585.726
114, 195.481, 5.32606, 1091717120, 5658766992, 5526724656, 579.802
115, 193.276, 5.38708, 1091768320, 5683440954, 5545254924, 570.998
116, 195.946, 5.31371, 1091778560, 5695316156, 5626508898, 628.163
117, 169.704, 6.33083, 1126553600, 5840609809, 5651717922, 663.337
118, 197.066, 5.45179, 1126553600, 5801582086, 5660923313, 622.61
119, 197.079, 5.45164, 1126594560, 5813042912, 5670947983, 644.667
120, 195.536, 5.49495, 1126656000, 5824373779, 5680933773, 671.674
121, 198.523, 5.41249, 1126696960, 5833529807, 5692732302, 686.798
122, 197.576, 5.43852, 1126717440, 5838014801, 5701812983, 667.498
123, 199.063, 5.39795, 1126727680, 5856437272, 5712479630, 730.558
124, 201.042, 5.34487, 1126737920, 5864811231, 5803912471, 735.914
125, 177.153, 6.11958, 1136762880, 6010145781, 5810305113, 767.646
126, 197.127, 5.49971, 1136803840, 5964807294, 5817885906, 747.413
127, 197.758, 5.4824, 1136855040, 5973204773, 5826568274, 770.707
128, 196.545, 5.51648, 1136906240, 5982050277, 5837690080, 758.88
129, 197.506, 5.4898, 1136936960, 5993924043, 5849321890, 798.949
130, 198.479, 5.46309, 1136977920, 6003939724, 5858249301, 814.44
131, 198.267, 5.46906, 1137008640, 6007363446, 5868028867, 806.238
132, 201.427, 5.38332, 1137018880, 6023393280, 5970507941, 838.447
133, 172.969, 6.35066, 1151825920, 6183390616, 5973055890, 876.806
134, 201.086, 5.46292, 1151877120, 6132104362, 5980036802, 852.458
135, 198.935, 5.52179, 1151836160, 6135053788, 5991013524, 848.318
136, 199.129, 5.51664, 1151887360, 6144905979, 6000484554, 854.588
137, 198.276, 5.54069, 1151948800, 6158360078, 6010431867, 895.916
138, 199.067, 5.5188, 1151979520, 6167342995, 6019329349, 916.224
139, 200.183, 5.48814, 1152000000, 6176172492, 6029272632, 942.727
140, 202.772, 5.41817, 1152020480, 6176433266, 6038337531, 900.966
141, 174.225, 6.30601, 1152030720, 6196064011, 6155204065, 969.251
142, 178.048, 6.21114, 1159598080, 6363519172, 6142600500, 993.19
143, 199.339, 5.54811, 1159680000, 6302244959, 6150112651, 965.071
144, 200.477, 5.51697, 1159751680, 6309648237, 6160452543, 975.628
145, 198.288, 5.57798, 1159772160, 6318769537, 6170545428, 1000.17
146, 198.345, 5.57647, 1159792640, 6328919704, 6180916054, 1007.79
147, 200.099, 5.52774, 1159823360, 6339747231, 6190718053, 1029.29
148, 197.345, 5.60502, 1159854080, 6350505574, 6200738239, 1047.36
149, 198.939, 5.56042, 1159915520, 6360453980, 6212016377, 1071.24
150, 197.379, 5.60434, 1159915520, 6373805639, 6341425227, 1078.37
151, 174.489, 6.64109, 1215088640, 6559958435, 6339348158, 1080.96
152, 203.097, 5.70578, 1215119360, 6501371476, 6351316004, 1033.73
153, 205.039, 5.65185, 1215139840, 6512681233, 6360397421, 1039.78
154, 203.338, 5.69921, 1215160320, 6514831901, 6370076048, 1045.82
155, 203.943, 5.68244, 1215191040, 6530737741, 6381188490, 1081.77
156, 208.492, 5.5586, 1215221760, 6542974931, 6389320296, 1129.95
157, 204.244, 5.67437, 1215252480, 6550373616, 6399021952, 1145.19
158, 204.323, 5.67231, 1215283200, 6558795634, 6529829393, 1141.16
159, 174.006, 6.95487, 1268971520, 6753117893, 6528203600, 1153.14
160, 206.861, 5.85046, 1269022720, 6690006571, 6533233240, 1123.9
161, 206.984, 5.84715, 1269053440, 6692025455, 6541159939, 1122.86
162, 208.016, 5.81841, 1269114880, 6703175606, 6554451411, 1130.57
163, 206.896, 5.85006, 1269145600, 6715877725, 6565448711, 1157.12
164, 207.419, 5.83548, 1269186560, 6726864746, 6573428278, 1193.08
165, 212.203, 5.70424, 1269258240, 6728384962, 6581622622, 1168.05
166, 206.067, 5.8743, 1269299200, 6744517152, 6594112072, 1228.18
167, 210.149, 5.76019, 1269299200, 6758037901, 6736830140, 1264.73
168, 179.236, 7.13064, 1340149760, 6964361023, 6871214888, 1265.59
169, 212.613, 6.01173, 1340262400, 7036436473, 6900772298, 1226.85
170, 216.23, 5.91135, 1340303360, 7061048230, 6919690393, 1198.03
171, 211.36, 6.04774, 1340344320, 7082709304, 6936547131, 1230.85
172, 215.307, 5.93703, 1340375040, 7095021231, 6948825820, 1206.06
173, 217.341, 5.88146, 1340375040, 7108841270, 6960639585, 1247.53
174, 213.344, 5.99173, 1340395520, 7126107314, 6974506644, 1300.94
175, 212.392, 6.01867, 1340416000, 7135756396, 7021642628, 1278.29
176, 188.004, 6.88852, 1357977600, 7240437074, 7071359039, 1329.98
177, 211.547, 6.12202, 1358008320, 7229831029, 7083544079, 1249.13
178, 215.087, 6.02159, 1358080000, 7250578866, 7098290664, 1293.06
179, 213.939, 6.05423, 1358151680, 7263646724, 7109093454, 1318.11
180, 214.823, 6.02954, 1358202880, 7275953927, 7122508559, 1349.02
181, 211.209, 6.1329, 1358243840, 7283606798, 7132511635, 1328.63
182, 215.44, 6.01257, 1358274560, 7299240129, 7143424149, 1392.4
183, 213.763, 6.05985, 1358295040, 7300687137, 7153957343, 1356.87
184, 215.252, 6.01808, 1358325760, 7325625296, 7227439311, 1437.95
185, 183.739, 7.11516, 1370839040, 7451797170, 7271164524, 1422.95
186, 214.883, 6.08402, 1370859520, 7430741512, 7282535270, 1333.14
187, 215.615, 6.06395, 1370992640, 7450703326, 7292505400, 1382.41
188, 213.518, 6.12359, 1371013120, 7459764927, 7305942982, 1409.4
189, 212.527, 6.15235, 1371054080, 7470550973, 7323994861, 1381.4
190, 215.206, 6.0759, 1371084800, 7491328915, 7331817937, 1447.2
191, 212.682, 6.14819, 1371125760, 7497461765, 7340690647, 1462.2
192, 213.549, 6.12337, 1371156480, 7506699666, 7352317727, 1463.41
193, 213.077, 6.137, 1371176960, 7521719600, 7439808262, 1511.12
194, 184.853, 7.10319, 1376829440, 7660336548, 7469042815, 1439.65
195, 215.011, 6.10044, 1375375360, 7635936129, 7476921663, 1434.15
196, 212.309, 6.17817, 1375395840, 7641509834, 7489622708, 1433.44
197, 211.669, 6.19726, 1375488000, 7664815075, 7514619633, 1448.19
198, 212.644, 6.16892, 1375508480, 7676898813, 7520354466, 1466.64
199, 212.115, 6.18446, 1375539200, 7689112302, 7529938989, 1522.11
200, 216.374, 6.06292, 1375580160, 7696778090, 7540915120, 1530.87
201, 214.373, 6.11956, 1375590400, 7707781039, 7639625560, 1548.75
202, 190.901, 6.98306, 1397831680, 7863167583, 7659758579, 1574.94
203, 214.384, 6.21825, 1397852160, 7826874221, 7666825159, 1489.83
204, 215.707, 6.1804, 1397913600, 7834955550, 7679607409, 1507.21
205, 215.194, 6.19535, 1397964800, 7847677774, 7691218545, 1534.7
206, 213.935, 6.23206, 1398016000, 7859357895, 7704109609, 1565.94
207, 218.185, 6.11082, 1398056960, 7871377174, 7710359691, 1582.41
208, 215.856, 6.17694, 1398097920, 7876399225, 7722363129, 1562.72
209, 215.352, 6.19162, 1398149120, 7895099911, 7836813515, 1640.94
