Backup ID, Ecall, Inline_Ocall, Offline_Ocall, _Inline_FPOcall, _Inline_SFOcall, _Inline_LocalOcall, _Inline_LoadOcall, _Inline_DeltaOcall, _Inline_RecipeOcall, _Inline_Write_ContainerOcall, _inline_have_similar_chunk_num, _inline_need_load_container_num
0,195,637,5,193,193,0,34,193,24,27,64,33,
1,394,1283,10,390,390,0,65,390,48,36,8227,276,
2,599,1953,36741,593,593,7,101,586,73,45,17259,727,
3,808,2640,116170,800,800,51,142,749,98,55,26199,1380,
4,1020,3340,261561,1010,1010,219,186,791,124,73,35386,2218,
5,1238,4063,434237,1226,1226,390,235,836,150,92,44910,3149,
6,1458,4811,620817,1444,1444,545,302,899,177,110,55021,4068,
7,1681,5557,843188,1665,1665,728,358,937,204,130,65248,5109,
8,1910,6322,1093540,1892,1892,915,414,977,232,151,76342,6233,
9,2141,7105,1366949,2121,2121,1092,482,1029,260,169,87641,7300,
10,2377,7898,1671898,2355,2355,1285,544,1070,289,188,99041,8420,
11,2620,8694,2011236,2596,2596,1495,587,1101,319,209,110429,9654,
12,2865,9512,2353704,2839,2839,1689,646,1150,349,230,121717,10879,
13,3117,10340,2735537,3089,3089,1911,693,1178,380,254,133520,12315,
14,3379,11237,3123605,3349,3349,2123,778,1226,412,278,144859,13699,
15,3646,12133,3537487,3614,3614,2341,846,1273,445,302,157186,15116,
16,3917,13045,3937499,3883,3883,2551,918,1332,478,326,168000,16484,
17,4216,14079,4353518,4180,4180,2786,1024,1394,515,352,178233,18014,
18,4526,15161,4828534,4488,4488,3042,1144,1446,553,381,191146,19655,
19,4851,16252,5326092,4811,4811,3294,1226,1517,593,409,205327,21212,
20,5187,17381,5844255,5145,5145,3543,1312,1602,634,437,220433,22801,
21,5539,18559,6397821,5495,5495,3819,1397,1676,677,467,236264,24525,
22,5903,19781,6996348,5857,5857,4103,1488,1754,722,497,253059,26359,
23,6275,21004,7660069,6227,6227,4421,1555,1806,768,528,270915,28365,
24,6655,22271,8313045,6605,6605,4726,1641,1879,815,559,289194,30306,
25,7037,23538,9035483,6985,6985,5047,1721,1938,862,590,307490,32340,
26,7435,24845,9806713,7381,7381,5388,1791,1993,911,624,325987,34553,
27,7841,26206,10551787,7785,7785,5695,1890,2090,961,654,345262,36534,
28,8256,27577,11430393,8198,8198,6055,1971,2143,1012,689,365798,39033,
29,8672,28966,12266429,8612,8612,6384,2067,2228,1063,720,385830,41166,
30,9153,30542,13129077,9091,9091,6808,2147,2283,1122,776,397867,44749,
31,9644,32304,13740673,9580,9580,6949,2381,2631,1183,800,419971,46146,
32,10144,34052,14424462,10078,10078,7149,2573,2929,1245,826,443043,47842,
33,10650,35747,15263790,10582,10582,7467,2694,3115,1307,857,467435,49937,
34,11165,37459,16160399,11095,11095,7874,2803,3221,1371,894,492170,52236,
35,11691,39219,17127801,11619,11619,8292,2926,3327,1436,932,517408,54731,
36,12223,40987,18145435,12149,12149,8719,3038,3430,1502,970,543048,57307,
37,12754,42754,19217802,12678,12678,9163,3152,3515,1568,1009,568778,60028,
38,13288,44553,20271256,13210,13210,9582,3289,3628,1634,1046,595810,62627,
39,13825,46335,21451384,13745,13745,10034,3400,3711,1700,1085,622083,65539,
40,14245,47664,22844637,14163,14163,10441,3423,3722,1752,1119,642784,69480,
41,14670,49026,24241921,14586,14586,10844,3464,3742,1804,1154,664068,72846,
42,15100,50429,25651811,15014,15014,11239,3530,3775,1857,1188,685828,75935,
43,15537,51857,27113336,15449,15449,11637,3599,3812,1911,1222,707993,79255,
44,15980,53296,28610865,15890,15890,12049,3660,3841,1966,1257,730309,82571,
45,16431,54759,30139596,16339,16339,12457,3720,3882,2022,1291,753270,85846,
46,16891,56256,31707156,16797,16797,12879,3786,3918,2079,1326,776683,89586,
47,17357,57758,33316505,17261,17261,13314,3839,3947,2136,1361,800853,93333,
48,17830,59301,34913296,17732,17732,13745,3911,3987,2194,1394,825347,97026,
49,18373,61045,36580930,18273,18273,14258,3965,4015,2261,1435,851637,101171,
50,19025,63295,38267871,18923,18923,14835,4184,4088,2342,1505,871491,106850,
51,19685,65638,39592691,19581,19581,15140,4471,4441,2424,1541,901888,109287,
52,20394,68355,40973840,20288,20288,15529,4979,4759,2512,1584,933129,112031,
53,21133,70848,42467470,21025,21025,15989,5169,5036,2604,1628,966297,115065,
54,21878,73314,44110494,21768,21768,16533,5314,5235,2696,1675,998529,118459,
55,22631,75790,45818135,22518,22518,17117,5446,5402,2789,1725,1032767,122177,
56,23385,78266,47483899,23259,23259,17688,5595,5583,2882,1774,1066677,125809,
57,24136,80692,49094636,23981,23981,18260,5735,5760,2975,1823,1099714,129453,
58,24884,83087,50833018,24697,24697,18847,5859,5919,3068,1872,1133286,133312,
59,25641,85522,52652930,25423,25423,19434,5993,6087,3162,1921,1166876,137218,
60,26189,87253,54920156,25969,25969,19966,6018,6101,3230,1964,1194483,143180,
61,26958,89690,56924249,26706,26706,20605,6119,6229,3325,2016,1228359,147649,
62,27537,91549,59270706,27282,27282,21136,6177,6275,3397,2059,1256885,152500,
63,28125,93474,61570200,27867,27867,21645,6273,6352,3470,2100,1285897,156680,
64,28720,95407,63957912,28459,28459,22170,6355,6420,3544,2143,1315718,161001,
65,29322,97384,66321412,29058,29058,22695,6460,6495,3618,2185,1346189,165464,
66,29932,99357,68808451,29665,29665,23243,6536,6555,3693,2229,1376828,170134,
67,30551,101365,71248013,30281,30281,23785,6618,6630,3770,2271,1408236,174704,
68,31180,103423,73799044,30907,30907,24337,6719,6705,3848,2313,1439643,179513,
69,31816,105478,76324821,31540,31540,24902,6795,6774,3927,2355,1471430,184368,
70,32593,107905,78748555,32281,32281,25575,6869,6876,4023,2408,1504641,189830,
71,33504,110970,81191720,33160,33160,26330,7154,7030,4136,2496,1529177,198103,
72,34451,114280,82823381,34073,34073,26672,7575,7633,4254,2535,1566261,200937,
73,35404,117486,84546199,34991,34991,27088,7876,8168,4372,2575,1604261,204121,
74,36375,120649,86399143,35925,35925,27668,8081,8557,4493,2626,1643689,207919,
75,37160,123090,89100151,36671,36671,28357,8150,8651,4590,2679,1679290,213827,
76,37943,125566,91625103,37416,37416,29019,8258,8770,4687,2731,1712478,219155,
77,38761,128176,93952107,38194,38194,29656,8395,8949,4788,2781,1748321,223750,
78,39600,130843,96290645,38994,38994,30313,8521,9129,4892,2832,1785116,228449,
79,40450,133537,98694480,39802,39802,30977,8646,9313,4997,2883,1822421,233306,
80,41308,136244,101078298,40608,40608,31639,8779,9507,5103,2933,1860343,238082,
81,42173,138946,103532552,41412,41412,32306,8903,9703,5210,2983,1898788,242958,
82,43055,141701,106022812,42235,42235,32996,9023,9893,5319,3034,1938126,248243,
83,44077,144921,108210896,43195,43195,33827,9176,10082,5446,3095,1948258,254933,
84,45108,148562,109005945,44161,44161,34008,9728,10930,5574,3119,1985192,257205,
85,46138,151960,109566519,45122,45122,34097,10048,11869,5702,3133,2028463,259526,
86,47168,155199,110369850,46083,46083,34362,10209,12632,5830,3153,2072879,262450,
87,48199,158424,111379363,47046,47046,34917,10351,13106,5958,3185,2118170,265819,
88,49230,161642,112447445,48006,48006,35478,10492,13574,6086,3217,2164029,269352,
89,50261,164848,113679988,48964,48964,36159,10625,13922,6214,3254,2209504,273401,
90,51292,168057,115062223,49922,49922,36874,10761,14236,6342,3292,2255494,277684,
91,52323,171261,116558506,50878,50878,37566,10896,14573,6470,3329,2302048,281919,
92,53391,174576,118643236,51875,51875,38378,11018,14827,6603,3373,2345386,287351,
93,54459,177911,120319909,52871,52871,39075,11162,15196,6736,3410,2391937,291809,
94,55527,181265,122133345,53869,53869,39769,11321,15568,6869,3447,2438834,296352,
95,56595,184591,124144677,54862,54862,40508,11462,15895,7002,3485,2485752,301042,
96,57663,187904,126274904,55853,55853,41252,11594,16217,7135,3524,2532027,305948,
97,58731,191212,128512802,56839,56839,41999,11731,16536,7268,3563,2579409,310736,
98,59799,194523,130907343,57826,57826,42748,11869,16853,7401,3602,2626951,315505,
99,60868,197816,133567770,58809,58809,43543,11996,17125,7534,3642,2674023,320865,
100,61942,201089,136630894,59794,59794,44401,12094,17339,7667,3688,2718420,327418,
101,63016,204425,139190388,60775,60775,45108,12263,17704,7800,3726,2764927,332270,
102,64090,207738,142051026,61756,61756,45896,12409,17988,7933,3766,2812238,337635,
103,65164,211049,145014525,62736,62736,46663,12555,18293,8066,3806,2859884,342857,
104,66238,214356,148094725,63716,63716,47450,12697,18578,8199,3846,2907355,348166,
105,67312,217684,151244023,64696,64696,48206,12860,18894,8332,3885,2955413,353365,
106,68386,220990,154553826,65676,65676,48984,13001,19188,8465,3925,3002656,358628,
107,69460,224308,157992779,66656,66656,49759,13154,19485,8598,3965,3050923,363796,
108,70534,227617,161572756,67636,67636,50532,13298,19784,8731,4005,3099114,369166,
109,71627,230950,165732094,68637,68637,51404,13402,20003,8867,4052,3144457,376296,
110,72720,234350,169445051,69638,69638,52177,13573,20321,9003,4092,3192275,381696,
111,73813,237760,173200037,70638,70638,52945,13756,20644,9139,4132,3240577,387141,
112,74906,241155,176953486,71637,71637,53676,13926,21004,9275,4170,3289251,392077,
113,75999,244528,180977369,72636,72636,54468,14074,21303,9411,4210,3337706,397588,
114,77092,247928,185008618,73635,73635,55204,14249,21658,9547,4248,3386084,402816,
115,78186,251297,189118827,74636,74636,56057,14388,21897,9683,4290,3432176,409736,
116,79279,254684,193513818,75635,75635,56849,14550,22196,9819,4330,3480416,415189,
117,80400,258143,199097927,76661,76661,57753,14699,22411,9958,4387,3530260,425200,
118,81521,261614,203570458,77687,77687,58533,14860,22750,10097,4427,3578599,430738,
119,82642,265090,208217514,78714,78714,59332,15024,23070,10236,4468,3627489,436248,
120,83763,268563,212959460,79740,79740,60144,15187,23377,10375,4509,3676644,441791,
121,84884,272012,217782057,80760,80760,60946,15338,23694,10514,4550,3725460,447353,
122,86005,275514,222534483,81782,81782,61704,15538,24055,10653,4589,3774728,452793,
123,87126,278965,227662424,82804,82804,62528,15687,24350,10792,4631,3823923,458764,
124,88248,282426,232870853,83826,83826,63327,15845,24671,10931,4672,3873232,464467,
125,89380,285846,239118112,84860,84860,64248,15926,24880,11072,4727,3923262,473819,
126,90512,289359,244413728,85892,85892,65058,16104,25200,11213,4769,3972082,479625,
127,91644,292871,249834456,86924,86924,65873,16281,25515,11354,4811,4021908,485480,
128,92776,296361,255299702,87953,87953,66688,16442,25830,11495,4853,4071349,491273,
129,93908,299857,260951115,88981,88981,67521,16611,26127,11636,4895,4120784,497425,
130,95040,303340,266661608,90007,90007,68339,16771,26439,11777,4937,4170594,503145,
131,96172,306830,272355033,91028,91028,69121,16948,26787,11918,4977,4220771,508535,
132,97304,310309,278325659,92049,92049,69944,17114,27094,12059,5019,4270523,514583,
133,98451,313785,285385310,93087,93087,70869,17226,27314,12202,5076,4321844,524425,
134,99598,317311,291470386,94125,94125,71724,17388,27604,12345,5119,4371592,530513,
135,100745,320846,297495871,95161,95161,72545,17563,27928,12488,5161,4421553,536510,
136,101892,324388,303658986,96197,96197,73356,17745,28262,12631,5202,4471935,542161,
137,103040,327913,310007859,97236,97236,74201,17903,28563,12774,5245,4522498,548161,
138,104187,331431,316487343,98272,98272,75039,18061,28870,12917,5287,4573016,554162,
139,105334,334958,323086222,99309,99309,75875,18226,29179,13060,5329,4623175,560251,
140,106481,338501,329431862,100345,100345,76647,18409,29552,13203,5369,4673728,565777,
141,107628,342038,336296610,101382,101382,77490,18584,29854,13346,5411,4723991,572156,
142,108784,345536,344034090,102429,102429,78417,18690,30081,13490,5466,4775218,581468,
143,109940,349105,350933653,103477,103477,79266,18865,30386,13634,5509,4825173,587961,
144,111096,352653,357908756,104523,104523,80116,19023,30690,13778,5552,4875703,594079,
145,112252,356215,364921748,105569,105569,80956,19195,31004,13922,5595,4926412,600288,
146,113408,359785,372045107,106615,106615,81801,19375,31313,14066,5638,4977236,606488,
147,114564,363342,379282364,107660,107660,82647,19544,31621,14210,5681,5028007,612501,
148,115720,366898,386660206,108704,108704,83499,19714,31923,14354,5724,5078745,619035,
149,116876,370448,394156532,109750,109750,84359,19874,32217,14498,5767,5129310,625457,
150,118032,373983,401807199,110792,110792,85247,20027,32483,14642,5811,5178865,632172,
151,119233,377743,410332074,111883,111883,86188,20257,32741,14791,5869,5231122,642000,
152,120434,381457,417880168,112973,112973,87032,20443,33096,14940,5913,5281491,648596,
153,121635,385150,425423354,114063,114063,87906,20608,33421,15089,5956,5332071,655245,
154,122836,388864,432897102,115153,115153,88720,20794,33806,15238,5998,5383538,661067,
155,124037,392553,440700617,116243,116243,89591,20955,34134,15387,6041,5434763,667574,
156,125238,396229,448680691,117330,117330,90465,21109,34459,15536,6085,5486212,673988,
157,126439,399909,456642348,118416,118416,91334,21269,34789,15685,6128,5537569,680437,
158,127640,403592,464700055,119504,119504,92195,21428,35127,15834,6171,5588671,686784,
159,128885,407381,473872102,120636,120636,93178,21555,35387,15989,6230,5641316,697042,
160,130130,411195,481897061,121763,121763,94036,21717,35772,16144,6274,5692688,703391,
161,131375,415053,489945744,122894,122894,94879,21915,36172,16299,6317,5744543,709408,
162,132620,418871,498114144,124025,124025,95750,22073,36544,16454,6361,5796115,715863,
163,133865,422690,506403198,125153,125153,96621,22238,36916,16609,6404,5847863,722209,
164,135110,426510,514843885,126283,126283,97490,22400,37290,16764,6447,5900161,728408,
165,136355,430338,523085280,127409,127409,98305,22578,37718,16919,6489,5952801,734175,
166,137600,434159,531775346,128535,128535,99184,22749,38082,17074,6533,6005016,740449,
167,138845,437964,540588017,129657,129657,100070,22912,38439,17229,6577,6056860,747014,
168,140147,442336,550424696,130838,130838,101064,23460,38745,17391,6638,6110971,757176,
169,141449,446347,559114271,132011,132011,101937,23663,39172,17553,6682,6162744,763890,
170,142751,450339,567705120,133179,133179,102789,23857,39620,17715,6725,6215267,770080,
171,144054,454328,576471554,134347,134347,103665,24047,40045,17877,6769,6267896,776629,
172,145357,458323,585084409,135515,135515,104508,24243,40503,18039,6812,6320866,782519,
173,146659,462299,593944283,136681,136681,105362,24425,40949,18201,6855,6373797,788462,
174,147962,466284,603184065,137847,137847,106255,24615,41357,18363,6900,6426523,795079,
175,149265,470279,612340599,139013,139013,107122,24815,41791,18525,6943,6478931,801559,
176,150584,474255,622655831,140193,140193,108102,24950,42128,18689,7001,6533424,811552,
177,151903,478315,631619046,141373,141373,108933,25169,42614,18853,7044,6586245,817503,
178,153222,482339,640982983,142547,142547,109831,25364,43033,19017,7089,6638953,824409,
179,154541,486352,650365253,143714,143714,110727,25562,43454,19181,7133,6692259,830913,
180,155861,490360,659931291,144881,144881,111634,25754,43865,19345,7178,6745385,837731,
181,157180,494376,669306105,146043,146043,112493,25965,44323,19509,7221,6798784,843968,
182,158499,498365,679060050,147203,147203,113395,26153,44738,19673,7266,6852352,850273,
183,159819,502392,688484666,148363,148363,114233,26378,45218,19837,7308,6906089,856203,
184,161139,506342,698697100,149519,149519,115184,26534,45585,20001,7354,6958796,863786,
185,162471,510298,709597847,150690,150690,116189,26652,45910,20167,7414,7012146,874357,
186,163803,514348,719162248,151861,151861,117041,26864,46388,20333,7457,7065056,880692,
187,165135,518363,729098429,153032,153032,117953,27041,46806,20499,7502,7118782,887057,
188,166467,522374,739111814,154200,154200,118854,27220,47235,20665,7547,7172344,893937,
189,167799,526382,749124194,155363,155363,119739,27406,47680,20831,7591,7225453,900607,
190,169131,530363,759371740,156521,156521,120651,27575,48098,20997,7636,7279332,907480,
191,170463,534362,769607463,157678,157678,121545,27764,48534,21163,7681,7333470,913814,
192,171795,538369,779916899,158833,158833,122442,27965,48967,21329,7726,7387438,920493,
193,173127,542339,790629380,159982,159982,123376,28141,49363,21495,7771,7441085,927683,
194,174465,546271,801804665,161134,161134,124386,28267,49689,21661,7830,7494556,938688,
195,175801,550273,812137712,162282,162282,125297,28473,50112,21827,7875,7547675,945375,
196,177137,554278,822467365,163429,163429,126180,28684,50563,21993,7919,7601346,951981,
197,178474,558246,833200139,164578,164578,127136,28853,50942,22159,7966,7654242,959291,
198,179810,562233,843573564,165722,165722,128010,29052,51402,22325,8010,7708477,965433,
199,181146,566202,854371825,166868,166868,128935,29229,51811,22491,8055,7762628,972192,
200,182482,570168,865103830,168014,168014,129839,29403,52241,22657,8100,7816656,978885,
201,183818,574149,876022189,169159,169159,130741,29594,52673,22823,8145,7870351,985821,
202,185174,578127,888028128,170330,170330,131769,29707,52999,22992,8204,7925643,996363,
203,186530,582188,898670539,171498,171498,132668,29909,53454,23161,8249,7978831,1002896,
204,187886,586254,909483657,172668,172668,133573,30112,53903,23330,8294,8032962,1009641,
205,189242,590318,920426480,173836,173836,134484,30317,54346,23499,8339,8087190,1016468,
206,190598,594372,931454930,175004,175004,135393,30512,54791,23668,8384,8141819,1023366,
207,191954,598424,942505184,176171,176171,136295,30707,55243,23837,8429,8196675,1029774,
208,193310,602481,953584023,177339,177339,137205,30905,55687,24006,8474,8250801,1036355,
209,194667,606512,965169679,178509,178509,138165,31072,56082,24175,8520,8305231,1043248,
