Backup ID, Logical chunk num, Unique chunk num, Base chunk num, Delta chunk num, Logical chunk size, Unique chunk size, Base chunk size, Delta chunk size, LZ4_save size, Delta_save size, 
0,598076,118229,113268,4961,8588886016,1032135022,620527395,5631476,361034380,44941771
1,1195194,131087,123855,7232,17177772032,1171401480,672617340,9224179,419969722,69590239
2,1791173,149943,139237,10706,25766658048,1368358678,758025309,16906519,490482965,102943885
3,2386184,164814,151061,13753,34355544064,1528865472,818978905,23906765,553550981,132428821
4,2980525,182825,165585,17240,42944430080,1719207135,900350122,30235626,621414200,167207187
5,3572942,204438,183373,21065,51533316096,1951922178,995701556,39901604,715280701,201038317
6,4164755,221561,196832,24729,60122202112,2137587443,1067180978,45873509,786195806,238337150
7,4755932,242885,214397,28488,68711088128,2361052678,1165145530,54303101,869358698,272245349
8,5346585,262903,230443,32460,77299974144,2573569874,1251922150,62883108,950122946,308641670
9,5936829,281759,245394,36365,85888860160,2774054407,1332799128,71401420,1026097901,343755958
10,6526705,307464,266557,40907,94477746176,3045410776,1446038977,81346623,1136087159,381938017
11,7117376,326216,281519,44697,103066632192,3242865686,1528338290,88352087,1209891888,416283421
12,7708121,347836,299015,48821,111655518208,3473193093,1622717202,97534852,1300324588,452616451
13,8299588,374837,321457,53380,120244404224,3759205714,1745019160,104981831,1414424533,494780190
14,8891445,396422,338816,57606,128833290240,3992611430,1838965274,114382062,1506178640,533085454
15,9483489,417887,356020,61867,137422176256,4224877819,1930474967,121197443,1598975200,574230209
16,10077606,443648,377317,66331,146011062272,4498147302,2049269482,129826125,1703785611,615266084
17,10672558,470248,399398,70850,154599948288,4782863934,2169553558,139626347,1818112557,655571472
18,11268152,494813,419511,75302,163188834304,5047681626,2280031768,147866917,1922372616,697410325
19,11865051,517318,437940,79378,171777720320,5289461317,2380277174,157514932,2018952378,732716833
20,12462550,542802,458865,83937,180366606336,5563245113,2493478919,168574162,2129560607,771631425
21,13060779,568100,479489,88611,188955492352,5836765923,2605640254,175247505,2239263601,816614563
22,13661032,598836,505328,93508,197544378368,6163336318,2749252062,186213210,2368857888,859013158
23,14263100,625524,527492,98032,206133264384,6450494513,2870087252,198092577,2485113956,897200728
24,14866184,651870,549118,102752,214722150400,6735758417,2985798333,207052433,2602332467,940575184
25,15472152,686885,578864,108021,223311036416,7109281814,3149825369,226315819,2754710525,978430101
26,16079762,719004,606084,112920,231899922432,7452798290,3297936994,224438145,2897433690,1032989461
27,16689366,753044,634806,118238,240488808448,7818860463,3454895493,236258471,3048673104,1079033395
28,17301791,788203,664580,123623,249077694464,8196526159,3617493646,246595371,3205486259,1126950883
29,17916474,824183,695150,129033,257666580480,8581486572,3784530999,259951402,3366002909,1171001262
