Backup ID, FPindex, SFindex, Deltaindex
0,9458320,21500352,216928
1,10486960,23480768,344256
2,11995440,26430976,502176
3,13185120,28691008,638176
4,14626000,31475968,793504
5,16355040,34890048,958432
6,17724880,37472128,1120864
7,19430800,40843072,1282272
8,21032240,43918336,1458720
9,22540720,46785472,1631104
10,24597120,50846016,1828192
11,26097280,53716288,1995648
12,27826880,57074176,2179040
13,29986960,61380608,2377600
14,31713760,64712384,2567232
15,33430960,68013184,2760032
16,35491840,72100416,2957312
17,37619840,76337152,3158304
18,39585040,80196672,3357760
19,41385440,83733120,3539840
20,43424160,87748352,3743200
21,45448000,91705344,3956224
22,47906880,96664960,4176576
23,50041920,100915584,4379264
24,52149600,105065344,4591584
25,54950800,110774976,4828032
26,57520320,115999168,5044768
27,60243520,121511808,5284320
28,63056240,127225920,5523936
29,65934640,133093248,5764064
