Backup ID, Online Delta_save, Offline Delta_save, Offline delta time, Offline dedelta time, Offline delete time, Offline Delta chunk num
0,40081151,4860620,1972,1470,27,502
1,63159575,6430664,3567,2943,53,624
2,93440764,9503121,6704,5756,90,948
3,117573377,14855444,11848,10301,172,1547
4,140118887,27088300,18985,16369,290,2616
5,164453625,36584692,27979,24302,424,3677
6,188334000,50003150,38400,33602,584,4798
7,209958108,62287241,50517,44415,742,6102
8,232721486,75920184,64587,57018,936,7569
9,253440072,90315886,77609,68392,1141,9217
10,276191759,105746258,92673,81766,1379,10907
11,298210993,118072428,108368,96179,1589,12189
12,322897121,129719330,125424,111905,1817,13519
13,349262129,145518061,144881,129927,2078,14954
14,374055310,159030144,165623,149109,2340,16514
15,397385937,176844272,187950,169725,2605,18225
16,425321738,189944346,211452,191925,2874,19527
17,451827684,203743788,236786,215738,3177,21048
18,479406366,218003959,263772,241303,3474,22469
19,505472630,227244203,291013,267366,3759,23647
20,533096337,238535088,320651,295554,4089,25097
21,562528152,254086411,347054,320533,4389,26521
22,594392973,264620185,375221,347458,4738,27763
23,624154149,273046579,404911,375953,5044,28958
24,654535468,286039716,436807,406530,5401,30277
25,686789848,291640253,470568,438784,5754,31784
26,716827351,316162110,504667,471657,6089,33010
27,752114924,326918471,540882,506634,6460,34248
28,784799550,342151333,580092,544348,6868,35744
29,819283983,351717279,621032,584027,7242,37005
