BackupID, OnlineSpeed(MB/s), Encalve ProcessTime(s), BackupSize, OnlineSize, OfflineSize, OfflineTime(s)
0, 442.23, 18.522, 8588886016, 627887754, 626158871, 3.48098
1, 695.396, 11.7789, 8588886016, 682143906, 681841519, 1.59323
2, 696.772, 11.7556, 8588886016, 774794382, 774931828, 3.13256
3, 715.859, 11.4422, 8588886016, 842913380, 842885670, 5.01101
4, 672.074, 12.1877, 8588886016, 933366152, 930585748, 7.48605
5, 667.319, 12.2745, 8588886016, 1036081532, 1035603160, 9.03584
6, 695.733, 11.7732, 8588886016, 1117559785, 1113054487, 10.8187
7, 677.938, 12.0822, 8588886016, 1221064377, 1219448631, 12.159
8, 684.95, 11.9585, 8588886016, 1316975255, 1314805258, 14.5727
9, 663.005, 12.3544, 8588886016, 1406443207, 1404200548, 14.2065
10, 641.471, 12.7691, 8588886016, 1530244918, 1527385600, 16.2352
11, 676.297, 12.1115, 8588886016, 1619528382, 1616690377, 15.2032
12, 647.584, 12.6485, 8588886016, 1721746240, 1720252054, 16.6787
13, 631.83, 12.9639, 8588886016, 1855355639, 1850000991, 19.0454
14, 626.65, 13.0711, 8588886016, 1955183556, 1953347336, 20.1981
15, 639.785, 12.8027, 8588886016, 2056674360, 2051672410, 21.666
16, 622.44, 13.1595, 8588886016, 2182938540, 2179095607, 21.6866
17, 638.578, 12.8269, 8588886016, 2311733559, 2309179905, 23.8724
18, 618.3, 13.2476, 8588886016, 2432043353, 2427898685, 24.549
19, 650.965, 12.5829, 8588886016, 2538801967, 2537792106, 24.4635
20, 626.502, 13.0742, 8588886016, 2663392452, 2662053081, 27.2969
21, 625.956, 13.0856, 8588886016, 2786948918, 2780887759, 24.3246
22, 600.512, 13.64, 8588886016, 2937738886, 2935465272, 26.4258
23, 605.695, 13.5233, 8588886016, 3068305986, 3068179829, 26.7605
24, 614.291, 13.3341, 8588886016, 3196618962, 3192850766, 29.6563
25, 579.454, 14.1357, 8588886016, 3371560990, 3376141188, 30.4595
26, 587.957, 13.9313, 8588886016, 3538838220, 3522375139, 30.5307
27, 575.813, 14.2251, 8588886016, 3693616217, 3691153964, 32.7738
28, 575.855, 14.2241, 8588886016, 3868885930, 3864089017, 35.7058
29, 570.547, 14.3564, 8588886016, 4045477629, 4044482401, 35.5608
