Backup ID, Ecall, Inline_Ocall, Offline_Ocall, _Inline_FPOcall, _Inline_SFOcall, _Inline_LocalOcall, _Inline_LoadOcall, _Inline_DeltaOcall, _Inline_RecipeOcall, _Inline_Write_ContainerOcall, _inline_have_similar_chunk_num, _inline_need_load_container_num
0,4675,8547,31322,1143,1143,12,1004,4661,584,159,6574,1381,
1,9342,15070,59974,1693,1693,16,1179,9322,1167,175,9551,2230,
2,14001,21708,102514,2278,2278,25,1408,13970,1749,199,13025,3339,
3,18652,28308,183822,2860,2860,55,1614,18589,2330,217,16188,4600,
4,23298,34967,299651,3457,3457,107,1855,23181,2910,241,19676,6060,
5,27929,41698,434629,4097,4097,161,2099,27756,3488,268,23502,7597,
6,32555,48387,588616,4706,4706,222,2369,32319,4065,290,27167,9170,
7,37176,55187,749715,5354,5354,291,2677,36869,4642,318,30926,10800,
8,41793,62034,938910,6007,6007,368,3027,41407,5218,344,34927,12588,
9,46407,68881,1133464,6660,6660,458,3380,45929,5794,368,38841,14416,
10,51018,75886,1356994,7378,7378,557,3764,50439,6370,401,43389,16437,
11,55635,82755,1560996,8054,8054,635,4090,54976,6946,425,47179,18133,
12,60253,89772,1782678,8756,8756,717,4511,59510,7522,453,51303,20073,
13,64876,96916,2033807,9522,9522,803,4925,64045,8099,488,55862,22110,
14,69502,104017,2287980,10255,10255,899,5359,68573,8676,516,60088,24174,
15,74130,111236,2553101,11004,11004,1007,5876,73091,9254,543,64355,26407,
16,78774,118511,2823070,11796,11796,1083,6345,77657,9834,577,68820,28483,
17,83425,125853,3121881,12610,12610,1179,6829,82210,10415,611,73340,30756,
18,88081,133268,3421110,13426,13426,1270,7377,86773,10996,643,77792,33024,
19,92747,140574,3713234,14223,14223,1347,7843,91360,11578,672,81868,35057,
20,97417,148156,4047223,15093,15093,1449,8434,95926,12161,705,86430,37442,
21,102093,155878,4350380,16029,16029,1545,9026,100504,12745,737,91109,39879,
22,106785,163715,4689680,17015,17015,1637,9615,105102,13331,777,96006,42377,
23,111491,171614,5006375,18021,18021,1711,10211,109732,13918,811,100549,44668,
24,116205,179547,5365387,19026,19026,1809,10834,114346,14506,844,105269,47155,
25,120942,187699,5727973,20108,20108,1912,11496,118978,15097,890,110538,49948,
26,125691,196012,6079193,21291,21291,1994,12103,123643,15690,932,115437,52381,
27,130456,204505,6463339,22507,22507,2092,12806,128308,16285,976,120755,55195,
28,135243,213100,6878526,23772,23772,2201,13488,132984,16883,1022,126140,58030,
29,140048,221893,7278995,25105,25105,2295,14212,137693,17483,1069,131552,60885,
