Backup ID, Logical chunk num, Unique chunk num, Base chunk num, Delta chunk num, Logical chunk size, Unique chunk size, Base chunk size, Delta chunk size, LZ4_save size, Delta_save size, 
0,349658,181563,80152,101411,2869463040,1586581660,353680659,84533404,328395261,819972336
1,700527,225166,89230,135936,5748879360,2005085802,393032540,119096237,362663542,1130293483
2,1048641,266111,94126,171985,8606402560,2401076896,412462678,146875958,381177271,1460560989
3,1400928,309641,104384,205257,11506227200,2823542516,457797362,181240846,415138040,1769366268
4,1749773,350273,108705,241568,14379182080,3221877633,474235294,218968555,430820238,2097853546
5,2102412,391624,112893,278731,17284945920,3626123370,489904149,245420090,446293499,2444505632
6,2454706,434179,117264,316915,20191088640,4041790630,506770446,281275573,462698472,2791046139
7,2812109,475940,126826,349114,23129180160,4435403046,544880177,305857208,495887458,3088778203
8,3167314,516183,131021,385162,26049710080,4815972298,561666550,335522468,511630075,3407153205
9,3522400,556670,135549,421121,28969748480,5198324110,580322519,381035111,528970894,3707995586
10,3874982,595347,138643,456704,31867842560,5565605388,593140622,398865767,540690570,4032908429
11,4227381,634533,142229,492304,34764001280,5937267741,608457371,425557115,554676478,4348576777
12,4585507,676861,146511,530350,37705349120,6332317969,625381819,447427023,569668799,4689840328
13,4940662,717180,149868,567312,40626268160,6713959396,638832561,495397920,582302057,4997426858
14,5298219,756126,152498,603628,43568435200,7082753289,649270871,524353607,592072358,5317056453
15,5655036,794396,154982,639414,46505267200,7445443641,659674933,578854168,601701729,5605212811
16,6017260,834554,159669,674885,49483950080,7823476615,678398337,569196400,619144537,5956737341
17,6381829,874758,163646,711112,52483553280,8201432140,694414795,617649887,633762039,6255605419
18,6746630,914145,166291,747854,55485675520,8572341154,705266757,623572480,644125959,6599375958
19,7108426,954067,170104,783963,58467983360,8948973987,721432776,668181459,658531959,6900827793
20,7464498,993174,172744,820430,61400565760,9319044274,731492505,693873940,668372665,7225305164
21,7815621,1032218,176558,855660,64291246080,9690481972,747083161,717418215,682447829,7543532767
22,8163270,1070694,178987,891707,67153766400,10057353438,756930695,745889063,692046264,7862487416
23,8509462,1109121,181450,927671,70005688320,10423757412,766768676,766142274,701567781,8189278681
24,8857126,1147034,183419,963615,72872611840,10785938053,774647003,832358044,708951865,8469981141
25,9205823,1184724,185269,999455,75747768320,11145427019,782174472,851188688,715974938,8796088921
26,9553238,1223126,187555,1035571,78613667840,11511966758,791369616,861351116,724745955,9134500071
27,9900471,1260887,189656,1071231,81478348800,11872768927,799810447,898276518,733076961,9441605001
28,10248239,1299161,191920,1107241,84350238720,12237946237,808986163,918211287,741800687,9768948100
29,10596588,1337206,194219,1142987,87226378240,12600596594,818416140,946045138,750565657,10085569659
30,10946481,1375853,196894,1178959,90117150720,12968055455,829912344,958788641,761173559,10418180911
31,11291923,1413211,198769,1214442,92970352640,13325556050,837793521,1005845153,768476547,10713440829
32,11633491,1450134,200276,1249858,95788369920,13679895037,844065635,1034388965,774432490,11027007947
33,11980449,1491772,202865,1288907,98655385600,14076093037,854130627,1062796406,783927854,11375238150
34,12328874,1532659,205761,1326898,101536942080,14465034928,865578253,1077819760,794560666,11727076249
35,12678852,1573224,209574,1363650,104431165440,14850849290,880748801,1130680624,808405299,12031014566
36,13027926,1613137,212989,1400148,107317770240,15231135114,895245095,1181656780,821346745,12332886494
37,13379379,1652971,215901,1437070,110227466240,15609136396,907233010,1160530319,832643451,12708729616
38,13728163,1691563,218339,1473224,113113917440,15977195134,917056741,1238906347,841577938,12979654108
39,14076885,1730035,220616,1509419,116000757760,16345283035,925795422,1232016967,850028908,13337441738
40,14428208,1769259,223134,1546125,118909593600,16718145370,935515777,1257447811,859532395,13665649387
41,14776888,1807925,225507,1582418,121795717120,17086806716,945017409,1282087631,868721941,13990979735
42,15125521,1846954,228202,1618752,124680949760,17458129194,956352264,1310744120,879175319,14311857491
43,15474430,1885464,230765,1654699,127569377280,17824633621,966285428,1350183877,888695163,14619469153
44,15821608,1923538,232986,1690552,130441646080,18187892099,975830131,1361651430,897320105,14953090433
45,16170670,1961503,234850,1726653,133332664320,18550291606,983482538,1399368991,904589036,15262851041
46,16521828,1999608,236829,1762779,136244039680,18912830265,991207475,1438302741,911989612,15571330437
47,16873063,2038050,239153,1798897,139155404800,19278065298,999595232,1491152860,920614772,15866702434
48,17225102,2076957,241566,1835391,142071173120,19646653058,1009068169,1499160235,929855363,16208569291
49,17574419,2115318,243751,1871567,144962355200,20012221789,1018037697,1516130153,938400023,16539653916
50,17926301,2154337,246242,1908095,147876433920,20382505558,1028046316,1534954090,948045005,16871460147
51,18271894,2192243,248515,1943728,150738626560,20744929295,1037352279,1584130660,956649921,17166796435
52,18617702,2229865,250498,1979367,153603604480,21104158522,1045496105,1601482444,964171243,17493008730
53,18965640,2267172,252628,2014544,156488765440,21459879139,1054591415,1619229488,972445176,17813613060
54,19314713,2305354,254534,2050820,159383644160,21823151729,1061763144,1667401922,979598481,18114388182
55,19663418,2344057,256833,2087224,162274867200,22191381180,1071070913,1687331292,988566415,18444412560
56,20013675,2383448,259377,2124071,165181665280,22565614286,1081696910,1702915124,998847427,18782154825
57,20362245,2421236,261198,2160038,168073625600,22926259665,1088851121,1730579335,1005850958,19100978251
58,20711122,2460140,263382,2196758,170970521600,23297321455,1097627267,1768688866,1014401527,19416603795
59,21060301,2497568,265706,2231862,173870110720,23653978445,1107780724,1791320041,1023734109,19731143571
60,21409582,2535174,267195,2267979,176770754560,24012391341,1113323241,1862418775,1029354163,20007295162
61,21758839,2573456,269518,2303938,179671726080,24376710915,1122632873,1874955316,1038391047,20340731679
62,22110179,2612534,271971,2340563,182588170240,24746247844,1132056944,1899269089,1047720097,20667201714
63,22458283,2651107,274353,2376754,185476454400,25113522953,1142089670,1894324764,1057265730,21019842789
64,22807536,2689545,276573,2412972,188373995520,25479224907,1151596943,1943274105,1066193228,21318160631
65,23153242,2727239,278253,2448986,191239946240,25840016130,1158555173,1954514084,1072769358,21654177515
66,23501375,2764639,279626,2485013,194128947200,26197711913,1163929307,1990729330,1078017833,21965035443
67,23849800,2802055,280908,2521147,197020743680,26555483219,1168600882,2022539599,1082850391,22281492347
68,24197521,2840113,282831,2557282,199907051520,26919495546,1176687018,2092811005,1090651775,22559345748
69,24546857,2878491,284817,2593674,202809763840,27285992635,1184903019,2087164133,1098821799,22915103684
70,24897909,2916854,287027,2629827,205728215040,27651087447,1194638566,2109730166,1107724205,23238994510
71,25251386,2955664,289375,2666289,208668569600,28019890005,1204331643,2141657824,1117071980,23556828558
72,25602695,2993999,291138,2702861,211589539840,28385267946,1211387171,2154266508,1123882118,23895732149
73,25952879,3031642,292789,2738853,214500464640,28744357655,1217677198,2175061641,1129945032,24221673784
74,26306780,3069665,294658,2775007,217447301120,29106010902,1225054715,2187244016,1137108256,24556603915
75,26661969,3108343,297743,2810600,220407265280,29473586437,1238163170,2283095173,1148828618,24803499476
76,27016854,3147052,299698,2847354,223364904960,29841213287,1246048291,2315638404,1156641987,25122884605
77,27372834,3185939,301520,2884419,226333276160,30210618529,1253319730,2317939979,1164073641,25475285179
78,27727488,3224888,303675,2921213,229288622080,30580456393,1261921319,2368233624,1172362565,25777938885
79,28083712,3263563,305830,2957733,232259921920,30947402258,1269981102,2407335781,1180530019,26089555356
80,28435875,3301590,307658,2993932,235194050560,31309801095,1277065900,2388576793,1187428786,26456729616
81,28788926,3339470,309370,3030100,238136698880,31670932755,1284252527,2411556989,1194055319,26781067920
82,29143842,3378802,312487,3066315,241094256640,32043527381,1297501563,2455679854,1205419442,27084926522
83,29499437,3417432,314437,3102995,244057620480,32411265351,1305502513,2497484612,1213236832,27395041394
84,29855034,3456001,316357,3139644,247020236800,32778427332,1313384887,2500231455,1220847097,27743963893
