Backup ID, FPindex, SFindex, Deltaindex
0,14525040,13588416,3545568
1,18013280,15174208,4822784
2,21288880,16028800,6098048
3,24771280,17901120,7196320
4,28021840,18674304,8531936
5,31329920,19420224,9780064
6,34734320,20177472,11047040
7,38075200,21639616,12124448
8,41294640,22386432,13396224
9,44533600,23121152,14608608
10,47627760,23618176,15807328
11,50762640,24188800,16995616
12,54148880,24931136,18259104
13,57374400,25506112,19486496
14,60490080,25950592,20693440
15,63551680,26319808,21881280
16,66764320,26973120,23068192
17,69980640,27539584,24275072
18,73131600,27936640,25497696
19,76325360,28453632,26694816
20,79453920,28883008,27900640
21,82577440,29405888,29066432
22,85655520,29785024,30252672
23,88729680,30173632,31435776
24,91762720,30483328,32619072
25,94777920,30768256,33793792
26,97850080,31135488,34980672
27,100870960,31462528,36148160
28,103932880,31819392,37327168
29,106976480,32137792,38497024
30,110068240,32521216,39680384
31,113056880,32784896,40843520
32,116010720,33022016,41998976
33,119341760,33415872,43292544
34,122612720,33870016,44547392
35,125857920,34405504,45772384
36,129050960,34873600,46990688
37,132237680,35314880,48215776
38,135325040,35694592,49412096
39,138402800,36057472,50606880
40,141540720,36445312,51818720
41,144634000,36828864,53017408
42,147756320,37234304,54218528
43,150837120,37637440,55405088
44,153883040,37970112,56588864
45,156920240,38267712,57776704
46,159968640,38576448,58961952
47,163044000,38965888,60150144
48,166156560,39347072,61348832
49,169225440,39685888,62543744
50,172346960,40075968,63749280
51,175379440,40417792,64921600
52,178389200,40719552,66094432
53,181373760,41030080,67251680
54,184428320,41352768,68439840
55,187524560,41735104,69630720
56,190675840,42128576,70837888
57,193698880,42414208,72018272
58,196811200,42764800,73220384
59,199805440,43089728,74377824
60,202813920,43335424,75558112
61,205876480,43673152,76732992
62,209002720,44071104,77936320
63,212088560,44415552,79117728
64,215163600,44739840,80302336
65,218179120,45005696,81478656
66,221171120,45229056,82654432
67,224164400,45445696,83831712
68,227209040,45750464,85009664
69,230279280,46045440,86196864
70,233348320,46345984,87377344
71,236453120,46691456,88567840
72,239519920,46976512,89763808
73,242531360,47235968,90937824
74,245573200,47526848,92117152
75,248667440,47923008,93285120
76,251764160,48224320,94484928
77,254875120,48521600,95692672
78,257991040,48857856,96894592
79,261085040,49201600,98088672
80,264127200,49470592,99271872
81,267157600,49704192,100451104
82,270304160,50137664,101638912
83,273394560,50423424,102837696
84,276480080,50727232,104034400
