Backup ID, Online Delta_save, Offline Delta_save, Offline delta time, Offline dedelta time, Offline delete time, Offline Delta chunk num
0,259822025,560150311,99771,30890,182,68881
1,549221518,581071965,145765,74056,329,71709
2,873890715,586670274,168161,96368,410,71793
3,1178814621,590551647,225976,153510,568,72466
4,1504213718,593639828,301642,228167,760,73475
5,1838655825,605849807,387925,313751,966,74174
6,2170089656,620956483,500821,424556,1211,76265
7,2454307918,634470285,578085,500935,1462,77150
8,2763866910,643286295,680345,602109,1727,78236
9,3073561260,634434326,784909,705734,2008,79175
10,3379690962,653217467,914264,834266,2321,79998
11,3685010369,663566408,1035170,954082,2658,81088
12,4008257448,681582880,1184990,1102682,3023,82308
13,4325232083,672194775,1313675,1230147,3385,83528
14,4634592965,682463488,1478949,1394264,3790,84685
15,4939580004,665632807,1618908,1533237,4164,85671
16,5236353734,720383607,1758280,1671110,4570,87170
17,5542954521,712650898,1919565,1831193,5030,88372
18,5851719251,747656707,2118660,2028791,5526,89869
19,6157857965,742969828,2244559,2153440,5949,91119
20,6468260764,757044400,2446676,2354203,6467,92473
21,6765826263,777706504,2623202,2529114,6989,94088
22,7077601300,784886116,2813407,2718359,7504,95048
23,7389439551,799839130,2988603,2892635,7995,95968
24,7700726566,769254575,3188985,3091962,8558,97023
25,8011024148,785064773,3375304,3277523,9064,97781
26,8322962646,811537425,3543927,3445155,9578,98772
27,8630729983,810875018,3781063,3681205,10134,99858
28,8941729625,827218475,3980590,3879637,10724,100953
29,9247153713,838415946,4218868,4116486,11368,102382
30,9555152336,863028575,4462506,4358815,12020,103691
31,9864493633,848947196,4707868,4603319,12682,104549
32,10171641648,855366299,4918613,4813074,13302,105539
33,10483551575,891686575,5294308,5184955,14191,109353
34,10804786082,922290167,5562345,5451198,14938,111147
35,11108601185,922413381,5859359,5745528,15792,113831
36,11412599895,920286599,6109361,5993504,16580,115857
37,11716897339,991832277,6439170,6320745,17476,118425
38,12031327958,948326150,6715232,6595873,18201,119359
39,12342038061,995403677,6991357,6870623,19027,120734
40,12644594825,1021054562,7294720,7171387,19862,123333
41,12958064131,1032915604,7594807,7470397,20646,124410
42,13269041148,1042816343,7843781,7718023,21430,125758
43,13577855303,1041613850,8140003,8013108,22236,126895
44,13885432313,1067658120,8425748,8297661,23056,128087
45,14197024029,1065827012,8605965,8476755,23845,129210
46,14509210144,1062120293,8868674,8738446,24567,130228
47,14822676080,1044026354,9169120,9037884,25393,131236
48,15132886446,1075682845,9484728,9352099,26331,132629
49,15443301802,1096352114,9794596,9660765,27193,133831
50,15755025259,1116434888,10151113,10015940,28110,135173
51,16058971502,1107824933,10605908,10469066,29101,136842
52,16363090071,1129918659,10941886,10803616,30019,138270
53,16671276398,1142336662,11260656,11121847,30744,138809
54,16983960685,1130427497,11597091,11457038,31653,140053
55,17293651261,1150761299,12011072,11869469,32668,141603
56,17607329829,1174824996,12363613,12220560,33636,143053
57,17918948847,1182029404,12685136,12541097,34512,144039
58,18233904250,1182699545,13003401,12857988,35468,145413
59,18542124529,1189019042,13207721,13061782,36248,145939
60,18854556362,1152738800,13541023,13394102,37149,146921
61,19164669906,1176061773,13825213,13677268,37923,147945
62,19476559054,1190642660,14215660,14066329,38904,149331
63,19791450121,1228392668,14563760,14413602,39857,150158
64,20102292958,1215867673,14860878,14709446,40846,151432
65,20417263845,1236913670,15160211,15008066,41760,152145
66,20733229011,1231806432,15373549,15220686,42457,152863
67,21048346662,1233145685,15705429,15551745,43324,153684
68,21364834355,1194511393,15989902,15835497,44144,154405
69,21673649735,1241453949,16403401,16247299,45254,156102
70,21985581470,1253413040,16758630,16601560,46276,157070
71,22301732396,1255096162,17063548,16905621,47284,157927
72,22615696460,1280035689,17443068,17283818,48325,159250
73,22928963912,1292709872,17926120,17765928,49427,160192
74,23244414936,1312188979,18187621,18026587,50393,161034
75,23544235424,1259264052,18677672,18515009,51476,162663
76,23856323489,1266561116,19035065,18870914,52559,164151
77,24175885568,1299399611,19550394,19385337,53674,165057
78,24495330540,1282608345,19965905,19799960,54690,165945
79,24809048855,1280506501,20318743,20151572,55745,167171
80,25123613348,1333116268,20660800,20492804,56737,167996
81,25437380851,1343687069,21011731,20842860,57911,168871
82,25740927610,1343998912,21382085,21211298,59228,170787
83,26051340807,1343700587,21799155,21626702,60364,172453
84,26367392438,1376571455,22105134,21931586,61304,173548
