BackupID, OnlineSpeed(MB/s), Encalve ProcessTime(s), BackupSize, OnlineSize, OfflineSize, OfflineTime(s)
0, 118.382, 23.1161, 2869463040, 709429453, 438214063, 151.502
1, 151.885, 18.0797, 2879416320, 521437696, 512128777, 40.0994
2, 169.43, 16.0842, 2857523200, 564606510, 559338636, 17.8817
3, 138.694, 19.9395, 2899824640, 640023208, 639038208, 42.3411
4, 139.357, 19.6607, 2872954880, 692050123, 693203849, 56.5352
5, 137.918, 20.0927, 2905763840, 744596794, 735324239, 62.7262
6, 135.748, 20.4166, 2906142720, 793950410, 788046019, 83.2606
7, 134.947, 20.7635, 2938091520, 860419204, 850737385, 57.6206
8, 132.302, 21.0521, 2920529920, 901433102, 897189018, 74.2581
9, 130.646, 21.3154, 2920038400, 948567469, 961357630, 78.1981
10, 127.305, 21.7104, 2898094080, 1007451574, 992006389, 94.1483
11, 133.694, 20.659, 2896158720, 1039935718, 1034014486, 88.3077
12, 120.643, 23.2511, 2941347840, 1085505283, 1072808842, 108.863
13, 125.971, 22.113, 2920919040, 1119622406, 1134230481, 94.2738
14, 124.728, 22.4959, 2942167040, 1179056653, 1173624478, 116.138
15, 129.487, 21.6298, 2936832000, 1217604815, 1238529101, 103.056
16, 125.958, 22.5528, 2978682880, 1295559388, 1247594737, 101.059
17, 125.259, 22.8378, 2999603200, 1299030644, 1312064682, 112.922
18, 119.62, 23.9345, 3002122240, 1357808070, 1328839237, 139.4
19, 126.426, 22.4965, 2982307840, 1379372704, 1389614235, 93.2223
20, 116.066, 24.096, 2932582400, 1433602884, 1425366445, 142.647
21, 120.556, 22.8672, 2890680320, 1477796964, 1464501376, 129.884
22, 116.698, 23.3929, 2862520320, 1505781479, 1502819758, 136.887
23, 120.417, 22.5866, 2851921920, 1543963248, 1532910950, 125.217
24, 119.519, 22.876, 2866923520, 1571665369, 1607005047, 144.168
25, 117.708, 23.2946, 2875156480, 1645884466, 1633363160, 136.057
26, 123.46, 22.1378, 2865899520, 1674638289, 1652720732, 121.622
27, 118.032, 23.1461, 2864680960, 1692589420, 1698086965, 168.38
28, 118.017, 23.2072, 2871889920, 1738842680, 1727197450, 144.063
29, 119.948, 22.8674, 2876139520, 1769425020, 1764461278, 167.839
30, 120.061, 22.9621, 2890772480, 1807899268, 1788700985, 172.47
31, 116.176, 23.4215, 2853201920, 1825987663, 1843638674, 173.414
32, 116.228, 23.1224, 2818017280, 1880322443, 1878454600, 151.6
33, 114.818, 23.8133, 2867015680, 1937591707, 1916927033, 260.048
34, 121.335, 22.6486, 2881556480, 1966061247, 1943398013, 194.71
35, 116.41, 23.7106, 2894223360, 2000300928, 2011429425, 214.834
36, 123.209, 22.3432, 2886604800, 2065993861, 2076901875, 180.817
37, 110.878, 25.0266, 2909696000, 2128358211, 2067763329, 230.252
38, 117.815, 23.3648, 2886451200, 2108333256, 2155963088, 192.62
39, 116.003, 23.7331, 2886840320, 2199065469, 2157812389, 194.333
40, 117.974, 23.5144, 2908835840, 2207221586, 2192963588, 214.891
41, 114.804, 23.9751, 2886123520, 2234413875, 2227105040, 215.604
42, 119.249, 23.0742, 2885232640, 2271167985, 2267096384, 179.21
43, 113.017, 24.3735, 2888427520, 2310506820, 2316469305, 210.023
44, 112.474, 24.3541, 2872268800, 2358434873, 2337481561, 203.824
45, 114.275, 24.1268, 2891018240, 2376028853, 2382851529, 129.545
46, 113.082, 24.5529, 2911375360, 2421431666, 2429510216, 190.996
47, 113.609, 24.4391, 2911365120, 2468311481, 2490748092, 211.669
48, 111.671, 24.9007, 2915768320, 2534210329, 2508228404, 220.482
49, 113.478, 24.2976, 2891182080, 2549833251, 2534167850, 220.965
50, 112.872, 24.6216, 2914078720, 2577443857, 2563000406, 252.465
51, 112.026, 24.3658, 2862192640, 2605754708, 2621482939, 316.743
52, 114.952, 23.7687, 2864977920, 2663082218, 2646978549, 238.701
53, 115.216, 23.8813, 2885160960, 2683872339, 2673820903, 227.789
54, 112.547, 24.5299, 2894878720, 2712104569, 2729165066, 242.425
55, 111.143, 24.8085, 2891223040, 2772315675, 2758402205, 291.353
56, 112.253, 24.6954, 2906798080, 2802042324, 2784612034, 254.856
57, 111.665, 24.6988, 2891960320, 2822370393, 2819430456, 229.369
58, 115.356, 23.9492, 2896896000, 2861052831, 2866316133, 225.186
59, 111.91, 24.7098, 2899589120, 2903063841, 2899100765, 149.794
60, 108.921, 25.3971, 2900643840, 2934935274, 2975742016, 237.501
61, 113.723, 24.3273, 2900971520, 3016246188, 2997588189, 201.296
62, 106.996, 25.9947, 2916444160, 3040104533, 3031326033, 273.797
63, 112.39, 24.5083, 2888284160, 3070681996, 3036414434, 251.244
64, 113.861, 24.2692, 2897541120, 3076931819, 3094871048, 214.479
65, 109.507, 24.959, 2865950720, 3131115543, 3113069257, 215.828
66, 112.125, 24.5724, 2889000960, 3146163534, 3154658637, 157.649
67, 108.824, 25.3421, 2891796480, 3188732187, 3191140481, 239.466
68, 114.226, 24.0978, 2886307840, 3227588307, 3269498023, 206.856
69, 106.6, 25.9685, 2902712320, 3311552811, 3272067152, 291.366
70, 109.315, 25.4609, 2918451200, 3312310575, 3304368732, 251.6
71, 110.008, 25.4903, 2940354560, 3344062851, 3345989467, 222.761
72, 109.041, 25.5468, 2920970240, 3384843651, 3365653679, 272.275
73, 109.261, 25.4077, 2910924800, 3401317413, 3392738839, 339.555
74, 113.292, 24.806, 2946836480, 3428049455, 3412298731, 189.792
75, 109.375, 25.8088, 2959964160, 3460868770, 3521258343, 350.579
76, 107.89, 26.1435, 2957639680, 3562542637, 3561686695, 255.208
77, 109.029, 25.9642, 2968371200, 3600256460, 3571259709, 364.352
78, 111.595, 25.2559, 2955345920, 3609265608, 3630154943, 294.687
79, 109.172, 25.9559, 2971299840, 3669601241, 3677316883, 253.099
80, 109.348, 25.5899, 2934128640, 3714376986, 3665642693, 244.072
81, 109.572, 25.6117, 2942648320, 3702801241, 3695809516, 246.551
82, 112.48, 25.0759, 2957557760, 3745107305, 3753181417, 264.176
83, 106.718, 26.4818, 2963363840, 3795421111, 3802987125, 293.486
84, 111.258, 25.3948, 2962616320, 3841327628, 3813616342, 217.448
