Backup ID, Ecall, Inline_Ocall, Offline_Ocall, _Inline_FPOcall, _Inline_SFOcall, _Inline_LocalOcall, _Inline_LoadOcall, _Inline_DeltaOcall, _Inline_RecipeOcall, _Inline_Write_ContainerOcall, _inline_have_similar_chunk_num, _inline_need_load_container_num
0,2734,15407,567175,2732,2732,1607,6870,1125,341,183,110300,35020,
1,5478,32840,911903,5474,5474,1716,15735,3758,683,207,146008,53471,
2,8200,47972,1156120,8194,8194,1721,22368,6473,1022,224,182689,69788,
3,10955,66081,1590074,10947,10947,1748,31874,9199,1366,247,216576,87838,
4,13683,84023,2121423,13673,13673,1784,41298,11889,1706,263,253226,106256,
5,16440,102264,2710974,16428,16428,1813,50930,14615,2050,279,290782,125248,
6,19195,120767,3433695,19181,19181,1883,60830,17298,2394,297,329431,144703,
7,21990,141478,4049707,21974,21974,1912,72813,20062,2743,318,363842,163164,
8,24768,160749,4773844,24750,24750,1956,83410,22794,3089,334,400238,182692,
9,27545,180602,5533604,27525,27525,1992,94592,25533,3435,350,437084,202351,
10,30302,200502,6407032,30280,30280,2032,105883,28248,3779,365,473269,222036,
11,33058,219794,7291196,33034,33034,2073,116569,30961,4123,380,509632,241485,
12,35858,241047,8297640,35832,35832,2120,129079,33712,4472,396,548185,262054,
13,38635,261109,9252470,38607,38607,2160,140470,36447,4818,411,585579,281859,
14,41431,281439,10362617,41401,41401,2212,152069,39189,5167,426,622266,302141,
15,44221,301605,11384603,44189,44189,2259,163523,41930,5515,441,658628,322076,
16,47053,323091,12430737,47019,47019,2315,176166,44704,5868,458,695580,342109,
17,49904,344848,13619569,49868,49868,2366,189020,47502,6224,474,733008,362624,
18,52757,367055,14962745,52718,52718,2444,202320,50275,6580,488,770360,384164,
19,55586,388553,15992860,55545,55545,2487,214984,53059,6933,504,807734,404301,
20,58370,410765,17383204,58327,58327,2544,228503,55784,7280,518,844622,425590,
21,61116,432500,18705120,61071,61071,2597,241664,58475,7622,535,880989,445822,
22,63835,454293,20083123,63787,63787,2639,254969,61150,7961,548,917545,466223,
23,66542,475351,21380061,66492,66492,2671,267574,63823,8299,561,953981,486274,
24,69261,496324,22838207,69209,69209,2717,280057,66494,8638,574,990290,506201,
25,71988,517856,24204084,71934,71934,2748,293074,69188,8978,586,1026576,526661,
26,74705,538409,25522661,74649,74649,2780,305143,71871,9317,599,1063101,546020,
27,77420,559990,27125264,77362,77362,2823,318246,74541,9656,612,1099181,566449,
28,80139,581434,28654999,80079,80079,2859,331200,77222,9995,625,1135670,586479,
29,82863,602867,30367796,82801,82801,2910,344127,79893,10335,639,1172100,606613,
30,85599,624629,32115137,85535,85535,2960,357346,82577,10676,653,1208829,626625,
31,88300,646381,33890056,88234,88234,3000,370664,85236,11013,666,1244831,647082,
32,90971,667567,35518416,90903,90903,3034,383510,87871,11346,678,1280526,666981,
33,93684,689182,37904794,93614,93614,3218,396654,90398,11684,696,1319976,688703,
34,96409,710293,39848394,96337,96337,3288,409256,93051,12024,712,1358535,709243,
35,99146,732411,41975740,99072,99072,3415,422828,95659,12365,729,1396264,730360,
36,101876,753613,43907739,101800,101800,3493,435506,98309,12705,746,1433789,750640,
37,104624,776915,46181095,104546,104546,3609,450227,100939,13048,762,1471292,772862,
38,107351,798773,48147570,107271,107271,3645,463570,103628,13388,775,1508036,793346,
39,110078,820627,50186297,109996,109996,3713,476909,106285,13728,789,1544643,814149,
40,112825,842570,52315923,112741,112741,3824,490274,108919,14071,805,1581827,835331,
41,115552,864678,54404689,115466,115466,3876,503867,111592,14411,819,1618555,855884,
42,118278,886233,56339347,118190,118190,3922,516910,114270,14751,833,1655594,875850,
43,121006,908927,58447330,120916,120916,3976,531086,116942,15091,847,1692002,896885,
44,123721,931491,60541974,123629,123629,4026,545172,119605,15430,861,1728412,917568,
45,126451,953789,62253809,126357,126357,4066,558946,122293,15770,874,1764865,938065,
46,129197,976551,64173598,129101,129101,4104,573134,124999,16112,887,1801421,958980,
47,131944,999158,66342330,131846,131846,4143,587163,127705,16455,900,1837870,979751,
48,134697,1022041,68665371,134597,134597,4202,601450,130397,16798,914,1874857,1000744,
49,137429,1044603,70927457,137327,137327,4254,615481,133075,17139,927,1911518,1021530,
50,140181,1067427,73417396,140077,140077,4306,629712,135773,17482,941,1948546,1042400,
51,142883,1090040,76316351,142777,142777,4376,643888,138403,17819,955,1984698,1063263,
52,145587,1111994,78715551,145479,145479,4435,657399,141046,18156,969,2020798,1083813,
53,148308,1134251,80882583,148198,148198,4459,671160,143741,18495,982,2056583,1103808,
54,151038,1156479,83282574,150926,150926,4507,684864,146421,18835,995,2093082,1124195,
55,153765,1179289,86064300,153651,153651,4570,699159,149083,19175,1009,2129796,1145142,
56,156504,1202057,88592396,156388,156388,4625,713374,151765,19517,1023,2167137,1165808,
57,159230,1224883,90930168,159112,159112,4669,727688,154445,19857,1036,2203483,1186606,
58,161958,1246804,93341181,161838,161838,4718,741091,157122,20197,1050,2240571,1206549,
59,164688,1269834,95151463,164566,164566,4742,755597,159826,20537,1063,2276418,1226978,
60,167419,1292947,97588044,167295,167295,4782,770182,162515,20878,1075,2312744,1247995,
61,170150,1315618,99721294,170024,170024,4813,784325,165213,21219,1088,2349324,1268227,
62,172897,1339482,102414624,172769,172769,4867,799611,167904,21562,1102,2386327,1289819,
63,175619,1362247,104974195,175489,175489,4903,813877,170588,21901,1115,2423165,1310071,
64,178350,1384815,107385013,178218,178218,4953,827917,173267,22242,1129,2459949,1330524,
65,181053,1407768,109731492,180919,180919,4982,842430,175939,22579,1141,2496341,1351111,
66,183775,1430327,111545357,183639,183639,5004,856490,178637,22918,1153,2532616,1371258,
67,186500,1453494,113940133,186362,186362,5036,871148,181328,23258,1165,2568895,1392134,
68,189219,1475906,116132844,189079,189079,5061,885070,184020,23597,1178,2605426,1412303,
69,191951,1499590,119078809,191809,191809,5129,900223,186682,23938,1192,2642235,1433670,
70,194696,1523674,121750282,194552,194552,5172,915736,189382,24280,1205,2679072,1455094,
71,197460,1546984,124246897,197314,197314,5209,930415,192107,24625,1218,2716167,1476038,
72,200207,1570336,127025412,200059,200059,5256,945189,194805,24968,1231,2753000,1497125,
73,202945,1593738,130274237,202795,202795,5295,960042,197502,25309,1243,2789309,1517955,
74,205712,1616634,132567606,205560,205560,5324,974298,200238,25654,1255,2825831,1538236,
75,208489,1640615,135825572,208335,208335,5375,989608,202962,26000,1270,2862517,1559336,
76,211264,1664752,138593500,211108,211108,5429,1005080,205681,26346,1284,2899698,1580803,
77,214048,1688835,141993023,213890,213890,5469,1020470,208423,26693,1297,2937035,1601980,
78,216821,1711999,144942455,216661,216661,5499,1034975,211164,27039,1310,2974285,1622261,
79,219606,1735754,147643943,219444,219444,5537,1050034,213909,27386,1323,3011183,1643454,
80,222360,1759386,150270765,222196,222196,5570,1065067,216628,27729,1335,3047824,1664372,
81,225121,1783039,153121792,224955,224955,5613,1080099,219344,28073,1348,3084519,1685532,
82,227896,1806271,156181030,227728,227728,5681,1094666,222049,28419,1363,3121605,1706515,
83,230677,1830693,159263513,230507,230507,5751,1110404,224758,28766,1377,3158732,1728362,
84,233458,1854219,161731368,233286,233286,5787,1125246,227501,29113,1390,3195806,1749044,
